period_begin,period_end,region,property_type,median_sale_price,median_list_price,median_ppsf,homes_sold,new_listings,inventory,avg_sale_to_list,sold_above_list
2018-03-01,2018-05-31,Zip Code: 98121,All Residential,667500.0,625000.0,860.1215264632392,98.0,145.0,52.0,1.0375498560743803,0.5204081632653061
2014-05-01,2014-07-31,Zip Code: 98103,All Residential,539000.0,535000.0,318.69565217391306,244.0,283.0,89.0,1.030419694775278,0.5450819672131147
2014-09-01,2014-11-30,Zip Code: 98175,Townhouse,360000.0,,260.6806661839247,1.0,,,0.9863013698630136,0.0
2013-11-01,2014-01-31,Zip Code: 98103,Multi-Family (2-4 Unit),570500.0,850000.0,244.88291719565524,2.0,1.0,4.0,0.9694712800359632,0.0
2018-09-01,2018-11-30,Zip Code: 98122,Townhouse,742500.0,749000.0,546.1051684911436,34.0,46.0,18.0,0.9892494902192694,0.088235294117647
2022-01-01,2022-03-31,Zip Code: 98103,Townhouse,759950.0,792475.0,642.8947368421053,135.0,112.0,10.0,1.0334726663193126,0.3925925925925926
2020-07-01,2020-09-30,Zip Code: 98103,Condo/Co-op,403750.0,415000.0,567.7268967591549,52.0,80.0,44.0,1.0097263887107335,0.3269230769230769
2012-07-01,2012-09-30,Zip Code: 98103,Townhouse,363000.0,386000.0,259.3984962406015,37.0,41.0,17.0,0.9953330072421356,0.2702702702702702
2014-04-01,2014-06-30,Zip Code: 98103,Single Family Residential,585000.0,615000.0,319.57509881422925,105.0,151.0,36.0,1.0502476484895291,0.619047619047619
2023-10-01,2023-12-31,Zip Code: 98121,All Residential,700000.0,589975.0,750.7507507507507,57.0,64.0,68.0,0.9770262866731912,0.0526315789473684
2023-12-01,2024-02-29,Zip Code: 98103,All Residential,850000.0,825000.0,592.7835051546392,143.0,149.0,47.0,1.000987712695895,0.2377622377622377
2022-11-01,2023-01-31,Zip Code: 98103,All Residential,905000.0,845000.0,587.5480807181968,114.0,111.0,53.0,0.986612854640864,0.1929824561403508
2019-10-01,2019-12-31,Zip Code: 98121,All Residential,600000.0,615000.0,711.9386637458928,81.0,63.0,48.0,0.9715269743378993,0.0246913580246913
2018-11-01,2019-01-31,Zip Code: 98101,All Residential,705000.0,653000.0,811.6883116883117,27.0,24.0,38.0,0.960263853676988,0.037037037037037
2013-03-01,2013-05-31,Zip Code: 98103,Condo/Co-op,205500.0,235000.0,304.5343473382372,46.0,53.0,19.0,1.0023616738148824,0.3043478260869565
2019-04-01,2019-06-30,Zip Code: 98103,Condo/Co-op,495000.0,409950.0,598.4848484848485,45.0,78.0,38.0,0.9979228229323096,0.2444444444444444
2014-02-01,2014-04-30,Zip Code: 98103,Townhouse,437309.0,385000.0,320.459531493636,69.0,73.0,9.0,1.021052207438239,0.5072463768115942
2017-05-01,2017-07-31,Zip Code: 98103,Multi-Family (2-4 Unit),1100000.0,997000.0,437.5,9.0,8.0,2.0,1.0408764168564888,0.6666666666666666
2012-08-01,2012-10-31,Zip Code: 98175,Multi-Family (2-4 Unit),520000.0,,129.03225806451613,1.0,,,0.912280701754386,0.0
2021-06-01,2021-08-31,Zip Code: 98103,All Residential,890000.0,799800.0,584.723990170982,334.0,347.0,71.0,1.0468449519401646,0.5359281437125748
2012-01-01,2012-03-31,Zip Code: 98121,Condo/Co-op,312000.0,360000.0,374.2138364779874,39.0,69.0,63.0,0.9634339408295716,0.1025641025641025
2014-08-01,2014-10-31,Zip Code: 98103,Townhouse,455000.0,475000.0,320.61855670103085,39.0,41.0,7.0,1.0089468167512412,0.3589743589743589
2021-01-01,2021-03-31,Zip Code: 98103,Single Family Residential,1086000.0,907500.0,530.6451612903226,93.0,122.0,20.0,1.061705825766205,0.5591397849462365
2022-06-01,2022-08-31,Zip Code: 98103,Multi-Family (2-4 Unit),882500.0,947000.0,521.5336134453784,6.0,9.0,1.0,1.0303496106935837,0.5
2023-05-01,2023-07-31,Zip Code: 98103,Townhouse,950000.0,946500.0,663.0086877000457,49.0,74.0,18.0,1.0076919125441266,0.4081632653061224
2014-06-01,2014-08-31,Zip Code: 98103,Single Family Residential,670000.0,625000.0,321.42857142857144,121.0,140.0,41.0,1.0478166640285982,0.6033057851239669
2017-08-01,2017-10-31,Zip Code: 98103,Single Family Residential,875000.0,837000.0,431.3186813186813,127.0,132.0,24.0,1.068219863379784,0.5905511811023622
2015-01-01,2015-03-31,Zip Code: 98103,All Residential,501250.0,549950.0,338.1317315658658,136.0,183.0,42.0,1.0270400673349898,0.4705882352941176
2020-01-01,2020-03-31,Zip Code: 98103,Condo/Co-op,428500.0,449950.0,601.6545879174107,44.0,47.0,18.0,1.0136351167721347,0.3409090909090908
2020-06-01,2020-08-31,Zip Code: 98121,All Residential,620000.0,649475.0,743.781094527363,81.0,208.0,166.0,0.9837899011941494,0.1358024691358024
2018-11-01,2019-01-31,Zip Code: 98103,Townhouse,685000.0,729950.0,477.1428571428572,41.0,47.0,32.0,0.9820051536388222,0.0975609756097561
2012-10-01,2012-12-31,Zip Code: 98103,Townhouse,409500.0,429475.0,274.46588010204084,42.0,22.0,2.0,0.9862413461764304,0.3333333333333333
2020-05-01,2020-07-31,Zip Code: 98103,Condo/Co-op,402500.0,400000.0,559.3573093573093,36.0,61.0,27.0,1.0091255414721234,0.2777777777777777
2014-01-01,2014-03-31,Zip Code: 98103,Multi-Family (2-4 Unit),591250.0,699950.0,202.40889954554325,4.0,2.0,1.0,0.9781206806845586,0.25
2022-04-01,2022-06-30,Zip Code: 98103,Condo/Co-op,499250.0,467400.0,654.3751666076494,70.0,86.0,21.0,1.0391786013816953,0.4857142857142857
2015-02-01,2015-04-30,Zip Code: 98101,All Residential,497000.0,605000.0,567.6344866656407,34.0,55.0,28.0,0.9980103342033644,0.4705882352941176
2019-02-01,2019-04-30,Zip Code: 98103,All Residential,743750.0,775000.0,497.3819118896839,206.0,241.0,101.0,1.0033479939551408,0.3446601941747573
2022-12-01,2023-02-28,Zip Code: 98103,All Residential,829000.0,850000.0,580.1259622113366,123.0,132.0,48.0,0.992760316221615,0.2357723577235772
2023-06-01,2023-08-31,Zip Code: 98103,All Residential,930000.0,917475.0,618.0111526274545,204.0,218.0,73.0,1.0143769279892991,0.4068627450980392
2012-01-01,2012-03-31,Zip Code: 98103,Single Family Residential,485000.0,479500.0,222.44897959183675,73.0,94.0,39.0,0.9981399745939404,0.3287671232876712
2023-08-01,2023-10-31,Zip Code: 98103,Single Family Residential,1011000.0,1088000.0,548.2612781954888,74.0,97.0,26.0,1.0221719802103306,0.5135135135135134
2019-01-01,2019-03-31,Zip Code: 98103,Townhouse,682000.0,739000.0,534.3023255813954,55.0,65.0,30.0,0.992176456717674,0.1454545454545454
2021-04-01,2021-06-30,Zip Code: 98103,Townhouse,852500.0,775000.0,575.7097791798108,101.0,121.0,22.0,1.0374086705908985,0.5544554455445545
2016-10-01,2016-12-31,Zip Code: 98103,Condo/Co-op,340000.0,327500.0,463.768115942029,33.0,18.0,5.0,1.0238172387680702,0.4545454545454545
2023-05-01,2023-07-31,Zip Code: 98103,Single Family Residential,1159936.0,1112500.0,564.1592920353983,101.0,112.0,20.0,1.0300956218167827,0.5247524752475247
2012-01-01,2012-03-31,Zip Code: 98103,Condo/Co-op,177000.0,215000.0,227.6176024279211,27.0,39.0,35.0,0.9722288601915492,0.2592592592592592
2019-11-01,2020-01-31,Zip Code: 98103,Single Family Residential,900000.0,889950.0,439.655172413793,71.0,43.0,12.0,1.0110939003367998,0.2676056338028168
2018-02-01,2018-04-30,Zip Code: 98103,Townhouse,812000.0,775000.0,550.081499592502,47.0,59.0,5.0,1.0469408953632444,0.6382978723404255
2018-02-01,2018-04-30,Zip Code: 98121,Condo/Co-op,640000.0,630000.0,867.1695637914069,83.0,108.0,32.0,1.0498302079905664,0.6024096385542169
2023-06-01,2023-08-31,Zip Code: 98103,Condo/Co-op,500000.0,498000.0,638.4764991896272,42.0,43.0,15.0,1.00400515069274,0.3571428571428571
2014-03-01,2014-05-31,Zip Code: 98121,Condo/Co-op,410000.0,469900.0,491.05145413870247,111.0,185.0,60.0,0.9950961632177892,0.2342342342342342
2013-10-01,2013-12-31,Zip Code: 98101,All Residential,550000.0,602500.0,545.2609158679446,39.0,51.0,28.0,0.9881296482834326,0.2307692307692307
2017-06-01,2017-08-31,Zip Code: 98103,Single Family Residential,852500.0,795000.0,446.39574579831935,132.0,121.0,14.0,1.083958619935723,0.6439393939393939
2021-06-01,2021-08-31,Zip Code: 98103,Multi-Family (2-4 Unit),966000.0,1130000.0,436.9565217391304,9.0,11.0,4.0,1.0780871802913994,0.5555555555555555
2018-06-01,2018-08-31,Zip Code: 98103,Townhouse,755000.0,699000.0,534.7615979381443,49.0,67.0,24.0,1.0304149611376097,0.510204081632653
2014-11-01,2015-01-31,Zip Code: 98121,Condo/Co-op,359950.0,593000.0,469.3877551020408,59.0,77.0,59.0,0.9853340874247252,0.1864406779661017
2022-11-01,2023-01-31,Zip Code: 98103,Single Family Residential,1075000.0,1049999.0,546.2297136825439,54.0,41.0,20.0,0.9895961147556808,0.2962962962962962
2021-10-01,2021-12-31,Zip Code: 98121,Condo/Co-op,696475.0,696475.0,801.1654557876102,128.0,104.0,44.0,0.9971191038303604,0.140625
2019-12-01,2020-02-29,Zip Code: 98103,Multi-Family (2-4 Unit),1015000.0,897500.0,388.1070694663277,8.0,8.0,6.0,0.9916397784454508,0.25
2015-05-01,2015-07-31,Zip Code: 98103,All Residential,585000.0,575000.0,359.86159169550166,273.0,271.0,54.0,1.064474452923553,0.6776556776556776
2020-07-01,2020-09-30,Zip Code: 98103,All Residential,772500.0,777000.0,525.6410256410256,326.0,430.0,140.0,1.0265484937024745,0.4325153374233128
2021-07-01,2021-09-30,Zip Code: 98103,Condo/Co-op,445000.0,455000.0,617.566625170021,52.0,51.0,20.0,1.0022455301361726,0.2307692307692307
2016-04-01,2016-06-30,Zip Code: 98103,Single Family Residential,768500.0,739475.0,394.5581471300656,132.0,154.0,24.0,1.077810760540201,0.6666666666666666
2022-09-01,2022-11-30,Zip Code: 98103,Single Family Residential,1054000.0,1049949.5,540.6524358753659,82.0,84.0,34.0,1.0014895383332167,0.2926829268292682
2023-12-01,2024-02-29,Zip Code: 98103,Multi-Family (2-4 Unit),987500.0,1499500.0,766.9491525423728,2.0,5.0,2.0,1.0585106382978724,0.5
2016-09-01,2016-11-30,Zip Code: 98103,All Residential,619000.0,650000.0,388.3452874722152,206.0,177.0,29.0,1.0293355444000365,0.553398058252427
2016-11-01,2017-01-31,Zip Code: 98103,All Residential,685000.0,650000.0,418.6046511627906,151.0,133.0,31.0,1.037368006631049,0.4900662251655629
2014-07-01,2014-09-30,Zip Code: 98103,Multi-Family (2-4 Unit),670000.0,647500.0,246.37762762762765,10.0,14.0,9.0,0.9920182238246114,0.5
2021-01-01,2021-03-31,Zip Code: 98121,All Residential,615000.0,631000.0,677.0894619781288,102.0,149.0,97.0,0.9777819511398704,0.0686274509803921
2017-08-01,2017-10-31,Zip Code: 98101,All Residential,720000.0,810000.0,769.2307692307693,43.0,67.0,32.0,1.0465079635673895,0.6046511627906976
2013-05-01,2013-07-31,Zip Code: 98103,Single Family Residential,574000.0,550000.0,284.9279656093877,180.0,195.0,42.0,1.0383531829651798,0.6166666666666667
2013-02-01,2013-04-30,Zip Code: 98103,Single Family Residential,536000.0,540000.0,284.44784660174685,88.0,143.0,40.0,1.0288217538455575,0.4772727272727272
2021-02-01,2021-04-30,Zip Code: 98103,Townhouse,767125.0,777450.0,576.5962546663675,90.0,100.0,12.0,1.0323629940289287,0.5222222222222223
2015-01-01,2015-03-31,Zip Code: 98121,All Residential,381000.0,592500.0,495.93682434214,60.0,185.0,128.0,0.9912090342922788,0.2333333333333333
2016-05-01,2016-07-31,Zip Code: 98121,Condo/Co-op,591900.0,499475.0,629.6809986130376,335.0,152.0,49.0,1.0090874275326285,0.1791044776119402
2019-08-01,2019-10-31,Zip Code: 98103,Townhouse,750000.0,699000.0,491.3576771329936,58.0,71.0,33.0,0.9880049950980307,0.0862068965517241
2016-07-01,2016-09-30,Zip Code: 98103,Condo/Co-op,333000.0,350000.0,480.86359175662415,53.0,52.0,13.0,1.027672420424108,0.5849056603773584
2019-08-01,2019-10-31,Zip Code: 98121,Townhouse,750000.0,574975.0,638.2978723404256,1.0,2.0,,1.0,0.0
2012-05-01,2012-07-31,Zip Code: 98103,Multi-Family (2-4 Unit),686000.0,505000.0,176.8041237113402,5.0,7.0,8.0,0.9262438587321736,0.0
2018-08-01,2018-10-31,Zip Code: 98101,Condo/Co-op,782300.0,739900.0,790.2966487611753,42.0,75.0,61.0,0.9851904211191022,0.1904761904761904
2023-02-01,2023-04-30,Zip Code: 98119,Single Family Residential,1015000.0,1337500.0,569.277108433735,33.0,34.0,11.0,1.008572877212512,0.303030303030303
2016-01-01,2016-03-31,Zip Code: 98121,Condo/Co-op,460000.0,735150.0,626.9070735090153,73.0,132.0,38.0,1.008495693801013,0.3698630136986301
2014-02-01,2014-04-30,Zip Code: 98103,Condo/Co-op,264000.0,249950.0,314.2842477305058,42.0,44.0,16.0,0.997104514768176,0.1904761904761904
2015-08-01,2015-10-31,Zip Code: 98103,Single Family Residential,667630.0,649975.0,336.2799834574028,106.0,108.0,22.0,1.0595022223483892,0.6698113207547169
2012-12-01,2013-02-28,Zip Code: 98101,Condo/Co-op,550000.0,892000.0,571.6508134056361,50.0,56.0,41.0,0.9937240558584044,0.22
2018-05-01,2018-07-31,Zip Code: 98103,Townhouse,796900.0,721975.0,546.4581668946648,54.0,66.0,21.0,1.0655044620263132,0.6481481481481481
2014-06-01,2014-08-31,Zip Code: 98103,Condo/Co-op,312350.0,295000.0,344.8369763338632,42.0,55.0,28.0,0.9976739437810728,0.4285714285714285
2015-10-01,2015-12-31,Zip Code: 98103,Single Family Residential,660000.0,625000.0,336.53846153846155,95.0,59.0,10.0,1.0549327371334607,0.6210526315789474
2021-08-01,2021-10-31,Zip Code: 98103,Townhouse,710000.0,710000.0,609.7111247695144,101.0,107.0,20.0,1.0099521600179509,0.3762376237623762
2012-06-01,2012-08-31,Zip Code: 98103,Townhouse,367475.0,362475.0,268.6163619781951,34.0,42.0,23.0,1.0031765074233203,0.3529411764705882
2021-02-01,2021-04-30,Zip Code: 98121,All Residential,625500.0,654500.0,693.8851767188324,116.0,156.0,81.0,0.9845647127818264,0.1293103448275862
2020-10-01,2020-12-31,Zip Code: 98121,All Residential,615000.0,649950.0,692.040369088812,59.0,86.0,104.0,0.9768963352766789,0.1016949152542372
2016-04-01,2016-06-30,Zip Code: 98101,All Residential,650000.0,699000.0,668.2769726247988,57.0,93.0,36.0,1.0060103998554908,0.263157894736842
2020-03-01,2020-05-31,Zip Code: 98103,Multi-Family (2-4 Unit),763600.0,947475.0,390.3396029258098,6.0,8.0,4.0,1.0083962168492409,0.6666666666666666
2013-07-01,2013-09-30,Zip Code: 98121,Condo/Co-op,355000.0,349975.0,433.8875692794933,85.0,106.0,66.0,0.9921259887076112,0.2588235294117647
2014-03-01,2014-05-31,Zip Code: 98103,Condo/Co-op,256500.0,239900.0,310.07499646243105,36.0,49.0,15.0,0.9931510610300665,0.1666666666666666
2019-01-01,2019-03-31,Zip Code: 98103,Single Family Residential,850000.0,850000.0,459.5210820203764,78.0,97.0,33.0,0.9881062376340948,0.3333333333333333
2014-03-01,2014-05-31,Zip Code: 98101,All Residential,505000.0,595000.0,501.290397511818,38.0,56.0,33.0,0.9811695686016028,0.2368421052631578
2012-09-01,2012-11-30,Zip Code: 98103,Single Family Residential,475000.0,499919.0,254.31977581698783,106.0,102.0,37.0,1.0131574799050442,0.4433962264150943
2018-03-01,2018-05-31,Zip Code: 98103,All Residential,845000.0,785000.0,534.5588235294117,235.0,315.0,63.0,1.0797264608195014,0.6595744680851063
2013-09-01,2013-11-30,Zip Code: 98121,Townhouse,532500.0,325000.0,437.192118226601,1.0,1.0,,0.968181818181818,0.0
2020-01-01,2020-03-31,Zip Code: 98103,Multi-Family (2-4 Unit),988000.0,898000.0,340.90909090909093,11.0,13.0,7.0,1.0014819032998312,0.4545454545454545
2018-10-01,2018-12-31,Zip Code: 98103,Single Family Residential,850000.0,925000.0,447.2789115646258,101.0,77.0,27.0,0.9892380462214698,0.2475247524752475
2023-04-01,2023-06-30,Zip Code: 98103,Townhouse,949000.0,945000.0,628.3213644524237,47.0,67.0,22.0,1.0045689666141784,0.3404255319148936
2022-02-01,2022-04-30,Zip Code: 98103,Single Family Residential,1200000.0,998500.0,658.3629893238434,113.0,142.0,16.0,1.1703560807292803,0.7699115044247787
2017-06-01,2017-08-31,Zip Code: 98103,All Residential,737500.0,685000.0,477.7572283713576,253.0,251.0,29.0,1.0874116168279222,0.7035573122529644
2022-12-01,2023-02-28,Zip Code: 98121,All Residential,595000.0,580000.0,768.7927107061504,55.0,76.0,56.0,0.9811410408235514,0.0545454545454545
2016-05-01,2016-07-31,Zip Code: 98101,Condo/Co-op,755000.0,676500.0,691.3919413919414,53.0,67.0,31.0,1.0010402642347165,0.1886792452830188
2016-10-01,2016-12-31,Zip Code: 98103,All Residential,628500.0,699000.0,392.16781684740937,184.0,125.0,26.0,1.029446255417355,0.4891304347826087
2016-09-01,2016-11-30,Zip Code: 98103,Multi-Family (2-4 Unit),1000000.0,850000.0,310.21680897371505,6.0,9.0,3.0,0.9626649008242129,0.1666666666666666
2017-05-01,2017-07-31,Zip Code: 98122,All Residential,730500.0,690000.0,546.9520174482008,184.0,199.0,27.0,1.082209933515671,0.6902173913043477
2021-11-01,2022-01-31,Zip Code: 98101,Townhouse,1375000.0,1295000.0,678.342377898372,5.0,3.0,,1.025874925616861,0.5999999999999999
2023-09-01,2023-11-30,Zip Code: 98101,All Residential,585000.0,639000.0,718.3020266930304,26.0,41.0,59.0,0.9878163323682256,0.1538461538461538
2012-10-01,2012-12-31,Zip Code: 98121,Townhouse,602500.0,620000.0,364.4888082274652,1.0,1.0,,0.9717741935483872,0.0
2023-03-01,2023-05-31,Zip Code: 98103,Townhouse,790000.0,934950.0,630.4023845007451,55.0,57.0,17.0,0.9986237768867816,0.2363636363636363
2014-08-01,2014-10-31,Zip Code: 98103,Multi-Family (2-4 Unit),615000.0,699950.0,267.77251184834125,7.0,11.0,9.0,0.9758555651218432,0.2857142857142857
2018-03-01,2018-05-31,Zip Code: 98121,Condo/Co-op,667500.0,625000.0,860.1215264632392,98.0,145.0,52.0,1.0375498560743803,0.5204081632653061
2023-01-01,2023-03-31,Zip Code: 98103,All Residential,815000.0,920000.0,581.8563432835821,157.0,168.0,49.0,1.000892402366088,0.2993630573248407
2022-02-01,2022-04-30,Zip Code: 98103,All Residential,850000.0,849950.0,655.4902227358214,308.0,341.0,41.0,1.0927712886406922,0.6103896103896103
2015-02-01,2015-04-30,Zip Code: 98103,Townhouse,564000.0,569000.0,384.81515421270353,44.0,61.0,7.0,1.028709027425398,0.5909090909090909
2013-11-01,2014-01-31,Zip Code: 98101,Condo/Co-op,680000.0,559490.0,548.0916030534352,33.0,42.0,19.0,0.9756206544906956,0.1515151515151515
2016-02-01,2016-04-30,Zip Code: 98103,Multi-Family (2-4 Unit),668500.0,694925.0,355.5153374233129,12.0,6.0,2.0,1.0358867370510514,0.6666666666666666
2017-07-01,2017-09-30,Zip Code: 98101,Condo/Co-op,680000.0,765000.0,777.522199636247,38.0,62.0,35.0,1.0596415449873515,0.631578947368421
2019-04-01,2019-06-30,Zip Code: 98103,Multi-Family (2-4 Unit),1114000.0,927475.0,465.83850931677017,7.0,8.0,6.0,1.0086365742908932,0.4285714285714285
2014-12-01,2015-02-28,Zip Code: 98103,All Residential,516000.0,499000.0,334.32060685987074,124.0,123.0,38.0,1.0071898991549837,0.3790322580645161
2017-12-01,2018-02-28,Zip Code: 98103,Multi-Family (2-4 Unit),1050000.0,1042000.0,383.27526132404176,9.0,3.0,,0.9908832263320884,0.2222222222222222
2022-05-01,2022-07-31,Zip Code: 98121,All Residential,650000.0,625000.0,786.312849162011,109.0,182.0,122.0,1.002295584571343,0.3027522935779816
2023-07-01,2023-09-30,Zip Code: 98103,Single Family Residential,1115000.0,1095000.0,530.1204819277109,81.0,89.0,26.0,1.0237178849330355,0.4444444444444444
2021-08-01,2021-10-31,Zip Code: 98101,All Residential,676500.0,732450.0,876.2152235199355,98.0,94.0,63.0,0.9898766819411916,0.1632653061224489
2022-08-01,2022-10-31,Zip Code: 98103,Condo/Co-op,425000.0,498000.0,650.5576208178438,49.0,37.0,17.0,0.9854985946210846,0.1632653061224489
2013-04-01,2013-06-30,Zip Code: 98103,Townhouse,384250.0,379950.0,283.4678571428572,50.0,61.0,14.0,1.0198975605896046,0.52
2021-07-01,2021-09-30,Zip Code: 98103,Townhouse,785000.0,717250.0,609.7111247695144,91.0,110.0,15.0,1.0130142920953662,0.4395604395604395
2014-09-01,2014-11-30,Zip Code: 98103,Multi-Family (2-4 Unit),570000.0,747475.0,231.60501981505945,7.0,6.0,5.0,0.9971922224321884,0.5714285714285714
2013-07-01,2013-09-30,Zip Code: 98103,Multi-Family (2-4 Unit),590000.0,588450.0,209.4430992736077,9.0,10.0,9.0,0.9902497915813512,0.2222222222222222
2019-07-01,2019-09-30,Zip Code: 98101,All Residential,700000.0,697000.0,749.3818131813182,46.0,70.0,62.0,0.9810569181374776,0.0869565217391304
2022-09-01,2022-11-30,Zip Code: 98103,Condo/Co-op,457500.0,479000.0,630.1926166306224,32.0,33.0,12.0,0.9907724192413656,0.21875
2023-01-01,2023-03-31,Zip Code: 98103,Condo/Co-op,440000.0,440000.0,613.9423076923076,28.0,29.0,7.0,1.0045613502733155,0.3928571428571428
2019-06-01,2019-08-31,Zip Code: 98103,Townhouse,760000.0,725725.0,523.2558139534884,66.0,67.0,24.0,0.9883684932127516,0.0757575757575757
2012-11-01,2013-01-31,Zip Code: 98103,Multi-Family (2-4 Unit),498250.0,475000.0,223.5016671190735,6.0,1.0,3.0,0.9674335210297894,0.0
2020-04-01,2020-06-30,Zip Code: 98103,Condo/Co-op,474750.0,400000.0,593.2690557566688,34.0,46.0,23.0,1.0005123894086887,0.2647058823529411
2014-09-01,2014-11-30,Zip Code: 98103,Townhouse,414950.0,471250.0,315.7575757575757,45.0,40.0,5.0,1.0005525118846106,0.2888888888888888
2022-08-01,2022-10-31,Zip Code: 98103,All Residential,867500.0,919000.0,597.9020979020979,218.0,243.0,103.0,0.9973115890990748,0.2339449541284403
2017-06-01,2017-08-31,Zip Code: 98121,Condo/Co-op,633000.0,600000.0,765.9470752089137,111.0,111.0,13.0,1.0559156168040085,0.6666666666666666
2017-04-01,2017-06-30,Zip Code: 98121,All Residential,600000.0,597475.0,722.2529812606474,93.0,116.0,27.0,1.0594323885540873,0.6881720430107527
2012-01-01,2012-03-31,Zip Code: 98103,Multi-Family (2-4 Unit),587000.0,651500.0,204.98528916339137,2.0,8.0,8.0,0.965661317100166,0.0
2017-03-01,2017-05-31,Zip Code: 98103,Townhouse,660000.0,575000.0,464.19666666666666,57.0,57.0,4.0,1.0865418592672862,0.7368421052631579
2015-11-01,2016-01-31,Zip Code: 98103,Townhouse,617500.0,550000.0,387.3253545426784,28.0,29.0,5.0,1.0335257975810774,0.5
2014-02-01,2014-04-30,Zip Code: 98103,Single Family Residential,600000.0,589000.0,296.09920239282155,66.0,93.0,18.0,1.0503042466418593,0.6666666666666666
2012-06-01,2012-08-31,Zip Code: 98103,Single Family Residential,501075.0,496375.0,261.57056677890006,134.0,129.0,40.0,1.0042968412925342,0.4402985074626865
2014-06-01,2014-08-31,Zip Code: 98103,All Residential,548000.0,523724.5,327.8097982708934,231.0,252.0,91.0,1.0273619619798255,0.5411255411255411
2021-03-01,2021-05-31,Zip Code: 98103,Townhouse,800000.0,787475.0,570.0934579439253,107.0,114.0,13.0,1.0345988999436957,0.4953271028037383
2021-11-01,2022-01-31,Zip Code: 98103,Single Family Residential,1081450.0,995000.0,569.9481865284974,97.0,63.0,3.0,1.0596906754128843,0.556701030927835
2012-07-01,2012-09-30,Zip Code: 98103,Multi-Family (2-4 Unit),410000.0,499000.0,167.420814479638,7.0,14.0,11.0,0.970178013371846,0.2857142857142857
2017-12-01,2018-02-28,Zip Code: 98103,Single Family Residential,875000.0,850000.0,454.858934169279,78.0,66.0,13.0,1.0771895818472974,0.7051282051282051
2014-08-01,2014-10-31,Zip Code: 98121,All Residential,380000.0,413200.0,495.04950495049513,89.0,117.0,70.0,0.9877841985855028,0.146067415730337
2021-09-01,2021-11-30,Zip Code: 98101,All Residential,705000.0,825000.0,881.2949640287769,95.0,79.0,58.0,0.992871622558558,0.231578947368421
2012-12-01,2013-02-28,Zip Code: 98121,Condo/Co-op,330000.0,397500.0,395.6043956043956,41.0,60.0,46.0,1.0008171852968804,0.2195121951219512
2014-05-01,2014-07-31,Zip Code: 98103,Single Family Residential,640000.0,625000.0,313.0990415335463,130.0,151.0,38.0,1.0501307085263156,0.623076923076923
2016-01-01,2016-03-31,Zip Code: 98103,Condo/Co-op,334500.0,304750.0,412.1596605149237,32.0,56.0,11.0,1.0643861053491837,0.625
2018-07-01,2018-09-30,Zip Code: 98101,All Residential,680000.0,699950.0,783.5820895522387,41.0,74.0,57.0,0.9940382035251172,0.2682926829268292
2019-02-01,2019-04-30,Zip Code: 98121,Condo/Co-op,605500.0,682950.0,745.6801513171177,82.0,131.0,96.0,0.97900294068485,0.1097560975609756
2022-11-01,2023-01-31,Zip Code: 98103,Condo/Co-op,484950.0,469000.0,641.9047619047619,15.0,19.0,8.0,0.9905505428636474,0.2
2017-01-01,2017-03-31,Zip Code: 98103,All Residential,707750.0,649000.0,465.3284671532848,176.0,193.0,23.0,1.0648474461223392,0.6818181818181817
2023-12-01,2024-02-29,Zip Code: 98121,Single Family Residential,1450000.0,1500000.0,862.0689655172414,1.0,1.0,,0.9666666666666666,0.0
2020-01-01,2020-03-31,Zip Code: 98103,Single Family Residential,977500.0,875000.0,483.6671518759018,64.0,99.0,26.0,1.037236702120521,0.53125
2022-06-01,2022-08-31,Zip Code: 98103,Townhouse,810000.0,832450.0,631.4775028598208,76.0,98.0,42.0,1.0082860426504767,0.3289473684210526
2019-03-01,2019-05-31,Zip Code: 98121,Condo/Co-op,615500.0,649000.0,743.7389928658846,98.0,151.0,108.0,0.9817567395315486,0.1020408163265306
2012-08-01,2012-10-31,Zip Code: 98103,Multi-Family (2-4 Unit),497000.0,499000.0,185.1258022509534,8.0,9.0,5.0,1.0080640986483371,0.375
2013-12-01,2014-02-28,Zip Code: 98121,Single Family Residential,2440000.0,,274.46569178852644,1.0,,1.0,0.8792792792792792,0.0
2020-04-01,2020-06-30,Zip Code: 98104,Condo/Co-op,654975.0,600000.0,658.695652173913,10.0,20.0,35.0,1.0101712460116083,0.2999999999999999
2020-01-01,2020-03-31,Zip Code: 98101,Condo/Co-op,593250.0,617250.0,968.4684684684684,201.0,228.0,53.0,0.9958494461225872,0.0298507462686567
2015-11-01,2016-01-31,Zip Code: 98101,All Residential,644750.0,606800.0,655.5857264197604,42.0,57.0,47.0,0.9899709494749444,0.1666666666666666
2021-05-01,2021-07-31,Zip Code: 98103,Condo/Co-op,470000.0,415000.0,603.0701754385965,61.0,61.0,18.0,1.0254084436191626,0.4426229508196721
2023-05-01,2023-07-31,Zip Code: 98103,Multi-Family (2-4 Unit),1057500.0,1585000.0,526.5469547226733,6.0,9.0,4.0,0.9921260066738008,0.3333333333333333
2015-03-01,2015-05-31,Zip Code: 98121,Condo/Co-op,378000.0,603500.0,528.169014084507,97.0,269.0,42.0,1.0026969635156733,0.3814432989690721
2020-05-01,2020-07-31,Zip Code: 98121,All Residential,652475.0,653000.0,760.5010399307573,72.0,188.0,133.0,0.9859321296663864,0.1666666666666666
2015-12-01,2016-02-29,Zip Code: 98103,Condo/Co-op,356500.0,320000.0,391.5542336594968,24.0,33.0,10.0,1.043257046202507,0.5
2016-12-01,2017-02-28,Zip Code: 98121,All Residential,560000.0,562500.0,665.6101426307448,81.0,62.0,20.0,1.0112942323081135,0.3950617283950617
2017-08-01,2017-10-31,Zip Code: 98144,Townhouse,679000.0,679000.0,452.6666666666666,57.0,66.0,10.0,1.023757572999176,0.4561403508771929
2015-07-01,2015-09-30,Zip Code: 98101,Condo/Co-op,675200.0,584995.0,708.0757726819542,115.0,72.0,61.0,1.0025844497162668,0.1304347826086956
2017-07-01,2017-09-30,Zip Code: 98121,Condo/Co-op,625000.0,592000.0,812.0300751879699,113.0,108.0,24.0,1.054538004292364,0.6283185840707964
2017-02-01,2017-04-30,Zip Code: 98103,Single Family Residential,843000.0,812500.0,471.98700496465256,86.0,100.0,15.0,1.0829572613348388,0.6627906976744184
2021-01-01,2021-03-31,Zip Code: 98101,All Residential,630000.0,670000.0,820.3125,71.0,91.0,60.0,0.9908367759663996,0.2816901408450704
2022-01-01,2022-03-31,Zip Code: 98121,Condo/Co-op,665000.0,699900.0,779.5371498172958,99.0,149.0,55.0,1.001392324655528,0.2222222222222222
2016-04-01,2016-06-30,Zip Code: 98103,All Residential,634200.0,600000.0,415.1612903225807,267.0,289.0,43.0,1.0747161687793636,0.6779026217228464
2015-09-01,2015-11-30,Zip Code: 98103,All Residential,595000.0,595000.0,362.85140562249,179.0,178.0,25.0,1.0502892661906873,0.6256983240223463
2017-09-01,2017-11-30,Zip Code: 98103,Multi-Family (2-4 Unit),890000.0,892500.0,421.19565217391306,5.0,8.0,1.0,1.0291099531554293,0.5999999999999999
2014-01-01,2014-03-31,Zip Code: 98103,Condo/Co-op,265000.0,234500.0,321.0810810810811,29.0,45.0,17.0,0.9946298136179272,0.2068965517241379
2018-08-01,2018-10-31,Zip Code: 98103,Single Family Residential,894500.0,844000.0,468.98768917117536,120.0,138.0,49.0,1.0093184495190917,0.3416666666666666
2013-11-01,2014-01-31,Zip Code: 98103,Condo/Co-op,325000.0,250000.0,345.6521739130435,31.0,29.0,19.0,0.9862901089394902,0.1612903225806451
2018-06-01,2018-08-31,Zip Code: 98103,Condo/Co-op,530250.0,475000.0,645.1011416155067,68.0,59.0,21.0,1.0336381899179847,0.4264705882352941
2013-03-01,2013-05-31,Zip Code: 98103,All Residential,473000.0,454500.0,290.0,237.0,304.0,84.0,1.027142575229554,0.5232067510548523
2012-03-01,2012-05-31,Zip Code: 98103,Multi-Family (2-4 Unit),652500.0,700000.0,181.9908447189469,4.0,7.0,7.0,0.9653514745835547,0.25
2017-10-01,2017-12-31,Zip Code: 98103,Townhouse,698000.0,693000.0,543.75,59.0,46.0,4.0,1.0403928238678752,0.5423728813559322
2014-08-01,2014-10-31,Zip Code: 98121,Condo/Co-op,380000.0,413200.0,495.04950495049513,89.0,117.0,70.0,0.9877841985855028,0.146067415730337
2013-12-01,2014-02-28,Zip Code: 98103,Single Family Residential,570000.0,575000.0,282.44274809160305,65.0,52.0,16.0,1.0201764793333976,0.4769230769230769
2023-10-01,2023-12-31,Zip Code: 98103,Single Family Residential,1000000.0,979000.0,558.1117857142857,79.0,55.0,4.0,1.0095828029319018,0.3924050632911392
2018-07-01,2018-09-30,Zip Code: 98102,Townhouse,950000.0,997000.0,677.2760917838638,15.0,20.0,12.0,0.999611807605405,0.3333333333333333
2021-11-01,2022-01-31,Zip Code: 98101,Condo/Co-op,711000.0,854000.0,893.5185185185184,60.0,61.0,36.0,0.9945283364503996,0.2333333333333333
2016-09-01,2016-11-30,Zip Code: 98103,Townhouse,561300.0,649900.0,395.1612903225807,51.0,46.0,7.0,1.026802357686207,0.5686274509803921
2023-07-01,2023-09-30,Zip Code: 98103,Condo/Co-op,501000.0,499900.0,660.8970386644884,34.0,45.0,23.0,1.0074798334388373,0.4411764705882352
2023-05-01,2023-07-31,Zip Code: 98103,Condo/Co-op,500000.0,485000.0,641.4662084765177,31.0,48.0,19.0,1.007347476737503,0.3870967741935483
2021-05-01,2021-07-31,Zip Code: 98103,All Residential,892500.0,829900.0,578.7393617021277,354.0,366.0,76.0,1.0499202006156008,0.5423728813559322
2017-12-01,2018-02-28,Zip Code: 98103,Townhouse,720000.0,839975.0,589.3093692022264,42.0,34.0,6.0,1.037628676201772,0.5714285714285714
2020-04-01,2020-06-30,Zip Code: 98121,Townhouse,1350000.0,1370000.0,773.6389684813754,1.0,1.0,,0.9854014598540146,0.0
2014-02-01,2014-04-30,Zip Code: 98103,All Residential,431654.5,439900.0,311.7647058823529,182.0,217.0,46.0,1.025075476845322,0.4890109890109889
2020-11-01,2021-01-31,Zip Code: 98101,All Residential,707500.0,629950.0,816.1427112710297,52.0,63.0,66.0,0.9844201309549888,0.2115384615384615
2013-04-01,2013-06-30,Zip Code: 98103,Multi-Family (2-4 Unit),612500.0,649975.0,245.69012547735952,10.0,18.0,8.0,0.9865250105620144,0.2
2012-04-01,2012-06-30,Zip Code: 98103,Townhouse,402500.0,389925.0,276.35064826954687,42.0,44.0,14.0,0.9987089355661356,0.3333333333333333
2016-10-01,2016-12-31,Zip Code: 98121,Condo/Co-op,560000.0,532450.0,680.1909307875897,111.0,74.0,21.0,1.0089375240126093,0.3153153153153153
2016-01-01,2016-03-31,Zip Code: 98101,Single Family Residential,270000.0,270000.0,212.26415094339623,1.0,1.0,,1.0,0.0
2014-12-01,2015-02-28,Zip Code: 98103,Townhouse,476000.0,415000.0,359.33660933660934,23.0,29.0,6.0,0.996797032115787,0.3043478260869565
2014-04-01,2014-06-30,Zip Code: 98103,Townhouse,427500.0,449725.0,320.26688907422846,86.0,72.0,10.0,1.0180590498157804,0.5
2014-03-01,2014-05-31,Zip Code: 98103,Multi-Family (2-4 Unit),630000.0,670000.0,296.45390070921985,7.0,9.0,3.0,1.0193278354442237,0.4285714285714285
2018-07-01,2018-09-30,Zip Code: 98103,Multi-Family (2-4 Unit),1220000.0,1100000.0,465.4377880184332,7.0,10.0,7.0,1.0500875653539767,0.7142857142857143
2015-03-01,2015-05-31,Zip Code: 98103,Single Family Residential,630000.0,629475.0,345.5497382198953,121.0,140.0,22.0,1.0807074713924658,0.7355371900826446
2015-07-01,2015-09-30,Zip Code: 98121,All Residential,609900.0,690800.0,609.250398724083,285.0,185.0,58.0,1.000484617718867,0.0947368421052631
2016-08-01,2016-10-31,Zip Code: 98121,All Residential,866400.0,591750.0,804.5454545454545,241.0,122.0,46.0,1.0072848389684412,0.1867219917012448
2020-02-01,2020-04-30,Zip Code: 98103,Townhouse,725000.0,635000.0,519.4372294372296,49.0,71.0,23.0,1.015760178451712,0.4081632653061224
2013-05-01,2013-07-31,Zip Code: 98121,All Residential,349000.0,349950.0,433.4121355397952,81.0,106.0,57.0,0.991788551373722,0.3456790123456789
2020-03-01,2020-05-31,Zip Code: 98103,All Residential,755000.0,759000.0,510.204081632653,189.0,245.0,77.0,1.0153250938054592,0.3915343915343915
2020-02-01,2020-04-30,Zip Code: 98101,Condo/Co-op,599950.0,620000.0,988.4678747940692,247.0,285.0,61.0,0.9973509620781502,0.0283400809716599
2015-03-01,2015-05-31,Zip Code: 98101,All Residential,564500.0,609950.0,573.8125,40.0,97.0,51.0,1.0025837774958817,0.4749999999999999
2017-08-01,2017-10-31,Zip Code: 98103,Condo/Co-op,399000.0,384990.0,554.016620498615,73.0,69.0,6.0,1.0761108988365482,0.7534246575342465
2020-12-01,2021-02-28,Zip Code: 98103,Condo/Co-op,465000.0,434950.0,564.0186629013444,38.0,34.0,20.0,0.9975096487296132,0.1842105263157894
2017-09-01,2017-11-30,Zip Code: 98103,Townhouse,765000.0,693000.0,540.5405405405405,51.0,62.0,5.0,1.0558058361643,0.5686274509803921
2018-12-01,2019-02-28,Zip Code: 98103,Single Family Residential,790000.0,874950.0,440.0,81.0,65.0,29.0,0.98018386838461,0.2098765432098765
2014-11-01,2015-01-31,Zip Code: 98103,Multi-Family (2-4 Unit),830500.0,1349000.0,237.8892307747384,6.0,1.0,1.0,0.992841340072224,0.5
2016-09-01,2016-11-30,Zip Code: 98103,Single Family Residential,700000.0,699900.0,373.0048906789413,108.0,93.0,13.0,1.0348677382734324,0.5648148148148147
2019-06-01,2019-08-31,Zip Code: 98121,All Residential,577000.0,649995.0,739.5578958078959,98.0,117.0,95.0,0.979938150096854,0.0714285714285714
2012-04-01,2012-06-30,Zip Code: 98101,All Residential,480000.0,565000.0,490.9769757311761,93.0,83.0,60.0,0.9713787760155432,0.064516129032258
2019-10-01,2019-12-31,Zip Code: 98101,All Residential,620000.0,645000.0,771.1303809017991,44.0,36.0,37.0,0.9769601062944524,0.0227272727272727
2018-05-01,2018-07-31,Zip Code: 98103,Multi-Family (2-4 Unit),1030000.0,1150000.0,500.6983460640112,6.0,13.0,6.0,1.03642711757812,0.5
2019-09-01,2019-11-30,Zip Code: 98121,All Residential,570000.0,688975.0,713.2817990161631,73.0,84.0,69.0,0.977841251994707,0.0273972602739726
2012-01-01,2012-03-31,Zip Code: 98103,Townhouse,353500.0,394725.0,247.78761061946904,31.0,36.0,7.0,0.9941228750675268,0.3870967741935483
2012-09-01,2012-11-30,Zip Code: 98103,Multi-Family (2-4 Unit),512500.0,507450.0,211.2676056338028,9.0,4.0,3.0,0.9926469852285292,0.2222222222222222
2017-08-01,2017-10-31,Zip Code: 98121,Condo/Co-op,610000.0,599000.0,803.1759226573441,118.0,95.0,23.0,1.0627859783265647,0.6694915254237288
2021-05-01,2021-07-31,Zip Code: 98101,All Residential,630000.0,725000.0,863.72121966397,77.0,101.0,66.0,0.9870557252009784,0.1818181818181818
2013-10-01,2013-12-31,Zip Code: 98103,Condo/Co-op,267000.0,325000.0,329.96282274917985,42.0,32.0,20.0,0.9878188255572936,0.1666666666666666
2020-01-01,2020-03-31,Zip Code: 98101,All Residential,593250.0,617250.0,968.4684684684684,201.0,228.0,53.0,0.9958494461225872,0.0298507462686567
2022-09-01,2022-11-30,Zip Code: 98103,All Residential,903000.0,899000.0,592.1052631578947,178.0,185.0,76.0,0.9941716085033574,0.2134831460674157
2018-06-01,2018-08-31,Zip Code: 98101,All Residential,790000.0,707500.0,797.011207970112,59.0,72.0,47.0,0.9869745338505748,0.2542372881355932
2015-07-01,2015-09-30,Zip Code: 98103,Multi-Family (2-4 Unit),705475.0,849975.0,249.86413043478265,10.0,14.0,6.0,1.0502967570209476,0.5
2022-02-01,2022-04-30,Zip Code: 98103,Townhouse,799950.0,809975.0,666.7368181706172,122.0,116.0,11.0,1.0519409874615682,0.5081967213114754
2014-03-01,2014-05-31,Zip Code: 98103,All Residential,446500.0,453900.0,311.27450980392155,210.0,269.0,58.0,1.0289746582693675,0.5
2021-08-01,2021-10-31,Zip Code: 98121,All Residential,665000.0,715000.0,833.8278931750742,159.0,129.0,62.0,0.9986198873552824,0.2327044025157232
2013-06-01,2013-08-31,Zip Code: 98103,Multi-Family (2-4 Unit),482000.0,575950.0,213.23602494429213,10.0,16.0,10.0,0.9947057480384318,0.2
2020-08-01,2020-10-31,Zip Code: 98103,Multi-Family (2-4 Unit),1040000.0,970000.0,433.6734693877551,6.0,18.0,9.0,0.9761602288984262,0.1666666666666666
2022-09-01,2022-11-30,Zip Code: 98103,Townhouse,885000.0,820000.0,605.2631578947369,55.0,61.0,28.0,0.9855186912829212,0.0909090909090909
2022-08-01,2022-10-31,Zip Code: 98103,Multi-Family (2-4 Unit),1237500.0,1250000.0,466.5381573744563,9.0,8.0,3.0,0.996255404325283,0.2222222222222222
2023-03-01,2023-05-31,Zip Code: 98103,Single Family Residential,1159936.0,1095000.0,587.5,93.0,112.0,19.0,1.0335867582963756,0.5376344086021505
2019-12-01,2020-02-29,Zip Code: 98103,Condo/Co-op,422000.0,419475.0,575.8316008316008,35.0,36.0,18.0,1.0004993286215678,0.2285714285714285
2020-08-01,2020-10-31,Zip Code: 98121,Condo/Co-op,616250.0,622000.0,703.1459246257833,80.0,170.0,160.0,0.9752409125040328,0.1
2012-12-01,2013-02-28,Zip Code: 98103,Townhouse,425000.0,432475.0,296.25925925925924,29.0,32.0,7.0,1.008379668702281,0.5517241379310344
2013-10-01,2013-12-31,Zip Code: 98103,Single Family Residential,575000.0,535000.0,286.64495114006513,109.0,61.0,13.0,1.022096286708572,0.4862385321100917
2022-03-01,2022-05-31,Zip Code: 98103,Multi-Family (2-4 Unit),1100000.0,1100000.0,484.5814977973568,9.0,13.0,4.0,1.0203700629800754,0.4444444444444444
2020-11-01,2021-01-31,Zip Code: 98103,Multi-Family (2-4 Unit),840000.0,874999.5,366.8552875695733,14.0,10.0,3.0,0.970036074080588,0.1428571428571428
2022-04-01,2022-06-30,Zip Code: 98103,All Residential,906250.0,850000.0,657.8135906742984,322.0,371.0,88.0,1.0756179136215214,0.5993788819875776
2016-10-01,2016-12-31,Zip Code: 98103,Townhouse,599900.0,695000.0,395.3488372093023,41.0,35.0,7.0,1.0326299609220355,0.6097560975609756
2019-11-01,2020-01-31,Zip Code: 98103,Townhouse,650000.0,719950.0,470.43010752688167,61.0,41.0,13.0,0.9899584748630617,0.1967213114754098
2015-08-01,2015-10-31,Zip Code: 98103,Townhouse,519500.0,469950.0,348.6238532110092,53.0,41.0,3.0,1.051179753798506,0.6981132075471697
2014-10-01,2014-12-31,Zip Code: 98103,Single Family Residential,618250.0,591000.0,307.03106242497,106.0,58.0,15.0,1.0168280698253718,0.4528301886792452
2014-03-01,2014-05-31,Zip Code: 98103,Single Family Residential,594500.0,599000.0,297.86324786324786,86.0,122.0,27.0,1.053295155639392,0.6395348837209301
2013-03-01,2013-05-31,Zip Code: 98101,All Residential,540000.0,490000.0,567.2268907563025,61.0,58.0,54.0,0.9818640619607936,0.081967213114754
2019-01-01,2019-03-31,Zip Code: 98103,Condo/Co-op,424975.0,449500.0,574.6904885462229,34.0,42.0,18.0,0.989487995238346,0.1176470588235294
2018-04-01,2018-06-30,Zip Code: 98101,All Residential,780500.0,795000.0,824.4039408866995,72.0,88.0,61.0,1.0001141464970598,0.2916666666666666
2020-08-01,2020-10-31,Zip Code: 98103,Condo/Co-op,420000.0,425000.0,588.2352941176471,53.0,79.0,40.0,1.0056398856483502,0.2830188679245282
2018-01-01,2018-03-31,Zip Code: 98103,All Residential,855000.0,799950.0,511.4824561403509,140.0,198.0,31.0,1.0738479133836465,0.65
2013-01-01,2013-03-31,Zip Code: 98103,All Residential,432000.0,450000.0,282.3529411764706,135.0,185.0,57.0,1.0115046643905026,0.4444444444444444
2012-06-01,2012-08-31,Zip Code: 98101,All Residential,499975.0,575000.0,525.4201680672269,62.0,61.0,53.0,0.9666194248180816,0.032258064516129
2016-04-01,2016-06-30,Zip Code: 98103,Townhouse,638000.0,578000.0,413.5338345864662,59.0,61.0,7.0,1.0676351146621943,0.5932203389830508
2014-04-01,2014-06-30,Zip Code: 98121,Townhouse,275000.0,,342.4657534246575,1.0,,,0.8461538461538461,0.0
2020-07-01,2020-09-30,Zip Code: 98103,Townhouse,707475.0,694475.0,519.0429121345152,94.0,124.0,36.0,1.0086246787396236,0.3723404255319148
2022-05-01,2022-07-31,Zip Code: 98103,All Residential,900000.0,875000.0,643.0504438190085,284.0,349.0,109.0,1.0482118764143695,0.5105633802816901
2016-11-01,2017-01-31,Zip Code: 98103,Townhouse,679250.0,649922.0,445.20169340463457,40.0,37.0,7.0,1.0358944828662997,0.5
2012-06-01,2012-08-31,Zip Code: 98122,Multi-Family (2-4 Unit),451100.0,609950.0,184.12244897959184,3.0,4.0,5.0,0.9880277252678008,0.0
2022-01-01,2022-03-31,Zip Code: 98103,Condo/Co-op,459900.0,445000.0,651.7857142857143,45.0,57.0,8.0,1.026224372493964,0.4666666666666666
2014-07-01,2014-09-30,Zip Code: 98103,Condo/Co-op,309450.0,264900.0,334.813846049324,44.0,55.0,29.0,0.9978893447257906,0.3863636363636363
2016-04-01,2016-06-30,Zip Code: 98121,Condo/Co-op,552650.0,494950.0,587.8822418716036,218.0,171.0,57.0,1.011929062400005,0.2385321100917431
2023-06-01,2023-08-31,Zip Code: 98121,All Residential,540000.0,640000.0,797.9274611398963,79.0,109.0,86.0,0.988861725194693,0.1518987341772151
2016-03-01,2016-05-31,Zip Code: 98103,Single Family Residential,750000.0,739000.0,394.0886699507389,99.0,133.0,20.0,1.0885534707955613,0.7373737373737373
2017-09-01,2017-11-30,Zip Code: 98101,Condo/Co-op,675000.0,685000.0,738.9937106918238,47.0,59.0,29.0,1.0337800687075056,0.5319148936170212
2017-01-01,2017-03-31,Zip Code: 98103,Townhouse,699450.0,593975.0,465.2610506012642,48.0,50.0,6.0,1.054026078271744,0.6875
2015-02-01,2015-04-30,Zip Code: 98121,Condo/Co-op,390000.0,581300.0,515.3949129852745,77.0,220.0,56.0,0.9978666524257092,0.3246753246753246
2020-05-01,2020-07-31,Zip Code: 98102,Condo/Co-op,470000.0,477475.0,627.8607233196481,58.0,102.0,57.0,0.9958979079771776,0.1724137931034482
2023-11-01,2024-01-31,Zip Code: 98101,Condo/Co-op,775000.0,750000.0,883.09503784693,17.0,37.0,53.0,0.9722944816404014,0.0588235294117647
2012-02-01,2012-04-30,Zip Code: 98103,Condo/Co-op,179000.0,235000.0,235.60071121760964,32.0,39.0,30.0,0.9777514040765978,0.25
2012-09-01,2012-11-30,Zip Code: 98103,Condo/Co-op,193755.0,184900.0,247.5685234305924,33.0,31.0,20.0,0.9750178181482658,0.1818181818181818
2022-04-01,2022-06-30,Zip Code: 98103,Townhouse,830000.0,810000.0,669.0939744104603,104.0,115.0,28.0,1.041919650851762,0.4903846153846153
2019-03-01,2019-05-31,Zip Code: 98103,All Residential,789500.0,775000.0,517.280633001157,224.0,305.0,116.0,1.0063461009673926,0.34375
2013-07-01,2013-09-30,Zip Code: 98103,All Residential,475000.0,449950.0,282.4858757062147,255.0,268.0,107.0,1.017641837934791,0.4549019607843137
2012-03-01,2012-05-31,Zip Code: 98175,All Residential,209000.0,269900.0,200.96153846153845,1.0,1.0,,1.0,0.0
2015-11-01,2016-01-31,Zip Code: 98121,All Residential,456000.0,585000.0,592.049782033447,78.0,82.0,47.0,0.9940096431079372,0.2948717948717948
2022-06-01,2022-08-31,Zip Code: 98121,Condo/Co-op,625000.0,619000.0,760.6177606177606,91.0,157.0,103.0,0.994849969243602,0.2527472527472527
2016-03-01,2016-05-31,Zip Code: 98175,All Residential,485000.0,334450.0,351.1947863866763,1.0,2.0,,1.1047835990888382,1.0
2012-07-01,2012-09-30,Zip Code: 98121,Condo/Co-op,287500.0,327500.0,371.81371348323785,64.0,62.0,56.0,1.0069906088052,0.375
2012-02-01,2012-04-30,Zip Code: 98175,Townhouse,250000.0,,180.50541516245488,2.0,,,0.980392156862745,0.0
2021-06-01,2021-08-31,Zip Code: 98103,Condo/Co-op,449500.0,425000.0,600.898145044139,56.0,59.0,17.0,1.021884635431228,0.3928571428571428
2015-10-01,2015-12-31,Zip Code: 98103,All Residential,599500.0,595000.0,348.354479796994,162.0,115.0,18.0,1.0435013734236531,0.5555555555555555
2019-03-01,2019-05-31,Zip Code: 98103,Multi-Family (2-4 Unit),1029500.0,879950.0,455.6103374609329,8.0,7.0,5.0,1.0145402427279953,0.5
2018-02-01,2018-04-30,Zip Code: 98103,Condo/Co-op,477500.0,455000.0,630.1921792129946,32.0,49.0,13.0,1.0750586959359294,0.53125
2018-06-01,2018-08-31,Zip Code: 98121,Condo/Co-op,628250.0,649000.0,816.5086014623455,102.0,167.0,105.0,0.9983406645215552,0.3039215686274509
2018-04-01,2018-06-30,Zip Code: 98103,Multi-Family (2-4 Unit),949700.0,1162500.0,539.699064979964,4.0,10.0,5.0,1.0565641544117643,0.25
2021-01-01,2021-03-31,Zip Code: 98103,Townhouse,732000.0,759725.0,579.4392523364486,93.0,92.0,14.0,1.0164570106003965,0.3763440860215053
2017-11-01,2018-01-31,Zip Code: 98103,Single Family Residential,875000.0,799475.0,455.1724137931034,97.0,66.0,13.0,1.0625861641379029,0.690721649484536
2021-02-01,2021-04-30,Zip Code: 98103,All Residential,799999.5,831997.5,543.4782608695652,270.0,302.0,64.0,1.0445006186620809,0.5259259259259259
2023-12-01,2024-02-29,Zip Code: 98101,All Residential,925000.0,749975.0,868.0600914435009,29.0,54.0,59.0,0.9719600426186854,0.0344827586206896
2015-06-01,2015-08-31,Zip Code: 98103,Townhouse,572504.0,565000.0,390.6427221172023,62.0,69.0,9.0,1.0485855222500575,0.5967741935483871
2012-11-01,2013-01-31,Zip Code: 98103,Single Family Residential,478725.0,525000.0,249.46808510638297,88.0,53.0,17.0,0.9926970172491985,0.2954545454545454
2019-02-01,2019-04-30,Zip Code: 98103,Single Family Residential,878600.0,887000.0,472.52747252747247,93.0,110.0,41.0,1.0073312529515803,0.4193548387096774
2015-10-01,2015-12-31,Zip Code: 98103,Townhouse,470000.0,572475.0,348.0851063829787,37.0,28.0,1.0,1.0380887598471549,0.5405405405405405
2015-03-01,2015-05-31,Zip Code: 98121,Townhouse,597500.0,539900.0,488.2316689929884,2.0,1.0,,0.9134105081187874,0.0
2016-04-01,2016-06-30,Zip Code: 98101,Townhouse,625000.0,,599.2329817833173,1.0,,,0.9617041705647742,0.0
2018-05-01,2018-07-31,Zip Code: 98103,Condo/Co-op,522500.0,499950.0,631.2231669611308,66.0,74.0,20.0,1.0509215250907211,0.5454545454545454
2017-11-01,2018-01-31,Zip Code: 98103,Multi-Family (2-4 Unit),1050000.0,1042000.0,393.38235294117646,9.0,3.0,,0.994586930035792,0.3333333333333333
2017-01-01,2017-03-31,Zip Code: 98103,Condo/Co-op,430000.0,349750.0,535.0877192982456,35.0,40.0,4.0,1.0944353546709258,0.8571428571428571
2013-11-01,2014-01-31,Zip Code: 98101,All Residential,680000.0,559490.0,548.0916030534352,33.0,42.0,19.0,0.9756206544906956,0.1515151515151515
2014-09-01,2014-11-30,Zip Code: 98103,Condo/Co-op,239250.0,293000.0,329.9365628604383,42.0,42.0,22.0,0.994019459507518,0.2619047619047619
2017-05-01,2017-07-31,Zip Code: 98103,All Residential,700000.0,698000.0,484.5070422535212,261.0,278.0,42.0,1.0949222576687176,0.7126436781609194
2022-05-01,2022-07-31,Zip Code: 98103,Condo/Co-op,525000.0,450000.0,653.7982565379825,61.0,75.0,21.0,1.0189478036184283,0.4098360655737705
2022-06-01,2022-08-31,Zip Code: 98107,Multi-Family (2-4 Unit),1122500.0,1324500.0,445.3581871345029,6.0,8.0,5.0,0.95975243153144,0.0
2016-12-01,2017-02-28,Zip Code: 98103,Townhouse,692450.0,624975.0,465.2610506012642,42.0,42.0,6.0,1.0374641487168217,0.5952380952380952
2015-09-01,2015-11-30,Zip Code: 98101,Condo/Co-op,817100.0,609950.0,720.8931419457734,61.0,63.0,55.0,0.9972769019940834,0.1475409836065573
2021-12-01,2022-02-28,Zip Code: 98103,Single Family Residential,1175000.0,1099000.0,625.0,79.0,73.0,12.0,1.089320664898166,0.6075949367088607
2015-01-01,2015-03-31,Zip Code: 98103,Condo/Co-op,262975.0,295000.0,361.773885029699,36.0,37.0,10.0,1.0016527670779372,0.3055555555555555
2023-09-01,2023-11-30,Zip Code: 98103,Condo/Co-op,520000.0,549000.0,640.8020924149956,25.0,33.0,12.0,0.9951526129312068,0.2399999999999999
2017-09-01,2017-11-30,Zip Code: 98103,Single Family Residential,890000.0,809500.0,451.35566188197765,123.0,124.0,12.0,1.0702121473778443,0.6260162601626015
2012-07-01,2012-09-30,Zip Code: 98103,Condo/Co-op,208500.0,212475.0,264.40965902196336,36.0,40.0,35.0,0.9816614343003632,0.2222222222222222
2021-10-01,2021-12-31,Zip Code: 98103,Single Family Residential,1050000.0,1075000.0,557.020156607096,134.0,79.0,2.0,1.051876157764856,0.544776119402985
2020-08-01,2020-10-31,Zip Code: 98103,Single Family Residential,925000.0,899999.5,510.6382978723405,181.0,216.0,45.0,1.0391805289267166,0.5082872928176795
2019-10-01,2019-12-31,Zip Code: 98103,Single Family Residential,906000.0,890000.0,453.44370860927154,90.0,57.0,12.0,1.0128249041981423,0.3444444444444444
2015-07-01,2015-09-30,Zip Code: 98103,Condo/Co-op,294500.0,285000.0,427.0724369604967,58.0,43.0,6.0,1.0457198098837162,0.6896551724137931
2018-11-01,2019-01-31,Zip Code: 98103,Condo/Co-op,380000.0,412500.0,564.6153846153846,29.0,26.0,19.0,0.9872669995037692,0.0344827586206896
2016-07-01,2016-09-30,Zip Code: 98101,All Residential,604950.0,635000.0,734.7140039447731,151.0,71.0,28.0,0.9990936823904114,0.0397350993377483
2021-07-01,2021-09-30,Zip Code: 98101,All Residential,668995.0,679900.0,890.2777777777777,95.0,107.0,69.0,0.9882817212769868,0.1263157894736842
2020-09-01,2020-11-30,Zip Code: 98101,All Residential,665000.0,665000.0,791.213660066119,44.0,85.0,89.0,0.979227220829743,0.1136363636363636
2017-02-01,2017-04-30,Zip Code: 98103,Multi-Family (2-4 Unit),827500.0,847450.0,385.17675594777313,12.0,10.0,3.0,1.0273169372580024,0.5
2021-08-01,2021-10-31,Zip Code: 98175,Townhouse,653550.0,649950.0,473.2440260680666,1.0,1.0,,1.005538887606739,1.0
2012-02-01,2012-04-30,Zip Code: 98121,All Residential,288000.0,349500.0,370.5642615538179,50.0,86.0,63.0,0.9674460178435904,0.08
2012-12-01,2013-02-28,Zip Code: 98103,Multi-Family (2-4 Unit),490000.0,480000.0,250.0,2.0,4.0,4.0,0.9751455241543358,0.0
2019-11-01,2020-01-31,Zip Code: 98103,Multi-Family (2-4 Unit),1025000.0,898000.0,397.1119133574008,5.0,5.0,4.0,0.9699615352525444,0.0
2021-04-01,2021-06-30,Zip Code: 98121,Condo/Co-op,607500.0,649500.0,720.164609053498,123.0,152.0,78.0,0.990953365038948,0.2032520325203252
2019-10-01,2019-12-31,Zip Code: 98103,Multi-Family (2-4 Unit),1025000.0,1039000.0,397.1119133574008,3.0,5.0,4.0,0.951756312489272,0.0
2012-04-01,2012-06-30,Zip Code: 98103,Single Family Residential,490000.0,509950.0,258.6903799514956,135.0,141.0,44.0,1.0045011702818727,0.4074074074074073
2022-12-01,2023-02-28,Zip Code: 98103,Single Family Residential,1090000.0,1224994.0,543.130888719124,50.0,44.0,19.0,0.992642428010816,0.28
2021-08-01,2021-10-31,Zip Code: 98103,All Residential,826250.0,799950.0,578.5123966942149,302.0,335.0,73.0,1.0357115652225188,0.4304635761589403
2023-09-01,2023-11-30,Zip Code: 98103,All Residential,887000.0,859974.5,577.115523465704,157.0,190.0,61.0,1.0040216321837592,0.3566878980891719
2020-04-01,2020-06-30,Zip Code: 98103,Multi-Family (2-4 Unit),1115100.0,947475.0,443.8911736792154,2.0,8.0,8.0,0.9413033068204156,0.5
2015-09-01,2015-11-30,Zip Code: 98103,Condo/Co-op,280000.0,284975.0,416.9805853375833,36.0,28.0,7.0,1.0285617053182878,0.4444444444444444
2015-06-01,2015-08-31,Zip Code: 98121,All Residential,557500.0,592500.0,575.5853768106415,256.0,195.0,38.0,1.0012065593446349,0.109375
2013-02-01,2013-04-30,Zip Code: 98103,Condo/Co-op,197250.0,214950.0,317.1013412816692,34.0,49.0,25.0,0.9954337500114876,0.3529411764705882
2020-09-01,2020-11-30,Zip Code: 98103,Townhouse,702500.0,735000.0,522.8638485544063,96.0,91.0,26.0,1.002498564678689,0.28125
2019-01-01,2019-03-31,Zip Code: 98121,All Residential,577250.0,700000.0,749.5511669658887,65.0,113.0,99.0,0.976923523437744,0.1076923076923077
2015-05-01,2015-07-31,Zip Code: 98103,Condo/Co-op,315000.0,299450.0,375.4448398576512,55.0,52.0,12.0,1.0364873593102215,0.7272727272727272
2017-02-01,2017-04-30,Zip Code: 98103,Townhouse,667500.0,599000.0,460.7407407407408,47.0,47.0,7.0,1.0654683203072006,0.7872340425531915
2019-08-01,2019-10-31,Zip Code: 98103,Multi-Family (2-4 Unit),750000.0,1094500.0,385.4770935594229,4.0,8.0,6.0,0.9037370272615752,0.0
2023-11-01,2024-01-31,Zip Code: 98103,Multi-Family (2-4 Unit),1315000.0,1695000.0,547.9166666666665,3.0,3.0,3.0,0.9830267660189924,0.3333333333333333
2017-03-01,2017-05-31,Zip Code: 98103,Condo/Co-op,380000.0,325000.0,555.2978056426332,55.0,56.0,9.0,1.113508408880736,0.8181818181818182
2021-03-01,2021-05-31,Zip Code: 98121,All Residential,635000.0,655000.0,713.1693795706535,126.0,162.0,75.0,0.9877375469787798,0.1666666666666666
2014-08-01,2014-10-31,Zip Code: 98103,Condo/Co-op,285500.0,267475.0,331.603229527105,46.0,54.0,27.0,0.9965207427012032,0.3478260869565217
2023-02-01,2023-04-30,Zip Code: 98103,Townhouse,740000.0,829000.0,626.6666666666665,69.0,49.0,9.0,0.99652277842467,0.217391304347826
2021-11-01,2022-01-31,Zip Code: 98103,Townhouse,750000.0,759950.0,620.8100558659218,95.0,90.0,7.0,1.007809335938789,0.2526315789473684
2017-08-01,2017-10-31,Zip Code: 98103,Townhouse,758000.0,754975.0,529.6730538922155,52.0,64.0,9.0,1.0643993936445173,0.6153846153846154
2021-11-01,2022-01-31,Zip Code: 98121,Condo/Co-op,708000.0,690000.0,823.6994219653179,113.0,91.0,26.0,0.999727845151732,0.15929203539823
2017-08-01,2017-10-31,Zip Code: 98103,All Residential,730000.0,702625.0,501.8348623853211,259.0,274.0,42.0,1.0675502395443976,0.637065637065637
2017-10-01,2017-12-31,Zip Code: 98103,Single Family Residential,870000.0,799950.0,456.7073170731707,121.0,85.0,2.0,1.0706294787357853,0.6446280991735536
2013-11-01,2014-01-31,Zip Code: 98103,Single Family Residential,575000.0,539950.0,293.6565084084363,80.0,50.0,15.0,1.018866860389782,0.4375
2014-06-01,2014-08-31,Zip Code: 98103,Multi-Family (2-4 Unit),722500.0,585000.0,216.31338240149148,10.0,15.0,9.0,0.9767574491707284,0.4
2013-05-01,2013-07-31,Zip Code: 98103,All Residential,475000.0,450000.0,285.78349944629014,294.0,326.0,86.0,1.0298885788664582,0.5408163265306122
2014-11-01,2015-01-31,Zip Code: 98103,Townhouse,398500.0,424975.0,329.82171799027554,33.0,20.0,1.0,0.9905693401875406,0.2424242424242424
2022-04-01,2022-06-30,Zip Code: 98101,All Residential,715000.0,702000.0,824.1758241758241,69.0,100.0,76.0,0.99922402500433,0.2753623188405797
2013-08-01,2013-10-31,Zip Code: 98121,Condo/Co-op,350750.0,431200.0,448.06431140258087,90.0,137.0,67.0,0.9921271971446732,0.2444444444444444
2014-08-01,2014-10-31,Zip Code: 98103,Single Family Residential,608000.0,599950.0,310.09648518263265,119.0,118.0,26.0,1.022691588239425,0.4789915966386554
2012-11-01,2013-01-31,Zip Code: 98103,Townhouse,419000.0,409925.0,292.39766081871346,35.0,26.0,4.0,0.9894521852095022,0.3428571428571428
2023-04-01,2023-06-30,Zip Code: 98103,All Residential,1000000.0,949999.5,587.6623376623377,181.0,234.0,68.0,1.0187582063526883,0.4475138121546961
2015-04-01,2015-06-30,Zip Code: 98103,Single Family Residential,650000.0,643750.0,351.7153217697336,126.0,160.0,35.0,1.0915756668347651,0.7619047619047618
2018-05-01,2018-07-31,Zip Code: 98121,All Residential,650000.0,625000.0,837.7541998231654,100.0,173.0,78.0,1.0149872657113967,0.39
2019-08-01,2019-10-31,Zip Code: 98101,Condo/Co-op,722750.0,762500.0,776.7072902942467,42.0,66.0,53.0,0.9786023878409283,0.0476190476190476
2014-02-01,2014-04-30,Zip Code: 98121,Single Family Residential,2440000.0,,274.46569178852644,1.0,,1.0,0.8792792792792792,0.0
2023-02-01,2023-04-30,Zip Code: 98103,Condo/Co-op,440000.0,507500.0,592.566118656183,29.0,28.0,9.0,1.005967159859258,0.3793103448275861
2020-06-01,2020-08-31,Zip Code: 98103,Multi-Family (2-4 Unit),1310000.0,1250000.0,492.8872350890699,5.0,15.0,14.0,0.9704443346810568,0.0
2017-05-01,2017-07-31,Zip Code: 98121,Condo/Co-op,631500.0,600000.0,751.248483416414,100.0,122.0,24.0,1.0529141208566142,0.67
2019-05-01,2019-07-31,Zip Code: 98103,Townhouse,770000.0,768000.0,532.370251471375,65.0,81.0,29.0,0.9925187606528708,0.1384615384615384
2021-07-01,2021-09-30,Zip Code: 98121,All Residential,635000.0,699950.0,829.5454545454545,151.0,130.0,62.0,0.9982329849194748,0.2251655629139073
2021-04-01,2021-06-30,Zip Code: 98101,All Residential,659000.0,735000.0,860.215053763441,87.0,93.0,63.0,0.9890502519830818,0.2068965517241379
2013-12-01,2014-02-28,Zip Code: 98103,Condo/Co-op,322500.0,242225.0,343.3069055347577,28.0,30.0,18.0,0.9885234361739736,0.25
2019-02-01,2019-04-30,Zip Code: 98103,Multi-Family (2-4 Unit),903500.0,799950.0,431.76187926272473,6.0,5.0,2.0,1.0378221725128822,0.6666666666666666
2020-10-01,2020-12-31,Zip Code: 98103,Townhouse,676250.0,745000.0,510.959040959041,82.0,67.0,19.0,0.9982372526465972,0.2195121951219512
2020-10-01,2020-12-31,Zip Code: 98103,All Residential,785000.0,774999.0,484.78015783540025,319.0,241.0,61.0,1.0142873887709252,0.3573667711598745
2022-09-01,2022-11-30,Zip Code: 98103,Multi-Family (2-4 Unit),1237500.0,1195000.0,497.8689067284615,9.0,7.0,2.0,0.9924620815543914,0.2222222222222222
2023-12-01,2024-02-29,Zip Code: 98103,Condo/Co-op,500500.0,475000.0,598.8509749303621,29.0,32.0,12.0,0.9879924165228188,0.1379310344827586
2020-10-01,2020-12-31,Zip Code: 98103,Single Family Residential,875000.0,880000.0,476.7625671830541,171.0,120.0,13.0,1.030135129946992,0.4912280701754385
2015-05-01,2015-07-31,Zip Code: 98103,Multi-Family (2-4 Unit),557000.0,699475.0,338.718820861678,7.0,16.0,5.0,1.0507829988957462,0.4285714285714285
2023-02-01,2023-04-30,Zip Code: 98103,Multi-Family (2-4 Unit),1350000.0,1175000.0,435.483870967742,5.0,6.0,3.0,1.0172798216276475,0.5999999999999999
2021-09-01,2021-11-30,Zip Code: 98121,All Residential,667500.0,721250.0,835.7497117346184,142.0,128.0,57.0,0.9980478142582884,0.1971830985915492
2019-04-01,2019-06-30,Zip Code: 98103,Single Family Residential,893000.0,895000.0,479.5677136102668,119.0,141.0,42.0,1.017057471773286,0.3949579831932773
2013-09-01,2013-11-30,Zip Code: 98103,Townhouse,405000.0,424475.0,302.6178010471204,35.0,36.0,8.0,1.0005620404862785,0.4
2023-12-01,2024-02-29,Zip Code: 98112,Townhouse,788500.0,899000.0,664.7807637906648,3.0,5.0,3.0,0.9835894492175368,0.0
2012-09-01,2012-11-30,Zip Code: 98101,All Residential,499750.0,500000.0,490.72577996715927,60.0,63.0,43.0,0.9711663624417513,0.0833333333333333
2012-09-01,2012-11-30,Zip Code: 98103,All Residential,423000.0,432000.0,256.4102564102564,195.0,167.0,65.0,0.9988648281973604,0.3384615384615384
2022-08-01,2022-10-31,Zip Code: 98103,Single Family Residential,1060000.0,1095000.0,554.1871921182266,103.0,114.0,44.0,1.0068407437107016,0.3106796116504854
2014-09-01,2014-11-30,Zip Code: 98103,Single Family Residential,610000.0,599950.0,301.7151162790698,113.0,103.0,20.0,1.0154543090556136,0.4424778761061947
2016-06-01,2016-08-31,Zip Code: 98103,Single Family Residential,761000.0,679000.0,393.0880713489409,166.0,161.0,25.0,1.0607798941839668,0.5903614457831325
2023-12-01,2024-02-29,Zip Code: 98121,All Residential,719000.0,650000.0,791.8752248121709,54.0,91.0,72.0,0.9828527176567696,0.1111111111111111
2023-09-01,2023-11-30,Zip Code: 98101,Condo/Co-op,585000.0,639000.0,718.3020266930304,26.0,41.0,59.0,0.9878163323682252,0.1538461538461538
2017-11-01,2018-01-31,Zip Code: 98103,Townhouse,720000.0,725000.0,558.7412587412588,51.0,37.0,6.0,1.0378815449203764,0.5294117647058822
2023-11-01,2024-01-31,Zip Code: 98103,All Residential,866000.0,829950.0,592.7835051546392,161.0,117.0,40.0,0.9943540443431949,0.217391304347826
2018-11-01,2019-01-31,Zip Code: 98103,All Residential,700000.0,750000.0,471.2652208716119,144.0,149.0,85.0,0.981720217693075,0.1388888888888889
2018-08-01,2018-10-31,Zip Code: 98103,Townhouse,727000.0,699975.0,555.5555555555555,35.0,66.0,43.0,0.997231471583296,0.2571428571428571
2023-01-01,2023-03-31,Zip Code: 98101,All Residential,574500.0,799500.0,722.1523683885063,26.0,55.0,53.0,0.9819715682814985,0.1923076923076923
2018-01-01,2018-03-31,Zip Code: 98121,Condo/Co-op,633500.0,599975.0,858.5409252669039,67.0,82.0,20.0,1.0369572474754494,0.4925373134328358
2019-12-01,2020-02-29,Zip Code: 98103,Townhouse,685000.0,707470.0,506.31787013713966,56.0,48.0,12.0,0.998575234415066,0.25
2012-08-01,2012-10-31,Zip Code: 98101,All Residential,500000.0,499500.0,486.3098942128189,57.0,57.0,48.0,0.9748970219101876,0.087719298245614
2012-09-01,2012-11-30,Zip Code: 98121,Condo/Co-op,283750.0,329950.0,391.04698483166845,60.0,53.0,47.0,0.9930247369294312,0.25
2015-10-01,2015-12-31,Zip Code: 98103,Condo/Co-op,297000.0,288750.0,401.3388388388388,26.0,22.0,5.0,1.0216970484496917,0.423076923076923
2017-07-01,2017-09-30,Zip Code: 98103,All Residential,745000.0,699999.0,497.60959605361126,251.0,260.0,32.0,1.0756530286558397,0.6733067729083664
2015-12-01,2016-02-29,Zip Code: 98103,Single Family Residential,676500.0,619000.0,359.7384770815888,70.0,69.0,20.0,1.0518508393193902,0.5428571428571428
2017-10-01,2017-12-31,Zip Code: 98103,Condo/Co-op,387525.0,384990.0,575.8197553423684,60.0,43.0,2.0,1.0435023856456465,0.6166666666666667
2018-10-01,2018-12-31,Zip Code: 98103,All Residential,749950.0,749950.0,480.715811965812,177.0,163.0,83.0,0.988124932186538,0.1977401129943502
2012-02-01,2012-04-30,Zip Code: 98103,Townhouse,359250.0,394725.0,270.34901033455947,38.0,36.0,11.0,0.9919430808098754,0.3421052631578947
2015-01-01,2015-03-31,Zip Code: 98103,Single Family Residential,594875.0,609000.0,322.3414517669532,70.0,90.0,18.0,1.0491984804097294,0.5999999999999999
2019-10-01,2019-12-31,Zip Code: 98103,Townhouse,680000.0,734950.0,481.79410791128765,56.0,46.0,14.0,0.990092275705359,0.1428571428571428
2015-02-01,2015-04-30,Zip Code: 98103,Multi-Family (2-4 Unit),678750.0,635000.0,209.7058872387787,6.0,10.0,,1.0091873728639056,0.3333333333333333
2022-07-01,2022-09-30,Zip Code: 98103,All Residential,867500.0,900000.0,604.3453908409001,232.0,287.0,119.0,1.0005266210361297,0.2629310344827586
2015-02-01,2015-04-30,Zip Code: 98101,Condo/Co-op,497000.0,605000.0,567.6344866656407,34.0,55.0,28.0,0.9980103342033646,0.4705882352941176
2020-03-01,2020-05-31,Zip Code: 98121,Condo/Co-op,642500.0,647000.0,766.2161752788905,60.0,116.0,78.0,0.990854577725773,0.1499999999999999
2013-02-01,2013-04-30,Zip Code: 98103,Multi-Family (2-4 Unit),594500.0,559950.0,229.35606060606065,4.0,11.0,5.0,1.0289361491684463,0.75
2017-12-01,2018-02-28,Zip Code: 98121,All Residential,635100.0,599500.0,830.5709023941068,57.0,60.0,15.0,1.0363352786911169,0.4912280701754385
2017-05-01,2017-07-31,Zip Code: 98103,Condo/Co-op,360000.0,347500.0,588.2352941176471,61.0,64.0,10.0,1.1108788251789523,0.7868852459016393
2019-12-01,2020-02-29,Zip Code: 98103,All Residential,730000.0,722475.0,508.88888888888886,163.0,158.0,58.0,1.0068065555067711,0.2944785276073619
2016-10-01,2016-12-31,Zip Code: 98107,Single Family Residential,724500.0,729000.0,429.7536029753603,44.0,31.0,3.0,1.0121863971189975,0.4545454545454545
2014-09-01,2014-11-30,Zip Code: 98103,All Residential,489950.0,495000.0,307.3529411764706,207.0,191.0,52.0,1.007248129538323,0.3768115942028985
2014-06-01,2014-08-31,Zip Code: 98121,All Residential,350000.0,499250.0,484.4273811871426,78.0,134.0,75.0,0.9912777075393544,0.1666666666666666
2019-08-01,2019-10-31,Zip Code: 98117,All Residential,775000.0,759950.0,435.213004484305,182.0,183.0,77.0,1.0028893981842029,0.3351648351648351
2016-03-01,2016-05-31,Zip Code: 98103,All Residential,623500.0,599000.0,412.5177809388336,227.0,277.0,37.0,1.0753665453403456,0.6916299559471366
2020-11-01,2021-01-31,Zip Code: 98103,Single Family Residential,900000.0,882000.0,481.3928310502283,130.0,86.0,20.0,1.0188807519055547,0.4307692307692307
2013-10-01,2013-12-31,Zip Code: 98103,Townhouse,402400.0,449000.0,301.3985062583272,38.0,23.0,10.0,0.9952074911465512,0.3421052631578947
2017-11-01,2018-01-31,Zip Code: 98175,All Residential,610000.0,511950.0,420.6896551724138,1.0,2.0,,1.222444889779559,1.0
2018-10-01,2018-12-31,Zip Code: 98101,All Residential,797000.0,829000.0,796.7910447761194,32.0,33.0,37.0,0.9731722579413778,0.03125
2018-12-01,2019-02-28,Zip Code: 98103,Multi-Family (2-4 Unit),1174900.0,950000.0,410.44490789016334,2.0,7.0,8.0,1.0075281963187217,0.5
2019-09-01,2019-11-30,Zip Code: 98103,Multi-Family (2-4 Unit),672500.0,1150000.0,490.0712334113974,2.0,7.0,4.0,0.9390530018915716,0.0
2018-03-01,2018-05-31,Zip Code: 98103,Multi-Family (2-4 Unit),1099700.0,1340000.0,446.897081975616,4.0,8.0,4.0,1.0765641544117646,0.5
2021-09-01,2021-11-30,Zip Code: 98103,Condo/Co-op,463100.0,449999.0,597.054583337718,52.0,53.0,14.0,1.0049350298231414,0.2307692307692307
2018-11-01,2019-01-31,Zip Code: 98121,Condo/Co-op,585500.0,660000.0,734.811503583443,58.0,75.0,87.0,0.976799396927766,0.0862068965517241
2012-05-01,2012-07-31,Zip Code: 98121,Single Family Residential,330000.0,,372.04058624577226,1.0,,,0.9428571428571428,0.0
2016-08-01,2016-10-31,Zip Code: 98122,Multi-Family (2-4 Unit),955500.0,659950.0,440.2391299647575,4.0,5.0,1.0,1.048725296212617,1.0
2020-12-01,2021-02-28,Zip Code: 98103,Multi-Family (2-4 Unit),840000.0,849950.0,373.59022556390977,14.0,11.0,3.0,0.9739363537423514,0.1428571428571428
2015-07-01,2015-09-30,Zip Code: 98103,Townhouse,560008.0,530000.0,377.35849056603774,61.0,58.0,7.0,1.0497927838174177,0.6557377049180327
2020-10-01,2020-12-31,Zip Code: 98121,Condo/Co-op,615000.0,649950.0,692.040369088812,59.0,86.0,104.0,0.9768963352766789,0.1016949152542372
2018-12-01,2019-02-28,Zip Code: 98103,All Residential,697000.0,750000.0,475.34160152337125,156.0,149.0,87.0,0.9838249290079764,0.1666666666666666
2015-02-01,2015-04-30,Zip Code: 98103,Single Family Residential,625000.0,625000.0,324.661508704062,82.0,135.0,21.0,1.0642313375363062,0.6951219512195121
2018-04-01,2018-06-30,Zip Code: 98121,Condo/Co-op,650000.0,630000.0,862.079925160114,104.0,184.0,81.0,1.0322836581753736,0.5
2022-01-01,2022-03-31,Zip Code: 98103,Single Family Residential,1185000.0,999950.0,658.3629893238434,85.0,116.0,22.0,1.1474376437293754,0.6941176470588235
2021-10-01,2021-12-31,Zip Code: 98103,Multi-Family (2-4 Unit),968500.0,1245000.0,482.9305444706157,4.0,2.0,2.0,0.9984929539314732,0.25
2015-11-01,2016-01-31,Zip Code: 98103,Single Family Residential,666500.0,599950.0,359.16289592760177,68.0,59.0,15.0,1.0443920502610733,0.5294117647058822
2018-01-01,2018-03-31,Zip Code: 98101,Condo/Co-op,903400.0,1075000.0,896.8599033816425,40.0,87.0,46.0,1.0139631396045852,0.2999999999999999
2021-03-01,2021-05-31,Zip Code: 98103,Single Family Residential,1035000.0,947000.0,526.8817204301075,127.0,162.0,18.0,1.0821424338917502,0.5984251968503937
2023-10-01,2023-12-31,Zip Code: 98103,Townhouse,845000.0,829950.0,611.8895249368833,52.0,53.0,23.0,0.9895157296530656,0.2307692307692307
2021-04-01,2021-06-30,Zip Code: 98103,Single Family Residential,1000000.0,985000.0,537.3134328358209,161.0,181.0,24.0,1.0749273539969215,0.577639751552795
2015-09-01,2015-11-30,Zip Code: 98103,Single Family Residential,680000.0,634475.0,362.4434389140271,95.0,102.0,10.0,1.0657639381134232,0.7157894736842105
2017-12-01,2018-02-28,Zip Code: 98103,Condo/Co-op,420000.0,399950.0,620.9150326797386,29.0,30.0,6.0,1.0697296405383687,0.6551724137931034
2020-03-01,2020-05-31,Zip Code: 98121,All Residential,642500.0,647000.0,766.2161752788905,60.0,116.0,78.0,0.9908545777257732,0.1499999999999999
2019-07-01,2019-09-30,Zip Code: 98107,Condo/Co-op,450000.0,449000.0,601.9766397124888,27.0,33.0,32.0,0.984344455105218,0.1481481481481481
2018-04-01,2018-06-30,Zip Code: 98103,Townhouse,819475.0,717000.0,566.0436137071652,58.0,66.0,10.0,1.0620043245496045,0.6379310344827586
2012-10-01,2012-12-31,Zip Code: 98121,Condo/Co-op,310000.0,329950.0,392.71255060728737,51.0,41.0,44.0,0.9914505629085462,0.2352941176470588
2021-12-01,2022-02-28,Zip Code: 98121,Condo/Co-op,699500.0,692975.0,773.99549983928,110.0,100.0,33.0,0.9979590916491932,0.1636363636363636
2013-09-01,2013-11-30,Zip Code: 98101,All Residential,475000.0,585000.0,534.0909090909091,43.0,61.0,34.0,0.98649100875254,0.1860465116279069
2018-08-01,2018-10-31,Zip Code: 98103,Condo/Co-op,471500.0,430000.0,652.1597482254515,42.0,60.0,36.0,0.995399753687578,0.2142857142857142
2012-02-01,2012-04-30,Zip Code: 98103,Single Family Residential,478750.0,475000.0,241.40631545029805,90.0,117.0,44.0,1.0052752575205592,0.3666666666666666
2012-07-01,2012-09-30,Zip Code: 98103,All Residential,408000.0,449500.0,259.6497431698057,186.0,227.0,113.0,0.997780942396087,0.3817204301075268
2013-10-01,2013-12-31,Zip Code: 98101,Condo/Co-op,550000.0,602500.0,545.2609158679446,39.0,51.0,28.0,0.9881296482834327,0.2307692307692307
2021-11-01,2022-01-31,Zip Code: 98103,Multi-Family (2-4 Unit),1018500.0,925000.0,485.16814088772014,6.0,1.0,1.0,0.991109232041568,0.1666666666666666
2021-06-01,2021-08-31,Zip Code: 98134,Condo/Co-op,408000.0,427000.0,354.7826086956522,1.0,5.0,2.0,0.983132530120482,0.0
2014-04-01,2014-06-30,Zip Code: 98122,Single Family Residential,632500.0,602500.0,295.04762976297627,64.0,96.0,34.0,1.0318461478871583,0.546875
2014-05-01,2014-07-31,Zip Code: 98103,Condo/Co-op,270000.0,295000.0,344.62444771723125,35.0,49.0,25.0,0.989804324497355,0.3142857142857142
2022-10-01,2022-12-31,Zip Code: 98103,Single Family Residential,1075000.0,995000.0,571.8085106382979,57.0,51.0,24.0,1.0072474822933837,0.4035087719298245
2012-08-01,2012-10-31,Zip Code: 98103,All Residential,411500.0,442500.0,256.993006993007,193.0,202.0,81.0,1.0032378596764155,0.3989637305699481
2018-09-01,2018-11-30,Zip Code: 98103,Townhouse,725000.0,699950.0,546.5295299504719,30.0,65.0,37.0,0.9935048622761038,0.1666666666666666
2016-01-01,2016-03-31,Zip Code: 98101,All Residential,654500.0,612475.0,677.968128054562,50.0,88.0,49.0,1.009304935552113,0.2999999999999999
2021-02-01,2021-04-30,Zip Code: 98103,Single Family Residential,1010000.0,950000.0,523.2558139534884,115.0,138.0,30.0,1.078083573446348,0.608695652173913
2015-06-01,2015-08-31,Zip Code: 98101,All Residential,625000.0,600000.0,668.9483509645302,103.0,89.0,57.0,1.0075809322782887,0.1844660194174757
2018-08-01,2018-10-31,Zip Code: 98103,Multi-Family (2-4 Unit),1200000.0,1125000.0,405.26849037487335,5.0,8.0,8.0,0.9903772975658488,0.4
2018-06-01,2018-08-31,Zip Code: 98103,Single Family Residential,890000.0,825000.0,477.0186335403727,133.0,133.0,34.0,1.0395816989349909,0.5263157894736841
2021-05-01,2021-07-31,Zip Code: 98103,Townhouse,799000.0,769950.0,593.6111111111111,111.0,125.0,29.0,1.0277196366057582,0.5225225225225225
2020-12-01,2021-02-28,Zip Code: 98103,Single Family Residential,915000.0,942450.0,498.533724340176,103.0,92.0,19.0,1.0281528804377538,0.4466019417475728
2020-04-01,2020-06-30,Zip Code: 98103,All Residential,729000.0,760000.0,510.5377906976744,195.0,268.0,89.0,1.0137981822843791,0.3589743589743589
2022-02-01,2022-04-30,Zip Code: 98103,Multi-Family (2-4 Unit),1032500.0,1202500.0,437.9935625114024,8.0,10.0,3.0,1.0320246033220115,0.5
2012-05-01,2012-07-31,Zip Code: 98103,All Residential,449475.0,419900.0,262.6974506018624,210.0,229.0,104.0,0.998901010333508,0.3714285714285714
2022-10-01,2022-12-31,Zip Code: 98103,All Residential,905000.0,895000.0,605.2631578947369,132.0,111.0,61.0,0.99484799958967,0.2424242424242424
2022-04-01,2022-06-30,Zip Code: 98103,Multi-Family (2-4 Unit),995000.0,1100000.0,506.57011649035576,10.0,13.0,7.0,1.0238597291939786,0.5
2017-06-01,2017-08-31,Zip Code: 98119,All Residential,862500.0,848900.0,512.7731162037616,142.0,123.0,28.0,1.0344253352413426,0.4718309859154929
2017-08-01,2017-10-31,Zip Code: 98103,Multi-Family (2-4 Unit),890000.0,895000.0,346.2680509271127,7.0,9.0,3.0,0.989532186883351,0.4285714285714285
2023-02-01,2023-04-30,Zip Code: 98101,All Residential,595000.0,725000.0,744.6270543615677,33.0,64.0,60.0,0.9834932491850888,0.1515151515151515
2017-10-01,2017-12-31,Zip Code: 98103,All Residential,725000.0,688000.0,516.0958904109589,247.0,179.0,9.0,1.0548888176471507,0.6072874493927125
2020-06-01,2020-08-31,Zip Code: 98103,All Residential,778000.0,765000.0,522.6130653266332,284.0,379.0,110.0,1.0263108722152288,0.426056338028169
2021-06-01,2021-08-31,Zip Code: 98102,Multi-Family (2-4 Unit),4595000.0,1999000.0,,1.0,7.0,5.0,1.0,0.0
2013-08-01,2013-10-31,Zip Code: 98103,Condo/Co-op,244950.0,239500.0,321.64502164502164,37.0,53.0,23.0,1.0035984648425962,0.2972972972972973
2020-01-01,2020-03-31,Zip Code: 98103,Townhouse,723750.0,674975.0,511.1842563566702,58.0,64.0,21.0,1.007782030577712,0.3275862068965517
2019-01-01,2019-03-31,Zip Code: 98122,Townhouse,713750.0,709497.5,538.2687824995517,34.0,40.0,18.0,0.9951998122521184,0.3235294117647059
2017-07-01,2017-09-30,Zip Code: 98121,All Residential,625000.0,592000.0,812.0300751879699,113.0,108.0,24.0,1.0545380042923642,0.6283185840707964
2023-08-01,2023-10-31,Zip Code: 98103,Multi-Family (2-4 Unit),1285500.0,1399950.0,542.7419622141199,4.0,8.0,3.0,1.000954431749946,0.5
2018-12-01,2019-02-28,Zip Code: 98103,Townhouse,660000.0,739000.0,477.1428571428572,41.0,50.0,31.0,0.9840512969930308,0.1219512195121951
2019-09-01,2019-11-30,Zip Code: 98103,Condo/Co-op,431975.0,424950.0,547.7183414868875,24.0,27.0,29.0,0.9881655722774036,0.125
2019-09-01,2019-11-30,Zip Code: 98103,Single Family Residential,937000.0,899000.0,458.8235294117647,91.0,93.0,20.0,1.0167356701540629,0.3736263736263736
2017-01-01,2017-03-31,Zip Code: 98121,Condo/Co-op,575000.0,575000.0,697.6421636615811,81.0,85.0,20.0,1.0225642312419032,0.5185185185185184
2015-11-01,2016-01-31,Zip Code: 98103,Condo/Co-op,314700.0,339000.0,398.72408293460927,23.0,19.0,5.0,1.0253482813333177,0.4782608695652174
2017-07-01,2017-09-30,Zip Code: 98103,Condo/Co-op,398000.0,384975.0,590.31578686042,66.0,66.0,6.0,1.0968192556307013,0.7727272727272727
2016-11-01,2017-01-31,Zip Code: 98103,Single Family Residential,760000.0,757500.0,389.2733564013841,81.0,66.0,14.0,1.0475023148728468,0.5308641975308642
2015-06-01,2015-08-31,Zip Code: 98103,All Residential,572000.0,585000.0,355.52020958083835,254.0,255.0,44.0,1.0642097545409637,0.6968503937007873
2012-06-01,2012-08-31,Zip Code: 98103,Multi-Family (2-4 Unit),452500.0,499000.0,167.87226053116677,6.0,12.0,11.0,0.9713472834067548,0.1666666666666666
2018-08-01,2018-10-31,Zip Code: 98121,Condo/Co-op,642500.0,679000.0,773.13769751693,93.0,169.0,132.0,0.976379497566142,0.1075268817204301
2013-06-01,2013-08-31,Zip Code: 98103,Townhouse,378000.0,389000.0,277.27272727272725,51.0,61.0,20.0,1.011316000956215,0.3529411764705882
2019-05-01,2019-07-31,Zip Code: 98103,Condo/Co-op,410212.5,412450.0,622.5766103814884,50.0,72.0,37.0,1.0007489158543788,0.2
2013-10-01,2013-12-31,Zip Code: 98103,Multi-Family (2-4 Unit),533000.0,719990.0,216.5178571428572,3.0,1.0,6.0,0.95425069462715,0.0
2019-07-01,2019-09-30,Zip Code: 98103,Townhouse,750000.0,699578.0,499.1735537190082,63.0,66.0,42.0,0.988395996737081,0.0952380952380952
2018-09-01,2018-11-30,Zip Code: 98103,Condo/Co-op,447475.0,436450.0,601.698012972249,28.0,50.0,26.0,0.9838064880316402,0.0714285714285714
2018-02-01,2018-04-30,Zip Code: 98103,All Residential,849500.0,750000.0,532.389301874596,180.0,233.0,38.0,1.0925290907573313,0.6833333333333333
2018-02-01,2018-04-30,Zip Code: 98103,Multi-Family (2-4 Unit),1125000.0,1090000.0,410.196421225833,4.0,4.0,1.0,1.076740625,0.5
2022-12-01,2023-02-28,Zip Code: 98101,Condo/Co-op,517000.0,825000.0,687.960687960688,25.0,39.0,54.0,0.9711835509540376,0.04
2022-01-01,2022-03-31,Zip Code: 98121,All Residential,665000.0,699900.0,779.5371498172958,99.0,149.0,55.0,1.001392324655528,0.2222222222222222
2022-10-01,2022-12-31,Zip Code: 98103,Condo/Co-op,445000.0,522000.0,612.1045392022008,23.0,16.0,6.0,0.9921264290414364,0.2608695652173913
2021-07-01,2021-09-30,Zip Code: 98103,All Residential,850000.0,825000.0,585.1809617290721,305.0,335.0,75.0,1.0407431867059755,0.4688524590163934
2019-10-01,2019-12-31,Zip Code: 98103,All Residential,775000.0,775000.0,463.95431834404,175.0,127.0,51.0,1.0008553691005986,0.2457142857142857
2022-05-01,2022-07-31,Zip Code: 98101,Condo/Co-op,634000.0,719000.0,801.5170670037927,59.0,95.0,67.0,0.993101854286762,0.2033898305084745
2019-08-01,2019-10-31,Zip Code: 98121,All Residential,575000.0,712500.0,723.7813884785821,81.0,112.0,95.0,0.978486222413226,0.0246913580246913
2014-11-01,2015-01-31,Zip Code: 98121,All Residential,359950.0,596000.0,469.3877551020408,59.0,78.0,60.0,0.9853340874247256,0.1864406779661017
2022-01-01,2022-03-31,Zip Code: 98103,Multi-Family (2-4 Unit),1180000.0,1180000.0,475.6554307116105,7.0,9.0,2.0,1.0228042201416574,0.2857142857142857
2016-01-01,2016-03-31,Zip Code: 98121,Townhouse,895000.0,340000.0,490.1423877327492,1.0,1.0,,1.0,0.0
2019-12-01,2020-02-29,Zip Code: 98101,All Residential,574000.0,585000.0,886.6607131674883,116.0,120.0,43.0,0.9879008611691036,0.0
2018-02-01,2018-04-30,Zip Code: 98101,Condo/Co-op,817400.0,949000.0,851.0985352862849,56.0,104.0,53.0,1.0099178470768122,0.3035714285714285
2019-02-01,2019-04-30,Zip Code: 98101,All Residential,659500.0,689000.0,745.4227593218659,32.0,83.0,71.0,0.9793918176325552,0.125
2018-07-01,2018-09-30,Zip Code: 98103,All Residential,773500.0,749000.0,530.9724945219698,214.0,273.0,132.0,1.023226281372332,0.425233644859813
2020-07-01,2020-09-30,Zip Code: 98103,Multi-Family (2-4 Unit),985000.0,1000000.0,450.04053917097394,5.0,17.0,14.0,1.0125822244268554,0.2
2023-10-01,2023-12-31,Zip Code: 98103,All Residential,868000.0,846250.0,580.6335808349678,164.0,128.0,36.0,0.999306355425098,0.298780487804878
2023-06-01,2023-08-31,Zip Code: 98103,Townhouse,942500.0,899950.0,683.1103884055581,58.0,72.0,29.0,1.0058192825898482,0.3275862068965517
2015-05-01,2015-07-31,Zip Code: 98107,All Residential,599000.0,509500.0,402.3032069970845,153.0,172.0,30.0,1.0502445909621625,0.6405228758169934
2014-06-01,2014-08-31,Zip Code: 98101,Condo/Co-op,523000.0,535000.0,585.7294994675185,53.0,69.0,28.0,0.98798098423798,0.3018867924528301
2017-12-01,2018-02-28,Zip Code: 98103,All Residential,775000.0,799000.0,511.868544600939,158.0,133.0,25.0,1.060387977197247,0.6329113924050633
2018-02-01,2018-04-30,Zip Code: 98101,All Residential,817400.0,949000.0,851.0985352862849,56.0,104.0,53.0,1.0099178470768124,0.3035714285714285
2014-09-01,2014-11-30,Zip Code: 98121,All Residential,370000.0,414100.0,480.62015503875966,89.0,110.0,57.0,0.9868459818219198,0.2022471910112359
2012-11-01,2013-01-31,Zip Code: 98103,Condo/Co-op,207000.0,184900.0,254.7528517110266,29.0,25.0,19.0,1.0005049268714656,0.2068965517241379
2023-09-01,2023-11-30,Zip Code: 98103,Single Family Residential,1011000.0,1042500.0,553.9348767488341,76.0,90.0,14.0,1.01392229947442,0.4605263157894736
2021-10-01,2021-12-31,Zip Code: 98103,All Residential,815000.0,790000.0,575.8799830364716,286.0,215.0,25.0,1.0286604423200876,0.416083916083916
2017-03-01,2017-05-31,Zip Code: 98134,Condo/Co-op,1650000.0,399990.0,932.7303561334088,1.0,1.0,1.0,0.9433962264150944,0.0
2013-06-01,2013-08-31,Zip Code: 98103,All Residential,475000.0,444725.0,286.6666666666667,275.0,288.0,92.0,1.02361933397106,0.4763636363636363
2022-07-01,2022-09-30,Zip Code: 98136,All Residential,855000.0,899000.0,509.7087378640777,73.0,103.0,43.0,1.0114393330778808,0.3424657534246575
2023-01-01,2023-03-31,Zip Code: 98121,Condo/Co-op,572500.0,595000.0,806.9248288089998,70.0,110.0,62.0,0.9872279939970248,0.0857142857142857
2021-03-01,2021-05-31,Zip Code: 98101,Condo/Co-op,610000.0,725000.0,860.215053763441,85.0,95.0,50.0,0.9901563874062128,0.2235294117647058
2015-01-01,2015-03-31,Zip Code: 98115,Single Family Residential,611000.0,580000.0,303.64751812604567,86.0,127.0,26.0,1.0538272655091372,0.6162790697674418
2014-10-01,2014-12-31,Zip Code: 98103,All Residential,511000.0,459000.0,313.1313131313131,191.0,123.0,41.0,1.0070121321266878,0.3821989528795811
2014-05-01,2014-07-31,Zip Code: 98103,Townhouse,457975.0,449419.0,328.77037617554856,70.0,70.0,18.0,1.016037750814211,0.5142857142857142
2017-10-01,2017-12-31,Zip Code: 98103,Multi-Family (2-4 Unit),1042000.0,895000.0,421.19565217391306,7.0,5.0,1.0,1.0025787549818197,0.4285714285714285
2023-03-01,2023-05-31,Zip Code: 98103,All Residential,950500.0,974950.0,591.8324334588286,176.0,207.0,54.0,1.0194147252126209,0.4375
2013-08-01,2013-10-31,Zip Code: 98103,Multi-Family (2-4 Unit),660000.0,600000.0,209.4430992736077,5.0,6.0,9.0,0.9573134130184566,0.0
2021-06-01,2021-08-31,Zip Code: 98101,Condo/Co-op,697000.0,649900.0,864.5056442469311,82.0,107.0,65.0,0.9855215706426091,0.1219512195121951
2014-08-01,2014-10-31,Zip Code: 98118,Single Family Residential,342500.0,361650.0,213.3032435740514,122.0,146.0,86.0,0.9977875317335488,0.3360655737704917
2013-09-01,2013-11-30,Zip Code: 98103,Condo/Co-op,247000.0,299000.0,330.3684879288437,43.0,45.0,21.0,0.9930972843817056,0.1860465116279069
2017-04-01,2017-06-30,Zip Code: 98103,Multi-Family (2-4 Unit),940000.0,995000.0,437.5,11.0,7.0,,1.04087441099447,0.7272727272727272
2016-04-01,2016-06-30,Zip Code: 98103,Multi-Family (2-4 Unit),762000.0,750000.0,327.39130434782606,7.0,7.0,2.0,1.1232540668301108,0.8571428571428571
2017-11-01,2018-01-31,Zip Code: 98116,Single Family Residential,790000.0,750000.0,404.08866789236174,52.0,30.0,4.0,1.0007029901621842,0.3653846153846153
2020-09-01,2020-11-30,Zip Code: 98103,All Residential,785000.0,775000.0,510.0824745430009,338.0,361.0,95.0,1.0201992275439382,0.393491124260355
2012-08-01,2012-10-31,Zip Code: 98175,Townhouse,285000.0,,206.37219406227368,1.0,,,1.0,0.0
2021-12-01,2022-02-28,Zip Code: 98103,Condo/Co-op,425000.0,469000.0,622.4783861671469,45.0,34.0,5.0,1.0167400568566922,0.4
2013-04-01,2013-06-30,Zip Code: 98101,All Residential,470000.0,474950.0,498.6276303751144,51.0,63.0,44.0,0.98897684802545,0.1764705882352941
2017-08-01,2017-10-31,Zip Code: 98119,Condo/Co-op,494000.0,449950.0,551.1788048552755,46.0,51.0,9.0,1.0666284488376925,0.6739130434782608
2014-06-01,2014-08-31,Zip Code: 98103,Townhouse,477500.0,424725.0,336.26966783216784,58.0,42.0,13.0,1.0149123575752912,0.5172413793103448
2016-02-01,2016-04-30,Zip Code: 98101,All Residential,635000.0,639950.0,663.919413919414,55.0,99.0,57.0,1.0088399456498174,0.3272727272727272
2014-12-01,2015-02-28,Zip Code: 98103,Multi-Family (2-4 Unit),711250.0,974475.0,286.61616161616166,4.0,2.0,2.0,0.957518936791678,0.0
2015-03-01,2015-05-31,Zip Code: 98103,Townhouse,582500.0,550000.0,383.3750139555655,56.0,62.0,10.0,1.0282788555771865,0.5535714285714286
2013-06-01,2013-08-31,Zip Code: 98107,All Residential,450000.0,450000.0,318.5131195335277,135.0,151.0,47.0,1.0116550731703782,0.4592592592592592
2016-02-01,2016-04-30,Zip Code: 98103,Single Family Residential,703500.0,725000.0,388.4393063583816,83.0,115.0,25.0,1.0903601767836346,0.7469879518072288
2016-02-01,2016-04-30,Zip Code: 98101,Condo/Co-op,645000.0,639950.0,667.0168067226891,53.0,97.0,57.0,1.00989609132406,0.3396226415094339
2023-01-01,2023-03-31,Zip Code: 98103,Multi-Family (2-4 Unit),1100000.0,1275000.0,448.6923076923077,3.0,8.0,4.0,0.9903381642512076,0.3333333333333333
2022-03-01,2022-05-31,Zip Code: 98103,Condo/Co-op,475000.0,459900.0,651.3474025974026,66.0,79.0,15.0,1.0479886181131293,0.5303030303030302
2020-04-01,2020-06-30,Zip Code: 98103,Townhouse,684975.0,684950.0,509.7872340425532,68.0,85.0,29.0,1.0021094173340843,0.2647058823529411
2023-06-01,2023-08-31,Zip Code: 98116,Condo/Co-op,525000.0,715000.0,618.8466947960619,27.0,35.0,13.0,0.9980792125747748,0.2962962962962962
2022-12-01,2023-02-28,Zip Code: 98103,Townhouse,731275.5,749500.0,618.7670765027323,52.0,57.0,16.0,0.9897328113121387,0.1538461538461538
2019-08-01,2019-10-31,Zip Code: 98103,Single Family Residential,895000.0,899974.5,462.2945205479452,101.0,116.0,38.0,1.0106752064263675,0.3465346534653465
2013-11-01,2014-01-31,Zip Code: 98103,Townhouse,402350.0,450000.0,302.12033290302,36.0,35.0,15.0,0.9967767450470852,0.3611111111111111
2020-06-01,2020-08-31,Zip Code: 98112,All Residential,1204750.0,1085000.0,589.7735866893552,124.0,203.0,83.0,1.0213251707648263,0.3629032258064516
2017-09-01,2017-11-30,Zip Code: 98103,Condo/Co-op,385000.0,385000.0,549.3429697766097,66.0,53.0,3.0,1.052840712246481,0.6515151515151514
2018-12-01,2019-02-28,Zip Code: 98103,Condo/Co-op,424975.0,435000.0,567.9259718775847,32.0,27.0,19.0,0.991269875523098,0.09375
2018-05-01,2018-07-31,Zip Code: 98175,Condo/Co-op,377500.0,355000.0,374.50396825396825,1.0,1.0,,1.0633802816901408,1.0
2019-07-01,2019-09-30,Zip Code: 98103,Condo/Co-op,398000.0,399950.0,632.4972737186478,43.0,45.0,44.0,1.0045485052135992,0.2558139534883721
2017-08-01,2017-10-31,Zip Code: 98136,All Residential,653000.0,662450.0,381.3275521714608,88.0,98.0,22.0,1.017780512856444,0.4431818181818181
2017-12-01,2018-02-28,Zip Code: 98175,Single Family Residential,622500.0,524900.0,583.8742393509127,2.0,1.0,,1.2160995643411034,1.0
2016-12-01,2017-02-28,Zip Code: 98103,Multi-Family (2-4 Unit),758000.0,847450.0,323.2758620689655,9.0,12.0,2.0,1.0104036170317712,0.2222222222222222
2012-05-01,2012-07-31,Zip Code: 98121,Condo/Co-op,323000.0,329950.0,417.0854271356784,73.0,85.0,62.0,0.9842174277051544,0.2191780821917808
2023-08-01,2023-10-31,Zip Code: 98122,Multi-Family (2-4 Unit),816000.0,1699500.0,652.8,1.0,4.0,6.0,1.0394904458598726,1.0
2015-03-01,2015-05-31,Zip Code: 98121,All Residential,380000.0,602700.0,528.169014084507,99.0,271.0,43.0,1.0008931967399788,0.3737373737373737
2016-02-01,2016-04-30,Zip Code: 98121,Condo/Co-op,549250.0,603750.0,626.7427182581464,88.0,154.0,48.0,1.0112605804006345,0.3863636363636363
2020-08-01,2020-10-31,Zip Code: 98103,All Residential,768000.0,784950.0,524.6006175325547,341.0,429.0,127.0,1.0227936142377392,0.407624633431085
2021-06-01,2021-08-31,Zip Code: 98103,Single Family Residential,1083750.0,997000.0,572.7572347421544,172.0,158.0,25.0,1.06723485742921,0.5872093023255814
2013-02-01,2013-04-30,Zip Code: 98103,All Residential,449950.0,450000.0,295.14824797843664,163.0,250.0,75.0,1.0196362052862775,0.4907975460122699
2017-04-01,2017-06-30,Zip Code: 98103,Condo/Co-op,351500.0,329950.0,571.4063132240976,50.0,66.0,2.0,1.118278218895192,0.8
2022-08-01,2022-10-31,Zip Code: 98103,Townhouse,850000.0,849974.5,583.3333333333334,57.0,84.0,39.0,0.990414035895358,0.1578947368421052
2019-12-01,2020-02-29,Zip Code: 98121,Single Family Residential,559500.0,559500.0,722.8682170542636,1.0,1.0,,1.0,0.0
2023-06-01,2023-08-31,Zip Code: 98175,All Residential,475000.0,424000.0,471.23015873015873,1.0,1.0,,1.1202830188679245,1.0
2018-06-01,2018-08-31,Zip Code: 98102,Multi-Family (2-4 Unit),1995000.0,1425000.0,715.8310439560439,5.0,1.0,1.0,0.964855320886162,0.4
2018-04-01,2018-06-30,Zip Code: 98121,All Residential,650000.0,630000.0,862.079925160114,104.0,184.0,81.0,1.0322836581753736,0.5
2022-03-01,2022-05-31,Zip Code: 98103,Single Family Residential,1136000.0,1050000.0,664.5481066920695,132.0,155.0,17.0,1.1540072906432288,0.7803030303030302
2023-06-01,2023-08-31,Zip Code: 98117,Condo/Co-op,755000.0,764950.0,703.6346691519105,27.0,32.0,11.0,0.9936980332621816,0.1481481481481481
2020-09-01,2020-11-30,Zip Code: 98107,All Residential,797000.0,750000.0,545.84951584275,168.0,190.0,61.0,1.0052830897391187,0.3452380952380952
2021-02-01,2021-04-30,Zip Code: 98101,Condo/Co-op,631250.0,659475.0,828.0236851585014,86.0,88.0,57.0,0.9899218267105364,0.2093023255813953
2014-05-01,2014-07-31,Zip Code: 98103,Multi-Family (2-4 Unit),765000.0,585000.0,212.66968325791856,9.0,13.0,8.0,1.0155132780383012,0.5555555555555555
2013-01-01,2013-03-31,Zip Code: 98103,Condo/Co-op,172500.0,195500.0,309.32651270392086,20.0,32.0,17.0,0.984943209961554,0.25
2012-07-01,2012-09-30,Zip Code: 98103,Single Family Residential,483555.5,492475.0,261.4011954339257,106.0,132.0,50.0,1.0059327951820485,0.4811320754716981
2021-01-01,2021-03-31,Zip Code: 98115,Condo/Co-op,335000.0,375000.0,385.1640513552068,27.0,29.0,8.0,0.9923692816338272,0.1481481481481481
2018-07-01,2018-09-30,Zip Code: 98103,Townhouse,745975.0,699950.0,546.8520030709101,38.0,63.0,36.0,1.0130342467559637,0.3947368421052631
2019-02-01,2019-04-30,Zip Code: 98121,All Residential,605500.0,682950.0,745.6801513171177,82.0,131.0,96.0,0.97900294068485,0.1097560975609756
2020-06-01,2020-08-31,Zip Code: 98103,Single Family Residential,925000.0,900000.0,519.6629213483145,155.0,183.0,32.0,1.0447362348864973,0.5354838709677419
2018-04-01,2018-06-30,Zip Code: 98103,All Residential,836000.0,750000.0,543.9242619493908,262.0,326.0,68.0,1.0718260736812826,0.6412213740458014
2012-03-01,2012-05-31,Zip Code: 98103,All Residential,400000.0,422450.0,253.8015255795463,194.0,224.0,96.0,0.9994651605868052,0.3556701030927835
2015-08-01,2015-10-31,Zip Code: 98103,Condo/Co-op,282500.0,280000.0,429.1568425189115,44.0,35.0,9.0,1.0351864995469624,0.5454545454545454
2023-11-01,2024-01-31,Zip Code: 98103,Single Family Residential,1013000.0,1024757.0,550.632911392405,69.0,49.0,9.0,1.0017112016080407,0.2608695652173913
2022-05-01,2022-07-31,Zip Code: 98103,Multi-Family (2-4 Unit),1026000.0,947000.0,521.5336134453784,8.0,13.0,5.0,1.0281325894432585,0.5
2015-07-01,2015-09-30,Zip Code: 98103,All Residential,583500.0,575000.0,358.526033942989,238.0,225.0,48.0,1.054792297146818,0.6680672268907561
2023-08-01,2023-10-31,Zip Code: 98121,All Residential,636250.0,695000.0,750.7507507507507,68.0,123.0,112.0,0.9812250567968928,0.1176470588235294
2015-09-01,2015-11-30,Zip Code: 98103,Townhouse,519500.0,519725.0,344.35483870967744,43.0,40.0,4.0,1.0439728482894268,0.6511627906976744
2022-07-01,2022-09-30,Zip Code: 98103,Multi-Family (2-4 Unit),1118750.0,1097500.0,495.0396825396825,8.0,8.0,4.0,1.0074386607039554,0.375
2023-11-01,2024-01-31,Zip Code: 98103,Townhouse,828750.0,784990.0,616.3575554879905,62.0,41.0,21.0,0.9885331120092646,0.1935483870967741
2021-10-01,2021-12-31,Zip Code: 98101,Condo/Co-op,705000.0,799450.0,881.2949640287769,79.0,52.0,41.0,0.9918616382645232,0.2151898734177215
2021-04-01,2021-06-30,Zip Code: 98112,Single Family Residential,1800000.0,1722500.0,676.5790125411577,124.0,128.0,28.0,1.0453716286987864,0.5
2016-08-01,2016-10-31,Zip Code: 98103,Single Family Residential,680000.0,691500.0,382.86713286713285,143.0,116.0,21.0,1.038493256136839,0.5594405594405594
2016-06-01,2016-08-31,Zip Code: 98103,Multi-Family (2-4 Unit),917500.0,1050000.0,350.14491073498726,8.0,9.0,8.0,1.0843306929156036,0.5
2017-01-01,2017-03-31,Zip Code: 98121,All Residential,575000.0,575000.0,697.6421636615811,81.0,85.0,21.0,1.0225642312419032,0.5185185185185184
2015-01-01,2015-03-31,Zip Code: 98103,Multi-Family (2-4 Unit),662500.0,647000.0,278.7878787878788,3.0,8.0,4.0,0.9580336347998056,0.0
2015-04-01,2015-06-30,Zip Code: 98103,Townhouse,582500.0,550000.0,395.021645021645,64.0,65.0,11.0,1.0399857329078546,0.578125
2021-03-01,2021-05-31,Zip Code: 98103,All Residential,858000.0,830000.0,552.8910051936368,301.0,349.0,57.0,1.0495398039152,0.5282392026578073
2012-06-01,2012-08-31,Zip Code: 98103,All Residential,442000.0,432500.0,260.79545454545456,211.0,224.0,100.0,0.9993528425860488,0.3791469194312795
2019-12-01,2020-02-29,Zip Code: 98103,Single Family Residential,902500.0,862500.0,468.3352402745995,64.0,66.0,22.0,1.019354073297524,0.375
2020-02-01,2020-04-30,Zip Code: 98103,Multi-Family (2-4 Unit),980000.0,959000.0,340.90909090909093,9.0,11.0,7.0,1.0148542058218146,0.6666666666666666
2013-04-01,2013-06-30,Zip Code: 98121,All Residential,355000.0,369000.0,434.0973721177237,80.0,119.0,62.0,0.9913955670973674,0.325
2013-12-01,2014-02-28,Zip Code: 98103,Townhouse,419000.0,452000.0,312.8654970760234,35.0,46.0,9.0,1.0035261737036678,0.3428571428571428
2023-10-01,2023-12-31,Zip Code: 98103,Condo/Co-op,549000.0,503975.0,600.0,29.0,18.0,7.0,0.9908820367443536,0.1724137931034482
2015-12-01,2016-02-29,Zip Code: 98121,All Residential,460000.0,733300.0,606.7919075144508,77.0,99.0,46.0,1.0033833244231705,0.3636363636363636
2018-03-01,2018-05-31,Zip Code: 98103,Condo/Co-op,460000.0,489000.0,635.9447004608295,45.0,70.0,17.0,1.0597550870131331,0.5777777777777777
2017-11-01,2018-01-31,Zip Code: 98101,Condo/Co-op,677500.0,705000.0,770.2264464717294,38.0,40.0,18.0,1.0326726895556315,0.4736842105263157
2018-07-01,2018-09-30,Zip Code: 98144,Condo/Co-op,390000.0,409500.0,492.9577464788732,15.0,24.0,15.0,1.0044909768724395,0.2
2016-07-01,2016-09-30,Zip Code: 98103,All Residential,626000.5,621000.0,406.6015625,264.0,288.0,61.0,1.0370190877291403,0.5643939393939394
2015-10-01,2015-12-31,Zip Code: 98103,Multi-Family (2-4 Unit),794750.0,674725.0,293.4453227931489,4.0,6.0,2.0,0.96380127322908,0.0
2015-06-01,2015-08-31,Zip Code: 98103,Multi-Family (2-4 Unit),665000.0,750000.0,282.258064516129,11.0,17.0,5.0,1.0763161253489253,0.6363636363636364
2015-04-01,2015-06-30,Zip Code: 98103,All Residential,580000.0,565000.0,360.0,249.0,291.0,63.0,1.063385525053822,0.6706827309236947
2015-08-01,2015-10-31,Zip Code: 98117,Multi-Family (2-4 Unit),825000.0,725000.0,312.5,3.0,3.0,1.0,1.0472433653721502,0.3333333333333333
2017-05-01,2017-07-31,Zip Code: 98121,All Residential,631500.0,600000.0,751.248483416414,100.0,122.0,25.0,1.0529141208566142,0.67
2014-03-01,2014-05-31,Zip Code: 98121,All Residential,407500.0,469900.0,490.2942749450646,112.0,185.0,61.0,0.993766321101147,0.2321428571428571
2014-02-01,2014-04-30,Zip Code: 98121,All Residential,434500.0,499900.0,491.5096628123232,86.0,173.0,63.0,0.9913673679741009,0.1976744186046511
2015-04-01,2015-06-30,Zip Code: 98121,Townhouse,450000.0,539900.0,386.5979381443298,1.0,1.0,,0.8334876829042415,0.0
2022-03-01,2022-05-31,Zip Code: 98101,All Residential,770000.0,657499.5,837.3337547408343,78.0,112.0,68.0,0.9999727972061722,0.2435897435897435
2018-11-01,2019-01-31,Zip Code: 98117,All Residential,798000.0,754975.0,425.8064516129032,97.0,92.0,47.0,0.995034904747915,0.268041237113402
2013-12-01,2014-02-28,Zip Code: 98103,Multi-Family (2-4 Unit),552500.0,699950.0,191.726618705036,3.0,2.0,1.0,0.9905509468152528,0.3333333333333333
2023-05-01,2023-07-31,Zip Code: 98101,Condo/Co-op,711386.0,730750.0,846.4433168346934,56.0,92.0,63.0,0.977238788438501,0.1607142857142857
2019-08-01,2019-10-31,Zip Code: 98103,All Residential,765456.0,758975.0,480.3671554148577,198.0,232.0,113.0,0.9998682191593096,0.2373737373737373
2021-12-01,2022-02-28,Zip Code: 98103,Multi-Family (2-4 Unit),1065000.0,1290000.0,475.6554307116105,5.0,4.0,1.0,1.005702638945837,0.2
2015-07-01,2015-09-30,Zip Code: 98112,Condo/Co-op,418500.0,389000.0,509.2239940497437,16.0,15.0,5.0,1.014707288963698,0.4375
2023-11-01,2024-01-31,Zip Code: 98121,Single Family Residential,1450000.0,1500000.0,862.0689655172414,1.0,1.0,,0.9666666666666666,0.0
2013-12-01,2014-02-28,Zip Code: 98121,All Residential,382000.0,508500.0,462.94702974152096,52.0,102.0,56.0,0.9772054430767906,0.1538461538461538
2017-06-01,2017-08-31,Zip Code: 98103,Condo/Co-op,380000.0,350000.0,591.8727915194346,59.0,70.0,9.0,1.1078247157202004,0.8135593220338982
2014-02-01,2014-04-30,Zip Code: 98101,Condo/Co-op,569500.0,525000.0,558.4627465461317,46.0,53.0,30.0,0.9894558144309628,0.1956521739130434
2017-06-01,2017-08-31,Zip Code: 98103,Multi-Family (2-4 Unit),994000.0,1024975.0,334.89325882942904,9.0,6.0,1.0,1.0147736245087056,0.4444444444444444
2012-04-01,2012-06-30,Zip Code: 98103,Condo/Co-op,229000.0,215000.0,283.8827838827839,35.0,38.0,31.0,0.983094099856868,0.2285714285714285
2019-06-01,2019-08-31,Zip Code: 98103,Single Family Residential,874975.0,895000.0,474.3977798728866,132.0,113.0,38.0,1.006530912897879,0.3181818181818181
2016-10-01,2016-12-31,Zip Code: 98103,Multi-Family (2-4 Unit),879000.0,925000.0,303.030303030303,9.0,8.0,3.0,1.0007913930708374,0.2222222222222222
2015-03-01,2015-05-31,Zip Code: 98101,Condo/Co-op,564500.0,609950.0,573.8125,40.0,97.0,51.0,1.002583777495882,0.4749999999999999
2012-07-01,2012-09-30,Zip Code: 98101,All Residential,514500.0,499000.0,525.4201680672269,48.0,57.0,60.0,0.9692748741646418,0.0833333333333333
2019-07-01,2019-09-30,Zip Code: 98112,Townhouse,835000.0,750000.0,613.4453781512605,19.0,15.0,6.0,1.0073155572570671,0.3684210526315789
2013-06-01,2013-08-31,Zip Code: 98121,Condo/Co-op,370000.0,345000.0,434.3350889875727,84.0,101.0,63.0,0.9917516587867508,0.2857142857142857
2016-05-01,2016-07-31,Zip Code: 98175,Condo/Co-op,279000.0,229900.0,293.0672268907564,1.0,1.0,,1.213571117877338,1.0
2023-04-01,2023-06-30,Zip Code: 98103,Single Family Residential,1159936.0,1149450.0,586.5921787709498,103.0,118.0,27.0,1.0293244290058898,0.5339805825242718
2012-02-01,2012-04-30,Zip Code: 98118,Condo/Co-op,110000.0,144950.0,177.04918032786884,5.0,5.0,7.0,0.9266978232124476,0.0
2023-02-01,2023-04-30,Zip Code: 98101,Condo/Co-op,595000.0,725000.0,744.6270543615677,33.0,64.0,60.0,0.9834932491850884,0.1515151515151515
2019-11-01,2020-01-31,Zip Code: 98118,Multi-Family (2-4 Unit),587500.0,699000.0,347.32812301436013,2.0,1.0,1.0,0.9118265157857636,0.0
2022-11-01,2023-01-31,Zip Code: 98102,Condo/Co-op,460000.0,499950.0,626.6350346242625,18.0,21.0,17.0,0.9794123945874688,0.0555555555555555
2016-03-01,2016-05-31,Zip Code: 98103,Condo/Co-op,315000.0,320000.0,446.86539459502615,64.0,71.0,11.0,1.0727116692834306,0.734375
2016-12-01,2017-02-28,Zip Code: 98103,All Residential,702000.0,690000.0,435.3413654618474,141.0,165.0,31.0,1.047223617896966,0.574468085106383
2014-06-01,2014-08-31,Zip Code: 98112,Multi-Family (2-4 Unit),875000.0,940000.0,300.68728522336767,1.0,3.0,3.0,1.093818363647728,1.0
2012-07-01,2012-09-30,Zip Code: 98136,All Residential,389500.0,422000.0,200.6226954624125,68.0,94.0,55.0,0.9863246399741477,0.2941176470588235
2019-10-01,2019-12-31,Zip Code: 98144,All Residential,692475.0,679975.0,450.95596755504056,112.0,84.0,48.0,0.9826046654568166,0.1517857142857142
2020-10-01,2020-12-31,Zip Code: 98112,Townhouse,796000.0,857000.0,556.6433566433567,23.0,14.0,13.0,0.9938491718716304,0.0869565217391304
2013-09-01,2013-11-30,Zip Code: 98144,Condo/Co-op,239000.0,200000.0,278.5547785547786,11.0,15.0,18.0,0.9708606687267692,0.1818181818181818
2021-03-01,2021-05-31,Zip Code: 98121,Condo/Co-op,635000.0,655000.0,713.1693795706535,126.0,162.0,75.0,0.98773754697878,0.1666666666666666
2016-12-01,2017-02-28,Zip Code: 98101,Condo/Co-op,629950.0,579000.0,726.334293144208,50.0,39.0,14.0,1.009318876409348,0.2999999999999999
2014-12-01,2015-02-28,Zip Code: 98103,Condo/Co-op,252475.0,269000.0,342.66493055555554,32.0,31.0,13.0,0.9899271114869967,0.25
2016-07-01,2016-09-30,Zip Code: 98103,Single Family Residential,719500.0,657500.0,384.672034564022,140.0,160.0,31.0,1.050740973457447,0.6142857142857143
2019-11-01,2020-01-31,Zip Code: 98119,All Residential,825000.0,783950.0,518.0,87.0,56.0,31.0,0.9848593388092138,0.160919540229885
2015-09-01,2015-11-30,Zip Code: 98107,Multi-Family (2-4 Unit),791700.0,824950.0,295.5801104972376,5.0,7.0,1.0,0.9802822569090368,0.2
2023-08-01,2023-10-31,Zip Code: 98103,Townhouse,927500.0,829950.0,637.3623529442406,44.0,77.0,42.0,0.995578176639226,0.1363636363636363
2022-05-01,2022-07-31,Zip Code: 98122,All Residential,927450.0,892977.5,662.5513501766586,182.0,232.0,90.0,1.0279731743352714,0.4505494505494505
2012-08-01,2012-10-31,Zip Code: 98122,Townhouse,458000.0,419000.0,304.40967283072547,13.0,15.0,3.0,1.0013369008872752,0.3846153846153846
2023-02-01,2023-04-30,Zip Code: 98103,Single Family Residential,1121000.0,1150000.0,581.87644750386,74.0,89.0,17.0,1.0240011669494284,0.4324324324324324
2020-11-01,2021-01-31,Zip Code: 98101,Condo/Co-op,707500.0,629950.0,816.1427112710297,52.0,63.0,66.0,0.984420130954989,0.2115384615384615
2022-04-01,2022-06-30,Zip Code: 98101,Condo/Co-op,715000.0,702000.0,824.1758241758241,69.0,100.0,76.0,0.9992240250043296,0.2753623188405797
2013-07-01,2013-09-30,Zip Code: 98101,All Residential,390000.0,475000.0,472.5609756097561,49.0,55.0,40.0,0.989517386297993,0.1224489795918367
2017-06-01,2017-08-31,Zip Code: 98112,Townhouse,700831.5,717227.0,524.820428716622,28.0,19.0,1.0,1.022213653231704,0.25
2021-09-01,2021-11-30,Zip Code: 98122,Single Family Residential,1055000.0,999950.0,554.3002915451896,57.0,68.0,20.0,1.0160452217754987,0.4035087719298245
2013-08-01,2013-10-31,Zip Code: 98175,Townhouse,339722.0,,245.286642599278,1.0,,,1.0,0.0
2020-06-01,2020-08-31,Zip Code: 98103,Townhouse,706000.0,689500.0,509.7872340425532,82.0,117.0,35.0,1.0027605386644922,0.3048780487804878
2012-06-01,2012-08-31,Zip Code: 98121,All Residential,305000.0,322000.0,379.3884484711212,75.0,74.0,62.0,0.9974226677692554,0.3066666666666666
2015-06-01,2015-08-31,Zip Code: 98107,Single Family Residential,689000.0,659475.0,372.791519434629,47.0,32.0,7.0,1.0551364567876582,0.6595744680851063
2013-01-01,2013-03-31,Zip Code: 98103,Single Family Residential,500000.0,549475.0,262.38532110091745,81.0,106.0,32.0,1.0146409552213889,0.419753086419753
2015-12-01,2016-02-29,Zip Code: 98101,All Residential,672500.0,627475.0,715.0174470158491,48.0,66.0,48.0,1.001397674334351,0.25
2022-05-01,2022-07-31,Zip Code: 98103,Townhouse,820000.0,810000.0,658.5365853658536,93.0,105.0,41.0,1.0267023053531203,0.4193548387096774
2019-03-01,2019-05-31,Zip Code: 98103,Condo/Co-op,408000.0,424975.0,602.7253668763103,43.0,66.0,30.0,0.9940486589575828,0.2558139534883721
2013-02-01,2013-04-30,Zip Code: 98103,Townhouse,435000.0,395000.0,298.98648648648646,37.0,47.0,5.0,1.0190241898970225,0.6216216216216216
2018-05-01,2018-07-31,Zip Code: 98113,All Residential,960000.0,,500.0,1.0,,,1.28,1.0
2016-07-01,2016-09-30,Zip Code: 98178,Townhouse,237000.0,188375.0,199.1596638655462,5.0,2.0,1.0,1.0053205308910056,0.4
2012-07-01,2012-09-30,Zip Code: 98121,All Residential,287500.0,325000.0,371.81371348323785,64.0,63.0,56.0,1.0069906088052003,0.375
2016-08-01,2016-10-31,Zip Code: 98103,Townhouse,599900.0,599900.0,398.0263157894737,59.0,57.0,10.0,1.019992519638782,0.5084745762711864
2016-05-01,2016-07-31,Zip Code: 98103,All Residential,652500.0,622475.0,410.3257876184181,280.0,300.0,58.0,1.0645438510436602,0.6428571428571429
2023-02-01,2023-04-30,Zip Code: 98103,All Residential,905000.0,950000.0,591.0987482614743,177.0,172.0,38.0,1.0101446599413368,0.3446327683615819
2019-09-01,2019-11-30,Zip Code: 98103,Townhouse,750000.0,699578.0,481.12706007442847,55.0,68.0,23.0,0.9888247782055126,0.109090909090909
2019-01-01,2019-03-31,Zip Code: 98101,Condo/Co-op,699950.0,699000.0,766.6666666666665,33.0,66.0,65.0,0.9671413320069744,0.0909090909090909
2016-01-01,2016-03-31,Zip Code: 98103,All Residential,650000.0,564500.0,391.9860627177701,145.0,204.0,39.0,1.068264836512189,0.6620689655172413
2022-10-01,2022-12-31,Zip Code: 98121,Condo/Co-op,568000.0,562400.0,740.331491712707,49.0,54.0,55.0,0.974491235181248,0.0612244897959183
2021-11-01,2022-01-31,Zip Code: 98103,All Residential,802500.0,785000.0,598.3870967741937,244.0,183.0,14.0,1.028029625922338,0.3770491803278688
2012-03-01,2012-05-31,Zip Code: 98107,All Residential,375000.0,395500.0,266.02564102564105,93.0,126.0,46.0,0.9962653805314026,0.2688172043010752
2015-05-01,2015-07-31,Zip Code: 98118,Multi-Family (2-4 Unit),385000.0,462500.0,179.06976744186048,3.0,10.0,6.0,1.0558525635572789,0.6666666666666666
2016-07-01,2016-09-30,Zip Code: 98175,Condo/Co-op,279000.0,,293.0672268907564,1.0,,,1.213571117877338,1.0
2012-02-01,2012-04-30,Zip Code: 98103,All Residential,395750.0,399950.0,241.40631545029805,162.0,201.0,94.0,0.9970983054517936,0.3395061728395061
2020-04-01,2020-06-30,Zip Code: 98103,Single Family Residential,907500.0,949950.0,495.04950495049513,91.0,129.0,29.0,1.0290898605846148,0.4615384615384615
2020-03-01,2020-05-31,Zip Code: 98101,All Residential,649975.0,655000.0,1047.8863270721463,204.0,239.0,65.0,0.9984722363019044,0.0490196078431372
2020-06-01,2020-08-31,Zip Code: 98121,Condo/Co-op,617500.0,649000.0,738.4849073504496,80.0,207.0,166.0,0.983769756710901,0.1375
2018-05-01,2018-07-31,Zip Code: 98121,Condo/Co-op,650000.0,625000.0,837.7541998231654,100.0,173.0,78.0,1.0149872657113972,0.39
2023-04-01,2023-06-30,Zip Code: 98121,All Residential,559000.0,595000.0,750.9881422924901,85.0,125.0,75.0,0.9895559096858608,0.1294117647058823
2012-10-01,2012-12-31,Zip Code: 98103,All Residential,427500.0,415000.0,253.1897517267127,180.0,113.0,47.0,1.0001658232087285,0.3111111111111111
2021-10-01,2021-12-31,Zip Code: 98103,Condo/Co-op,435000.0,437500.0,595.8833619210977,50.0,40.0,10.0,1.0066897510527597,0.26
2018-05-01,2018-07-31,Zip Code: 98103,Single Family Residential,955500.0,892500.0,470.4503424657535,144.0,170.0,39.0,1.0512803164459228,0.5972222222222222
2016-03-01,2016-05-31,Zip Code: 98101,Townhouse,625000.0,649888.0,599.2329817833173,1.0,1.0,,0.9617041705647742,0.0
2014-01-01,2014-03-31,Zip Code: 98121,Townhouse,1175000.0,,743.2005060088552,1.0,,,1.0,0.0
2017-04-01,2017-06-30,Zip Code: 98194,Condo/Co-op,600000.0,,666.6666666666665,1.0,,,0.96,0.0
2020-12-01,2021-02-28,Zip Code: 98103,Townhouse,675000.0,739000.0,537.9482902418681,83.0,74.0,9.0,1.0061771693502413,0.3253012048192771
2022-07-01,2022-09-30,Zip Code: 98102,All Residential,650000.0,730000.0,678.1485468245426,101.0,100.0,54.0,0.9881448700308316,0.1485148514851485
2022-06-01,2022-08-31,Zip Code: 98101,Condo/Co-op,614500.0,755000.0,706.9960062384305,46.0,77.0,61.0,0.9854131178072378,0.1521739130434782
2023-10-01,2023-12-31,Zip Code: 98103,Multi-Family (2-4 Unit),1120000.0,1212475.0,471.8475153913808,4.0,2.0,2.0,0.9872700745142442,0.25
2012-04-01,2012-06-30,Zip Code: 98103,Multi-Family (2-4 Unit),745500.0,675000.0,200.20761741122567,4.0,6.0,6.0,0.9699668591989395,0.25
2013-04-01,2013-06-30,Zip Code: 98121,Condo/Co-op,355000.0,367000.0,434.0973721177237,80.0,118.0,61.0,0.9913955670973672,0.325
2021-10-01,2021-12-31,Zip Code: 98101,Townhouse,1345000.0,1295000.0,685.7981571520262,4.0,4.0,,1.016899641577061,0.5
2014-03-01,2014-05-31,Zip Code: 98103,Townhouse,413450.0,415000.0,319.0841375968992,81.0,89.0,13.0,1.0199081704492292,0.5061728395061728
2021-01-01,2021-03-31,Zip Code: 98103,Condo/Co-op,445000.0,418500.0,553.7050224887556,40.0,48.0,21.0,1.0057293989041325,0.325
2016-12-01,2017-02-28,Zip Code: 98103,Single Family Residential,799000.0,795000.0,416.6666666666666,67.0,83.0,16.0,1.0585979173791276,0.5820895522388059
2015-07-01,2015-09-30,Zip Code: 98103,Single Family Residential,710000.0,625000.0,345.34534534534527,109.0,110.0,29.0,1.0628301868313326,0.6788990825688073
2014-11-01,2015-01-31,Zip Code: 98103,Single Family Residential,629000.0,565000.0,307.3529411764706,69.0,47.0,9.0,1.0204322556381933,0.4492753623188405
2023-08-01,2023-10-31,Zip Code: 98144,All Residential,699475.0,735990.0,559.5669150737115,112.0,143.0,77.0,0.9967598702224826,0.1964285714285714
2013-08-01,2013-10-31,Zip Code: 98121,All Residential,351500.0,432250.0,447.85276073619633,91.0,138.0,69.0,0.9918640611121148,0.2417582417582417
2023-06-01,2023-08-31,Zip Code: 98103,Single Family Residential,1097500.0,1137000.0,559.857423795477,98.0,94.0,23.0,1.0252490056170187,0.4795918367346938
2018-08-01,2018-10-31,Zip Code: 98178,Single Family Residential,463000.0,499450.0,277.1929824561404,83.0,112.0,80.0,1.001911832735758,0.3493975903614458
2013-12-01,2014-02-28,Zip Code: 98121,Townhouse,1175000.0,1175000.0,743.2005060088552,1.0,1.0,,1.0,0.0
2022-05-01,2022-07-31,Zip Code: 98103,Single Family Residential,1148500.0,1157500.0,606.8104159302464,122.0,156.0,42.0,1.0805572276030364,0.6311475409836065
2019-01-01,2019-03-31,Zip Code: 98103,All Residential,705100.0,762475.0,494.44444444444446,169.0,212.0,86.0,0.9900839724870226,0.2307692307692307
2016-11-01,2017-01-31,Zip Code: 98121,All Residential,575000.0,540000.0,679.0633490225664,94.0,67.0,24.0,1.0055679718284327,0.3085106382978723
2017-03-01,2017-05-31,Zip Code: 98119,Townhouse,879000.0,882550.0,530.8988764044943,21.0,15.0,5.0,1.004615119361796,0.3809523809523809
2022-12-01,2023-02-28,Zip Code: 98107,All Residential,824950.0,825000.0,568.6167304538,89.0,73.0,21.0,0.9912879714207636,0.1910112359550561
2021-10-01,2021-12-31,Zip Code: 98101,All Residential,712000.0,804450.0,869.3931398416886,83.0,56.0,41.0,0.9930682890265732,0.2289156626506024
2017-04-01,2017-06-30,Zip Code: 98103,Single Family Residential,849950.0,797000.0,467.91443850267376,115.0,138.0,13.0,1.0983993678466148,0.6782608695652173
2023-04-01,2023-06-30,Zip Code: 98103,Condo/Co-op,465000.0,485000.0,592.566118656183,25.0,41.0,15.0,1.0037730676863563,0.28
2016-02-01,2016-04-30,Zip Code: 98103,Condo/Co-op,325000.0,299900.0,442.476518454484,50.0,67.0,12.0,1.0806238237343486,0.7399999999999999
2016-12-01,2017-02-28,Zip Code: 98103,Condo/Co-op,350000.0,377000.0,511.15241635687727,23.0,28.0,7.0,1.0463192547686169,0.6521739130434782
2020-11-01,2021-01-31,Zip Code: 98103,Townhouse,692500.0,650000.0,534.7760306624057,78.0,69.0,17.0,0.9974063092723712,0.1923076923076923
2018-02-01,2018-04-30,Zip Code: 98119,Multi-Family (2-4 Unit),1028000.0,1070000.0,549.890035297312,2.0,4.0,2.0,1.1370543541788427,0.5
2012-08-01,2012-10-31,Zip Code: 98121,Condo/Co-op,295000.0,327475.0,379.74680358401287,64.0,62.0,50.0,1.0017240838871138,0.3125
2022-10-01,2022-12-31,Zip Code: 98112,All Residential,1450000.0,1172500.0,652.4249422632795,49.0,38.0,19.0,0.9756874521121388,0.0612244897959183
2013-01-01,2013-03-31,Zip Code: 98121,Condo/Co-op,332475.0,364950.0,392.84167208143816,48.0,74.0,36.0,0.9970962026280064,0.25
2016-02-01,2016-04-30,Zip Code: 98104,Condo/Co-op,428751.0,352475.0,484.28571428571433,21.0,36.0,18.0,1.018906262628547,0.4761904761904761
2022-06-01,2022-08-31,Zip Code: 98121,All Residential,625000.0,619000.0,760.6177606177606,91.0,157.0,103.0,0.9948499692436018,0.2527472527472527
2015-07-01,2015-09-30,Zip Code: 98175,All Residential,380000.0,,342.3423423423424,1.0,,,1.0133333333333334,1.0
2021-09-01,2021-11-30,Zip Code: 98117,Townhouse,719000.0,769950.0,572.5087412587412,49.0,63.0,12.0,1.0117605240908287,0.2857142857142857
2012-01-01,2012-03-31,Zip Code: 98101,Condo/Co-op,632000.0,560000.0,473.6263736263736,38.0,74.0,53.0,0.9486126650201744,0.0
2014-10-01,2014-12-31,Zip Code: 98103,Multi-Family (2-4 Unit),760000.0,795000.0,231.60501981505945,5.0,5.0,4.0,0.9977253975603532,0.5999999999999999
2019-07-01,2019-09-30,Zip Code: 98121,All Residential,572500.0,699000.0,729.6386737140776,90.0,110.0,84.0,0.9788191755078028,0.0555555555555555
2019-11-01,2020-01-31,Zip Code: 98103,Condo/Co-op,410000.0,439950.0,519.1256830601093,29.0,29.0,20.0,0.9872785067828526,0.1724137931034482
2019-12-01,2020-02-29,Zip Code: 98121,All Residential,592475.0,566975.0,704.449152542373,78.0,68.0,48.0,0.9727952179501914,0.0769230769230769
2020-05-01,2020-07-31,Zip Code: 98103,Townhouse,702000.0,705000.0,509.5744680851064,81.0,94.0,30.0,1.003569687842662,0.2962962962962962
2018-11-01,2019-01-31,Zip Code: 98103,Multi-Family (2-4 Unit),1174900.0,1012500.0,410.44490789016334,2.0,8.0,8.0,1.0075281963187217,0.5
2018-02-01,2018-04-30,Zip Code: 98122,All Residential,789950.0,750000.0,590.4340082489689,113.0,130.0,31.0,1.0850034610106891,0.6460176991150443
2021-02-01,2021-04-30,Zip Code: 98121,Condo/Co-op,625500.0,654500.0,693.8851767188324,116.0,156.0,81.0,0.9845647127818264,0.1293103448275862
2018-03-01,2018-05-31,Zip Code: 98118,All Residential,660000.0,599000.0,377.4193548387097,173.0,200.0,56.0,1.0671144351316837,0.606936416184971
2012-11-01,2013-01-31,Zip Code: 98103,All Residential,424500.0,399950.0,256.9595205789236,158.0,105.0,43.0,0.9924519494032488,0.2784810126582278
2019-05-01,2019-07-31,Zip Code: 98103,Single Family Residential,888000.0,875000.0,475.6097560975609,127.0,135.0,34.0,1.0123643755235838,0.3622047244094488
2012-03-01,2012-05-31,Zip Code: 98101,All Residential,486000.0,565000.0,488.2029734970912,78.0,93.0,53.0,0.967221814588501,0.0769230769230769
2017-01-01,2017-03-31,Zip Code: 98144,Multi-Family (2-4 Unit),912000.0,824000.0,290.0667697210721,2.0,3.0,,0.9518544831707269,0.5
2013-01-01,2013-03-31,Zip Code: 98121,All Residential,332475.0,364950.0,392.84167208143816,48.0,74.0,36.0,0.9970962026280062,0.25
2016-08-01,2016-10-31,Zip Code: 98121,Townhouse,1314800.0,1132400.0,794.441087613293,1.0,2.0,1.0,1.0,0.0
2019-04-01,2019-06-30,Zip Code: 98103,Townhouse,744950.0,771975.0,524.4338498212156,69.0,98.0,46.0,0.9971997617012126,0.2463768115942029
2016-07-01,2016-09-30,Zip Code: 98121,Townhouse,1314800.0,1132400.0,794.441087613293,1.0,2.0,1.0,1.0,0.0
2014-04-01,2014-06-30,Zip Code: 98101,All Residential,510000.0,595000.0,509.9403080917232,46.0,68.0,31.0,0.9826394132261695,0.2608695652173913
2014-01-01,2014-03-31,Zip Code: 98103,Single Family Residential,600000.0,565000.0,295.5882352941176,55.0,71.0,17.0,1.0359884264818595,0.618181818181818
2016-03-01,2016-05-31,Zip Code: 98103,Multi-Family (2-4 Unit),753000.0,750000.0,346.0,11.0,6.0,,1.0415523250705914,0.7272727272727272
2013-07-01,2013-09-30,Zip Code: 98103,Townhouse,399950.0,389000.0,279.43925233644853,45.0,59.0,21.0,1.0019986799198852,0.3111111111111111
2016-08-01,2016-10-31,Zip Code: 98122,Townhouse,725000.0,699000.0,449.8834498834498,41.0,51.0,13.0,1.021916221899286,0.4878048780487804
2013-08-01,2013-10-31,Zip Code: 98121,Townhouse,532500.0,550000.0,437.192118226601,1.0,1.0,,0.968181818181818,0.0
2023-06-01,2023-08-31,Zip Code: 98103,Multi-Family (2-4 Unit),1057500.0,1599995.0,526.5469547226733,6.0,9.0,6.0,0.9921260066738008,0.3333333333333333
2017-03-01,2017-05-31,Zip Code: 98103,Single Family Residential,847975.0,787000.0,475.52788523533206,110.0,124.0,20.0,1.0857296705805974,0.6545454545454545
2016-01-01,2016-03-31,Zip Code: 98106,All Residential,356000.0,354800.0,248.14063556457063,83.0,100.0,18.0,1.0339036757744908,0.5662650602409639
2012-12-01,2013-02-28,Zip Code: 98103,Single Family Residential,480000.0,549000.0,249.975,67.0,68.0,25.0,0.9906292379115552,0.3134328358208955
2012-10-01,2012-12-31,Zip Code: 98103,Multi-Family (2-4 Unit),500000.0,,214.16309012875536,9.0,,2.0,0.99343905802256,0.1111111111111111
2022-10-01,2022-12-31,Zip Code: 98118,Condo/Co-op,580000.0,547000.0,690.4761904761905,5.0,6.0,4.0,0.9647911373071192,0.0
2015-12-01,2016-02-29,Zip Code: 98101,Condo/Co-op,672500.0,627475.0,715.0174470158491,48.0,66.0,48.0,1.001397674334351,0.25
2012-10-01,2012-12-31,Zip Code: 98103,Single Family Residential,478725.0,475000.0,248.61542480624647,96.0,67.0,23.0,1.009634811948836,0.3645833333333333
2019-06-01,2019-08-31,Zip Code: 98103,All Residential,745000.0,727837.5,500.0,257.0,250.0,107.0,1.000295349815408,0.2334630350194552
2022-12-01,2023-02-28,Zip Code: 98103,Condo/Co-op,468750.0,440000.0,600.8712814094541,20.0,25.0,9.0,1.0027384783678084,0.3499999999999999
2021-05-01,2021-07-31,Zip Code: 98121,Condo/Co-op,585000.0,635000.0,720.164609053498,119.0,142.0,79.0,0.9903184000525158,0.1764705882352941
2023-08-01,2023-10-31,Zip Code: 98101,Condo/Co-op,587500.0,632000.0,729.5470788700721,38.0,52.0,71.0,0.984352025319206,0.1578947368421052
2021-05-01,2021-07-31,Zip Code: 98102,Condo/Co-op,489750.0,499000.0,635.1398754713672,84.0,79.0,45.0,0.9869056241363277,0.1547619047619047
2017-11-01,2018-01-31,Zip Code: 98118,All Residential,589400.0,599000.0,337.4329348644578,126.0,105.0,43.0,1.0341845252326776,0.3968253968253968
2014-02-01,2014-04-30,Zip Code: 98117,Townhouse,415282.5,374500.0,285.3185136031851,14.0,9.0,2.0,1.006776767401335,0.5
2023-01-01,2023-03-31,Zip Code: 98101,Condo/Co-op,574500.0,799500.0,722.1523683885063,26.0,55.0,53.0,0.9819715682814985,0.1923076923076923
2013-04-01,2013-06-30,Zip Code: 98101,Condo/Co-op,470000.0,474950.0,498.6276303751144,51.0,63.0,44.0,0.98897684802545,0.1764705882352941
2018-04-01,2018-06-30,Zip Code: 98116,Townhouse,800000.0,764990.0,523.0086794666882,34.0,20.0,6.0,1.026891669941577,0.3529411764705882
2016-11-01,2017-01-31,Zip Code: 98121,Condo/Co-op,575000.0,540000.0,679.0633490225664,94.0,67.0,23.0,1.0055679718284327,0.3085106382978723
2013-10-01,2013-12-31,Zip Code: 98136,Multi-Family (2-4 Unit),365000.0,,217.3913043478261,1.0,,,1.0,0.0
2013-05-01,2013-07-31,Zip Code: 98103,Multi-Family (2-4 Unit),590000.0,626900.0,226.05363984674327,13.0,17.0,9.0,0.9945988896599977,0.2307692307692307
2015-11-01,2016-01-31,Zip Code: 98103,All Residential,601000.0,569000.0,362.5460996223028,126.0,119.0,32.0,1.0364399652437606,0.5079365079365079
2014-03-01,2014-05-31,Zip Code: 98116,Condo/Co-op,329950.0,309450.0,416.3498098859316,27.0,36.0,22.0,0.9838287372220852,0.1111111111111111
2012-06-01,2012-08-31,Zip Code: 98103,Condo/Co-op,209000.0,233000.0,268.65671641791045,37.0,41.0,26.0,0.9826089756305346,0.2162162162162162
2023-02-01,2023-04-30,Zip Code: 98121,Condo/Co-op,575000.0,598000.0,801.0403120936281,85.0,123.0,65.0,0.9895764623924028,0.1176470588235294
2019-07-01,2019-09-30,Zip Code: 98136,Townhouse,559400.0,625000.0,420.8754208754209,21.0,23.0,14.0,0.9961219010694627,0.238095238095238
2019-05-01,2019-07-31,Zip Code: 98103,Multi-Family (2-4 Unit),1177250.0,1050000.0,459.2319029339183,4.0,11.0,5.0,0.9678907049475368,0.0
2022-04-01,2022-06-30,Zip Code: 98103,Single Family Residential,1158750.0,1050000.0,653.1318782098313,138.0,157.0,32.0,1.1232480080354208,0.7463768115942028
2021-06-01,2021-08-31,Zip Code: 98118,Single Family Residential,803000.0,748880.0,448.79310344827593,158.0,157.0,43.0,1.0637165789377072,0.5949367088607594
2012-11-01,2013-01-31,Zip Code: 98118,Condo/Co-op,103000.0,169000.0,151.23456790123456,3.0,3.0,2.0,0.8872445443697926,0.0
2012-08-01,2012-10-31,Zip Code: 98116,Condo/Co-op,299950.0,409000.0,277.3109243697479,25.0,22.0,26.0,0.971380657196446,0.2
2019-07-01,2019-09-30,Zip Code: 98133,All Residential,560000.0,552475.0,361.2903225806452,171.0,210.0,114.0,0.996112674136247,0.2982456140350877
2021-09-01,2021-11-30,Zip Code: 98103,Townhouse,710000.0,749950.0,618.5500155327741,92.0,95.0,11.0,1.0088710873326867,0.3369565217391304
2016-11-01,2017-01-31,Zip Code: 98103,Multi-Family (2-4 Unit),814250.0,812500.0,294.67476063567267,8.0,8.0,3.0,0.9814375081257328,0.125
2013-04-01,2013-06-30,Zip Code: 98103,Single Family Residential,571000.0,548950.0,286.411149825784,149.0,208.0,51.0,1.0378442160095338,0.610738255033557
2017-04-01,2017-06-30,Zip Code: 98101,All Residential,615000.0,689000.0,695.6521739130435,55.0,64.0,25.0,1.0420401977652554,0.6363636363636364
2018-04-01,2018-06-30,Zip Code: 98113,Single Family Residential,960000.0,750000.0,500.0,1.0,1.0,,1.28,1.0
2012-03-01,2012-05-31,Zip Code: 98103,Single Family Residential,478000.0,499000.0,252.6739924515917,108.0,134.0,42.0,1.0070990415436372,0.3888888888888889
2019-05-01,2019-07-31,Zip Code: 98103,All Residential,780000.0,750000.0,505.51772515740487,246.0,299.0,105.0,1.0040366005952883,0.2642276422764227
2017-10-01,2017-12-31,Zip Code: 98101,All Residential,680000.0,650000.0,762.289981331674,49.0,42.0,19.0,1.0319950680748935,0.5306122448979592
2015-09-01,2015-11-30,Zip Code: 98113,Single Family Residential,567500.0,,411.29539733908666,2.0,,,1.1500722302478057,0.5
2017-05-01,2017-07-31,Zip Code: 98103,Townhouse,679500.0,667500.0,491.5730337078652,63.0,56.0,2.0,1.0936443381711567,0.7619047619047618
2023-12-01,2024-02-29,Zip Code: 98101,Condo/Co-op,925000.0,749975.0,868.0600914435009,29.0,54.0,59.0,0.9719600426186852,0.0344827586206896
2014-06-01,2014-08-31,Zip Code: 98122,Condo/Co-op,280350.0,278000.0,400.662713637949,60.0,57.0,25.0,1.00066845031106,0.2999999999999999
2016-10-01,2016-12-31,Zip Code: 98101,All Residential,639950.0,737500.0,774.1592817599019,90.0,28.0,7.0,1.003165368888581,0.1444444444444444
2021-05-01,2021-07-31,Zip Code: 98117,All Residential,940000.0,875000.0,536.8791946308725,269.0,287.0,43.0,1.0862552166606487,0.6171003717472118
2014-04-01,2014-06-30,Zip Code: 98178,All Residential,264000.0,283000.0,150.2016129032258,91.0,114.0,67.0,0.99168643565374,0.3956043956043955
2017-09-01,2017-11-30,Zip Code: 98119,Multi-Family (2-4 Unit),1045000.0,889000.0,470.783619817998,4.0,7.0,2.0,1.1197871391547014,1.0
2016-05-01,2016-07-31,Zip Code: 98178,Condo/Co-op,90000.0,110000.0,110.29411764705884,1.0,5.0,2.0,0.9483667017913592,0.0
2023-09-01,2023-11-30,Zip Code: 98175,Townhouse,645000.0,660000.0,467.0528602461984,1.0,1.0,,0.9772727272727272,0.0
2016-10-01,2016-12-31,Zip Code: 98103,Single Family Residential,702000.0,762500.0,377.3734177215189,101.0,64.0,11.0,1.0325464473465915,0.4752475247524752
2016-06-01,2016-08-31,Zip Code: 98121,Condo/Co-op,687700.0,499950.0,669.8936170212767,430.0,137.0,50.0,1.0059236986454567,0.1302325581395348
2021-05-01,2021-07-31,Zip Code: 98103,Single Family Residential,1077000.0,975000.0,564.5094339622641,175.0,167.0,22.0,1.0695521444308005,0.5828571428571429
2012-01-01,2012-03-31,Zip Code: 98175,Townhouse,250000.0,,180.50541516245488,3.0,,,0.980392156862745,0.0
2020-03-01,2020-05-31,Zip Code: 98144,Condo/Co-op,438500.0,392000.0,480.2847689944464,8.0,7.0,5.0,0.9961097687273488,0.125
2020-01-01,2020-03-31,Zip Code: 98134,Condo/Co-op,450000.0,449000.0,375.0,1.0,1.0,,1.0022271714922049,1.0
2021-07-01,2021-09-30,Zip Code: 98122,Multi-Family (2-4 Unit),1225000.0,1427500.0,476.6187050359712,5.0,12.0,9.0,0.9506768159556264,0.0
2023-12-01,2024-02-29,Zip Code: 98121,Condo/Co-op,708000.0,649500.0,782.8719723183392,53.0,90.0,72.0,0.9831581148452622,0.1132075471698113
2013-01-01,2013-03-31,Zip Code: 98103,Multi-Family (2-4 Unit),573250.0,497500.0,229.35606060606065,2.0,6.0,2.0,1.0653947368421053,1.0
2023-11-01,2024-01-31,Zip Code: 98118,All Residential,706000.0,774888.0,471.6981132075472,63.0,81.0,56.0,0.990086300403225,0.2698412698412698
2020-04-01,2020-06-30,Zip Code: 98101,Condo/Co-op,675000.0,699000.0,1059.1482649842271,113.0,176.0,100.0,0.9947665631636295,0.0353982300884955
2018-03-01,2018-05-31,Zip Code: 98175,All Residential,350000.0,,346.8780971258672,1.0,,,1.0954616588419406,1.0
2014-01-01,2014-03-31,Zip Code: 98101,Condo/Co-op,733000.0,544500.0,581.3186813186812,43.0,52.0,22.0,0.985030799880844,0.1395348837209302
2020-05-01,2020-07-31,Zip Code: 98103,All Residential,760000.0,762500.0,511.2012987012987,237.0,328.0,102.0,1.0222964088144302,0.4050632911392405
2016-04-01,2016-06-30,Zip Code: 98106,Single Family Residential,385500.0,386500.0,299.1555600401272,86.0,106.0,20.0,1.07113220713575,0.7906976744186046
2012-01-01,2012-03-31,Zip Code: 98107,All Residential,349000.0,370000.0,254.6280896943281,74.0,80.0,38.0,0.986059981521172,0.2162162162162162
2012-08-01,2012-10-31,Zip Code: 98107,Condo/Co-op,254975.0,254950.0,326.0326086956522,35.0,35.0,19.0,0.9890707641339892,0.2
2018-10-01,2018-12-31,Zip Code: 98103,Condo/Co-op,432500.0,447900.0,596.342279633224,34.0,29.0,20.0,0.9862930971465496,0.0294117647058823
2021-06-01,2021-08-31,Zip Code: 98112,All Residential,1250000.0,1247475.0,647.5615577158158,168.0,150.0,38.0,1.02588158959479,0.3869047619047619
2014-01-01,2014-03-31,Zip Code: 98101,All Residential,733000.0,544500.0,581.3186813186812,43.0,52.0,22.0,0.985030799880844,0.1395348837209302
2012-05-01,2012-07-31,Zip Code: 98103,Condo/Co-op,209500.0,215000.0,266.43206761317,38.0,42.0,28.0,0.9864237744327354,0.2368421052631578
2015-06-01,2015-08-31,Zip Code: 98103,Single Family Residential,677500.0,649975.0,339.1255569742984,124.0,114.0,19.0,1.0793845641473827,0.717741935483871
2019-12-01,2020-02-29,Zip Code: 98101,Condo/Co-op,574000.0,585000.0,886.6607131674883,116.0,120.0,43.0,0.9879008611691036,0.0
2013-08-01,2013-10-31,Zip Code: 98122,Single Family Residential,558000.0,539900.0,272.95204670260955,58.0,59.0,37.0,1.0210522040926957,0.4655172413793103
2016-05-01,2016-07-31,Zip Code: 98103,Single Family Residential,799975.0,699000.0,389.8547924917093,144.0,166.0,36.0,1.072229247515641,0.6527777777777777
2021-08-01,2021-10-31,Zip Code: 98103,Condo/Co-op,445000.0,455000.0,578.98488051765,46.0,59.0,26.0,1.002456724144006,0.1956521739130434
2016-05-01,2016-07-31,Zip Code: 98101,All Residential,755000.0,676500.0,691.3919413919414,53.0,67.0,31.0,1.0010402642347165,0.1886792452830188
2023-03-01,2023-05-31,Zip Code: 98101,All Residential,685000.0,682450.0,824.5798319327731,43.0,70.0,59.0,0.9812631139672552,0.1860465116279069
2016-05-01,2016-07-31,Zip Code: 98134,All Residential,305000.0,318000.0,283.2674571805007,3.0,3.0,2.0,1.022867703850822,0.3333333333333333
2021-02-01,2021-04-30,Zip Code: 98103,Condo/Co-op,425000.0,449000.0,591.1330049261084,54.0,53.0,17.0,1.0068568429697131,0.4074074074074073
2017-07-01,2017-09-30,Zip Code: 98103,Townhouse,755000.0,731995.0,520.8333333333334,53.0,58.0,7.0,1.075493430099938,0.7735849056603774
2020-07-01,2020-09-30,Zip Code: 98101,Condo/Co-op,815000.0,700000.0,870.76906083311,52.0,127.0,130.0,0.9770753366176788,0.0576923076923076
2017-01-01,2017-03-31,Zip Code: 98103,Single Family Residential,802500.0,782400.0,445.4783138892209,82.0,90.0,9.0,1.0653892951521184,0.646341463414634
2017-10-01,2017-12-31,Zip Code: 98101,Condo/Co-op,680000.0,650000.0,762.289981331674,49.0,42.0,19.0,1.031995068074894,0.5306122448979592
2022-11-01,2023-01-31,Zip Code: 98112,Single Family Residential,1575000.0,1524975.0,626.1726673427992,26.0,26.0,18.0,0.9788658931624364,0.0769230769230769
2018-09-01,2018-11-30,Zip Code: 98103,Multi-Family (2-4 Unit),895000.0,1399950.0,405.26849037487335,3.0,7.0,8.0,0.9546734596808776,0.3333333333333333
2016-07-01,2016-09-30,Zip Code: 98102,Multi-Family (2-4 Unit),1980000.0,1495000.0,576.4192139737992,3.0,3.0,1.0,1.0551086956521738,0.3333333333333333
2023-10-01,2023-12-31,Zip Code: 98101,Condo/Co-op,628333.0,739900.0,854.4303797468353,21.0,27.0,55.0,0.9955222693389268,0.1428571428571428
2020-08-01,2020-10-31,Zip Code: 98121,All Residential,616250.0,622000.0,703.1459246257833,80.0,170.0,160.0,0.9752409125040326,0.1
2018-05-01,2018-07-31,Zip Code: 98103,All Residential,795400.0,765000.0,533.26708659449,270.0,323.0,86.0,1.0537073699225556,0.5925925925925924
2015-01-01,2015-03-31,Zip Code: 98101,Condo/Co-op,549500.0,649000.0,563.524429955004,28.0,52.0,23.0,1.0019999579320746,0.4285714285714285
2018-04-01,2018-06-30,Zip Code: 98102,Townhouse,969950.0,950000.0,635.4102405922271,29.0,19.0,5.0,1.0118092836990615,0.2413793103448276
2012-06-01,2012-08-31,Zip Code: 98118,Townhouse,143500.0,234500.0,120.44161927065907,8.0,4.0,2.0,0.997438201371262,0.375
2023-02-01,2023-04-30,Zip Code: 98118,All Residential,680000.0,739000.0,466.6666666666666,105.0,141.0,60.0,1.0057895834732276,0.3333333333333333
2021-02-01,2021-04-30,Zip Code: 98101,All Residential,631250.0,659475.0,828.0236851585014,86.0,88.0,57.0,0.9899218267105367,0.2093023255813953
2020-02-01,2020-04-30,Zip Code: 98103,Single Family Residential,905000.0,925000.0,490.1960784313725,81.0,110.0,24.0,1.0333592786370611,0.4814814814814814
2017-03-01,2017-05-31,Zip Code: 98117,All Residential,755000.0,734950.0,424.24242424242425,145.0,191.0,21.0,1.0894077272679537,0.7172413793103448
2018-02-01,2018-04-30,Zip Code: 98121,All Residential,640000.0,630000.0,867.1695637914069,83.0,108.0,32.0,1.0498302079905664,0.6024096385542169
2016-09-01,2016-11-30,Zip Code: 98121,All Residential,615000.0,550000.0,706.6521264994548,143.0,105.0,28.0,1.0094736083791858,0.2657342657342657
2019-04-01,2019-06-30,Zip Code: 98178,Single Family Residential,505000.0,494925.0,275.2808988764045,65.0,124.0,67.0,1.0121094551203362,0.4923076923076923
2015-01-01,2015-03-31,Zip Code: 98101,All Residential,549500.0,649000.0,563.524429955004,28.0,52.0,23.0,1.0019999579320746,0.4285714285714285
2012-07-01,2012-09-30,Zip Code: 98175,Townhouse,285000.0,285000.0,206.37219406227368,1.0,1.0,,1.0,0.0
2019-03-01,2019-05-31,Zip Code: 98103,Townhouse,707050.0,764950.0,533.2225913621262,76.0,87.0,31.0,0.9994316362570764,0.2763157894736842
2023-02-01,2023-04-30,Zip Code: 98102,Multi-Family (2-4 Unit),1090000.0,1467500.0,473.9130434782609,1.0,4.0,5.0,0.9909090909090909,0.0
2021-09-01,2021-11-30,Zip Code: 98107,Townhouse,760000.0,775000.0,585.2446007946537,70.0,73.0,7.0,1.0124869427473853,0.4285714285714285
2018-02-01,2018-04-30,Zip Code: 98103,Single Family Residential,948200.0,875000.0,502.23529411764713,97.0,121.0,19.0,1.1210327163329623,0.7628865979381442
2021-01-01,2021-03-31,Zip Code: 98121,Condo/Co-op,615000.0,631000.0,677.0894619781288,102.0,149.0,97.0,0.9777819511398704,0.0686274509803921
2016-02-01,2016-04-30,Zip Code: 98103,All Residential,624250.0,589950.0,404.3722683695124,190.0,247.0,47.0,1.0762084909307863,0.7052631578947368
2023-07-01,2023-09-30,Zip Code: 98103,Townhouse,914975.0,827450.0,665.2650222836945,56.0,68.0,37.0,0.999827397551236,0.1964285714285714
2015-02-01,2015-04-30,Zip Code: 98103,All Residential,547000.0,559000.0,350.25773195876286,174.0,258.0,40.0,1.0408464564366258,0.5804597701149425
2013-09-01,2013-11-30,Zip Code: 98121,Condo/Co-op,347500.0,497475.0,452.1573699931428,82.0,114.0,54.0,0.99006105864112,0.2073170731707317
2014-10-01,2014-12-31,Zip Code: 98101,Condo/Co-op,495000.0,579950.0,518.7282757189548,49.0,39.0,17.0,0.9945589478045072,0.2040816326530612
2013-05-01,2013-07-31,Zip Code: 98121,Condo/Co-op,349000.0,349950.0,433.4121355397952,81.0,105.0,55.0,0.991788551373722,0.3456790123456789
2018-12-01,2019-02-28,Zip Code: 98104,All Residential,602500.0,629975.0,547.9860120971936,8.0,12.0,23.0,0.9810207370157924,0.0
2017-11-01,2018-01-31,Zip Code: 98121,Condo/Co-op,643000.0,589950.0,757.9273008507347,47.0,47.0,20.0,1.0252240696824122,0.4468085106382978
2018-11-01,2019-01-31,Zip Code: 98121,All Residential,585500.0,660000.0,734.811503583443,58.0,75.0,87.0,0.976799396927766,0.0862068965517241
2015-04-01,2015-06-30,Zip Code: 98101,Condo/Co-op,542500.0,607475.0,589.5872420262664,50.0,114.0,52.0,1.0048308674225372,0.38
2014-02-01,2014-04-30,Zip Code: 98117,Condo/Co-op,291250.0,295000.0,261.06286186931345,6.0,5.0,4.0,0.9884042072210862,0.0
2021-11-01,2022-01-31,Zip Code: 98103,Condo/Co-op,447500.0,450000.0,625.1280819724624,46.0,29.0,3.0,1.00784110659927,0.2826086956521738
2014-09-01,2014-11-30,Zip Code: 98101,Condo/Co-op,429975.0,570000.0,520.8333333333334,46.0,48.0,19.0,0.9926943505465228,0.217391304347826
2016-09-01,2016-11-30,Zip Code: 98101,Condo/Co-op,607450.0,657450.0,754.6192252797731,188.0,50.0,13.0,1.0024082712976137,0.0744680851063829
2018-07-01,2018-09-30,Zip Code: 98103,Condo/Co-op,511200.0,424950.0,656.7656765676568,53.0,61.0,34.0,1.0139787344132594,0.3584905660377358
2018-12-01,2019-02-28,Zip Code: 98118,Townhouse,590000.0,499900.0,419.6165191740413,17.0,9.0,5.0,0.980921589111588,0.0
2022-04-01,2022-06-30,Zip Code: 98116,Single Family Residential,1172500.0,1025000.0,581.1017148226451,98.0,100.0,22.0,1.1034256844250592,0.7244897959183673
2015-03-01,2015-05-31,Zip Code: 98103,Condo/Co-op,310500.0,314950.0,359.6432032115172,48.0,49.0,8.0,1.0124560902449913,0.4583333333333333
2020-04-01,2020-06-30,Zip Code: 98101,All Residential,675000.0,699000.0,1059.1482649842271,113.0,176.0,100.0,0.9947665631636298,0.0353982300884955
2018-05-01,2018-07-31,Zip Code: 98101,Condo/Co-op,790000.0,749000.0,810.0584259365335,64.0,76.0,35.0,0.996030564591796,0.25
2013-11-01,2014-01-31,Zip Code: 98121,All Residential,357000.0,449900.0,467.005076142132,59.0,75.0,54.0,0.9808073967579768,0.135593220338983
2017-02-01,2017-04-30,Zip Code: 98101,All Residential,602500.0,651000.0,709.8689209726444,50.0,89.0,29.0,1.0321085832957793,0.64
2022-08-01,2022-10-31,Zip Code: 98101,All Residential,705000.0,679900.0,815.0101661074001,46.0,67.0,71.0,0.9830840958043195,0.0652173913043478
2014-03-01,2014-05-31,Zip Code: 98121,Townhouse,275000.0,,342.4657534246575,1.0,,,0.8461538461538461,0.0
2012-09-01,2012-11-30,Zip Code: 98117,Condo/Co-op,260975.0,243250.0,244.63799195067872,8.0,2.0,,0.9659962439921168,0.0
2014-12-01,2015-02-28,Zip Code: 98101,Condo/Co-op,550000.0,712475.0,490.2694610778443,33.0,38.0,19.0,0.9829376224966178,0.2121212121212121
2022-02-01,2022-04-30,Zip Code: 98118,All Residential,825000.0,799999.0,512.7462340672074,159.0,191.0,36.0,1.0839197526448554,0.6100628930817609
2021-03-01,2021-05-31,Zip Code: 98101,All Residential,610000.0,725000.0,860.215053763441,85.0,95.0,50.0,0.9901563874062128,0.2235294117647058
2017-06-01,2017-08-31,Zip Code: 98121,All Residential,633000.0,600000.0,765.9470752089137,111.0,111.0,13.0,1.055915616804008,0.6666666666666666
2017-05-01,2017-07-31,Zip Code: 98103,Single Family Residential,840000.0,795000.0,458.93506127623607,128.0,150.0,28.0,1.0917470301494376,0.65625
2021-04-01,2021-06-30,Zip Code: 98121,All Residential,607500.0,649500.0,720.164609053498,123.0,152.0,78.0,0.990953365038948,0.2032520325203252
2023-11-01,2024-01-31,Zip Code: 98101,All Residential,775000.0,750000.0,883.09503784693,17.0,37.0,53.0,0.9722944816404014,0.0588235294117647
2021-07-01,2021-09-30,Zip Code: 98103,Single Family Residential,1085000.0,967500.0,575.4716981132076,149.0,160.0,34.0,1.0735380388049218,0.5906040268456376
2019-02-01,2019-04-30,Zip Code: 98116,Townhouse,725950.0,717000.0,460.33898305084745,24.0,27.0,12.0,0.9942269630261448,0.125
2018-11-01,2019-01-31,Zip Code: 98101,Condo/Co-op,705000.0,653000.0,811.6883116883117,27.0,24.0,38.0,0.960263853676988,0.037037037037037
2018-01-01,2018-03-31,Zip Code: 98103,Condo/Co-op,460000.0,451500.0,625.8234519104084,25.0,32.0,6.0,1.0812353754027455,0.64
2022-11-01,2023-01-31,Zip Code: 98121,Condo/Co-op,523500.0,608000.0,717.9650527848562,40.0,56.0,52.0,0.9721275083897088,0.05
2020-09-01,2020-11-30,Zip Code: 98121,Condo/Co-op,627500.0,649950.0,702.8041610131163,76.0,129.0,134.0,0.9750053751630106,0.1184210526315789
2018-10-01,2018-12-31,Zip Code: 98121,All Residential,625000.0,699972.5,743.9824945295405,69.0,108.0,83.0,0.9759322264081574,0.0869565217391304
2017-12-01,2018-02-28,Zip Code: 98101,Condo/Co-op,815000.0,1279950.0,860.6006493506494,41.0,60.0,44.0,1.031818231919716,0.3902439024390244
2019-09-01,2019-11-30,Zip Code: 98102,Condo/Co-op,462500.0,469000.0,648.6057068741893,62.0,53.0,33.0,0.9929684323750032,0.2096774193548387
2019-07-01,2019-09-30,Zip Code: 98175,All Residential,540000.0,550000.0,391.0209992758871,1.0,1.0,,0.9818181818181818,0.0
2021-09-01,2021-11-30,Zip Code: 98117,Condo/Co-op,488500.0,449950.0,498.48293398336153,8.0,9.0,1.0,0.9873428522393736,0.125
2013-07-01,2013-09-30,Zip Code: 98106,Condo/Co-op,160950.0,174972.5,169.62524654832347,3.0,6.0,4.0,0.9670289548540948,0.3333333333333333
2021-01-01,2021-03-31,Zip Code: 98118,Single Family Residential,747500.0,729000.0,427.46527932174246,82.0,107.0,25.0,1.0521501730057334,0.597560975609756
2023-03-01,2023-05-31,Zip Code: 98101,Condo/Co-op,685000.0,682450.0,824.5798319327731,43.0,70.0,59.0,0.9812631139672556,0.1860465116279069
2020-06-01,2020-08-31,Zip Code: 98119,Condo/Co-op,515000.0,499500.0,524.3147656940761,37.0,76.0,47.0,0.99847589146138,0.2972972972972973
2017-01-01,2017-03-31,Zip Code: 98136,All Residential,535750.0,580000.0,337.421875,54.0,80.0,18.0,1.024539323353567,0.5
2013-07-01,2013-09-30,Zip Code: 98121,All Residential,361250.0,352500.0,435.5398437530472,86.0,108.0,68.0,0.9918475681201024,0.2558139534883721
2014-04-01,2014-06-30,Zip Code: 98104,Condo/Co-op,370000.0,327000.0,398.5507246376812,19.0,22.0,19.0,0.9625507950418376,0.1578947368421052
2018-11-01,2019-01-31,Zip Code: 98103,Single Family Residential,777500.0,947625.0,443.63130091898586,72.0,68.0,26.0,0.9786069537550596,0.1944444444444444
2020-08-01,2020-10-31,Zip Code: 98116,Condo/Co-op,510000.0,637000.0,543.5516542876435,27.0,38.0,30.0,0.97880722641287,0.074074074074074
2013-11-01,2014-01-31,Zip Code: 98121,Townhouse,1175000.0,750000.0,743.2005060088552,1.0,2.0,,1.0,0.0
2023-12-01,2024-02-29,Zip Code: 98136,All Residential,995000.0,937000.0,538.5185185185185,34.0,40.0,16.0,1.018908098123947,0.3529411764705882
2012-11-01,2013-01-31,Zip Code: 98102,Single Family Residential,760000.0,839000.0,306.4102564102564,19.0,16.0,10.0,0.987143342793506,0.263157894736842
2020-02-01,2020-04-30,Zip Code: 98121,All Residential,624500.0,644500.0,751.1117007610696,68.0,96.0,67.0,0.9868020159033336,0.1470588235294117
2018-07-01,2018-09-30,Zip Code: 98103,Single Family Residential,878000.0,825000.0,463.73384956714665,116.0,139.0,55.0,1.0291692840997575,0.4482758620689655
2016-05-01,2016-07-31,Zip Code: 98118,Multi-Family (2-4 Unit),445000.0,634000.0,194.0,3.0,6.0,6.0,0.9988154465766406,0.3333333333333333
2020-12-01,2021-02-28,Zip Code: 98119,Condo/Co-op,370000.0,462475.0,502.1739130434783,30.0,34.0,28.0,0.9841084562307268,0.0666666666666666
2016-10-01,2016-12-31,Zip Code: 98134,Condo/Co-op,265000.0,,247.43230625583567,1.0,,2.0,0.9636363636363636,0.0
2018-12-01,2019-02-28,Zip Code: 98101,All Residential,732500.0,674975.0,740.0031960270926,28.0,32.0,43.0,0.9592446833609428,0.0
2016-11-01,2017-01-31,Zip Code: 98107,Multi-Family (2-4 Unit),1037500.0,900000.0,344.88044144696505,2.0,1.0,,0.9849812265331664,0.0
2019-09-01,2019-11-30,Zip Code: 98101,Condo/Co-op,625450.0,735000.0,725.8256880733945,32.0,51.0,46.0,0.9826599816275206,0.03125
2016-10-01,2016-12-31,Zip Code: 98175,All Residential,505000.0,,365.6770456191166,1.0,,,1.0746967439880826,1.0
2023-08-01,2023-10-31,Zip Code: 98103,All Residential,904975.0,899950.0,591.8824792028115,154.0,217.0,87.0,1.0104800463506376,0.3766233766233766
2020-11-01,2021-01-31,Zip Code: 98103,Condo/Co-op,424975.0,449950.0,547.3027920845757,42.0,35.0,23.0,1.0004152993600826,0.1904761904761904
2019-04-01,2019-06-30,Zip Code: 98101,All Residential,632500.0,675000.0,718.1058834376912,44.0,81.0,71.0,0.9915296842727044,0.2045454545454545
2016-04-01,2016-06-30,Zip Code: 98107,All Residential,603500.0,579950.0,447.4503561768565,164.0,153.0,21.0,1.0399932098016995,0.5
2020-09-01,2020-11-30,Zip Code: 98103,Multi-Family (2-4 Unit),850000.0,950000.0,367.7685950413223,7.0,13.0,6.0,0.9660843335888408,0.2857142857142857
2022-03-01,2022-05-31,Zip Code: 98122,Multi-Family (2-4 Unit),1354250.0,1250000.0,489.79591836734687,9.0,10.0,6.0,0.9928889366833578,0.2222222222222222
2017-01-01,2017-03-31,Zip Code: 98101,All Residential,620000.0,649950.0,733.1932773109244,45.0,76.0,28.0,1.0293017788857193,0.5777777777777777
2014-08-01,2014-10-31,Zip Code: 98175,Single Family Residential,403000.0,389450.0,325.20708283313326,2.0,2.0,,1.0342149936914762,1.0
2015-12-01,2016-02-29,Zip Code: 98103,Townhouse,600771.0,585000.0,394.23065236902136,38.0,28.0,7.0,1.046048322375621,0.5789473684210527
2023-01-01,2023-03-31,Zip Code: 98103,Townhouse,730000.0,813944.0,626.031746031746,64.0,60.0,15.0,0.9944702369853624,0.21875
2020-08-01,2020-10-31,Zip Code: 98101,Condo/Co-op,735000.0,699000.0,807.6923076923077,45.0,116.0,117.0,0.9708883383893174,0.0888888888888888
2023-04-01,2023-06-30,Zip Code: 98116,Condo/Co-op,663750.0,702500.0,637.0384209788821,26.0,34.0,12.0,0.9934364634284844,0.2692307692307692
2014-10-01,2014-12-31,Zip Code: 98103,Townhouse,407000.0,393000.0,324.1085899513776,43.0,26.0,3.0,0.9998393572945832,0.3023255813953488
2017-10-01,2017-12-31,Zip Code: 98112,Townhouse,760000.0,824530.0,542.2535211267606,14.0,6.0,1.0,1.009639346286874,0.3571428571428571
2020-12-01,2021-02-28,Zip Code: 98175,All Residential,345000.0,,348.133198789102,1.0,,,0.9858551221603084,0.0
2015-11-01,2016-01-31,Zip Code: 98101,Condo/Co-op,644750.0,606800.0,655.5857264197604,42.0,57.0,47.0,0.9899709494749444,0.1666666666666666
2013-03-01,2013-05-31,Zip Code: 98103,Townhouse,399999.0,375000.0,290.530303030303,47.0,55.0,13.0,1.0161401037271178,0.5531914893617021
2018-01-01,2018-03-31,Zip Code: 98175,Single Family Residential,635000.0,524900.0,747.0588235294117,1.0,1.0,,1.209754238902648,1.0
2023-11-01,2024-01-31,Zip Code: 98107,All Residential,875000.0,837475.0,576.9230769230769,55.0,40.0,16.0,0.9959319976887058,0.2
2018-10-01,2018-12-31,Zip Code: 98175,Condo/Co-op,360000.0,369000.0,318.5840707964602,1.0,1.0,,0.9756097560975608,0.0
2018-09-01,2018-11-30,Zip Code: 98103,All Residential,780000.0,749000.0,483.42910662336783,166.0,245.0,111.0,0.9939437227407772,0.2469879518072289
2016-10-01,2016-12-31,Zip Code: 98117,Multi-Family (2-4 Unit),1587500.0,2500000.0,1122.6663961038962,2.0,1.0,,1.0,0.0
2015-12-01,2016-02-29,Zip Code: 98178,Single Family Residential,325000.0,329950.0,189.7887323943662,77.0,53.0,29.0,0.9998218819211728,0.3636363636363636
2016-01-01,2016-03-31,Zip Code: 98119,All Residential,685000.0,663500.0,448.7760652765186,71.0,90.0,31.0,1.0266264476344245,0.4788732394366196
2020-12-01,2021-02-28,Zip Code: 98121,Condo/Co-op,615000.0,630250.0,665.3708708410336,68.0,114.0,102.0,0.977295527044654,0.0735294117647058
2021-01-01,2021-03-31,Zip Code: 98119,Townhouse,971000.0,1024000.0,608.5466651557451,42.0,22.0,1.0,1.004791513793924,0.2142857142857142
2023-08-01,2023-10-31,Zip Code: 98119,All Residential,900000.0,1075000.0,610.8312342569269,69.0,87.0,49.0,0.989854439372546,0.1594202898550724
2012-11-01,2013-01-31,Zip Code: 98134,All Residential,204500.0,199950.0,174.3048970560987,2.0,1.0,2.0,0.9641942309834056,0.0
2013-07-01,2013-09-30,Zip Code: 98103,Condo/Co-op,233000.0,239000.0,317.38437001594895,39.0,53.0,25.0,1.0199492629297653,0.4615384615384615
2017-10-01,2017-12-31,Zip Code: 98117,Single Family Residential,750500.0,690000.0,416.57737691577375,100.0,66.0,3.0,1.0481164908412206,0.54
2012-11-01,2013-01-31,Zip Code: 98117,Townhouse,392000.0,339950.0,263.9893912721208,2.0,7.0,1.0,0.9934608198703154,0.0
2012-11-01,2013-01-31,Zip Code: 98122,Single Family Residential,560000.0,496950.0,245.86776859504133,37.0,40.0,29.0,0.9946340974204098,0.2432432432432432
2014-12-01,2015-02-28,Zip Code: 98136,Single Family Residential,546255.0,479000.0,289.53947368421046,36.0,45.0,19.0,1.0058672366764554,0.3055555555555555
2021-08-01,2021-10-31,Zip Code: 98175,All Residential,631775.0,624975.0,1083.8442352562554,2.0,2.0,1.0,1.0111027771367027,1.0
2017-10-01,2017-12-31,Zip Code: 98122,Multi-Family (2-4 Unit),930000.0,1197000.0,485.7139509085512,4.0,6.0,2.0,1.0369813607609877,0.75
2021-05-01,2021-07-31,Zip Code: 98103,Multi-Family (2-4 Unit),1130000.0,989000.0,400.0,7.0,13.0,7.0,1.124761574074952,0.7142857142857143
2012-12-01,2013-02-28,Zip Code: 98121,All Residential,330000.0,397500.0,395.6043956043956,41.0,60.0,46.0,1.0008171852968804,0.2195121951219512
2021-06-01,2021-08-31,Zip Code: 98104,Condo/Co-op,570000.0,580000.0,824.7915407854985,45.0,54.0,42.0,0.989309561111485,0.1777777777777777
2018-01-01,2018-03-31,Zip Code: 98103,Single Family Residential,925000.0,850000.0,462.12121212121207,73.0,113.0,21.0,1.087772997976446,0.7260273972602739
2013-05-01,2013-07-31,Zip Code: 98108,All Residential,317800.0,315000.0,182.85136129506992,90.0,87.0,37.0,1.0120180967353591,0.4333333333333333
2020-10-01,2020-12-31,Zip Code: 98103,Condo/Co-op,429000.0,449950.0,560.4395604395604,51.0,43.0,25.0,1.0018559703389156,0.196078431372549
2020-02-01,2020-04-30,Zip Code: 98116,Townhouse,701000.0,689000.0,504.661923471078,26.0,29.0,13.0,1.0058482046668789,0.423076923076923
2022-08-01,2022-10-31,Zip Code: 98144,All Residential,749000.0,745000.0,532.226311689538,120.0,153.0,82.0,0.9893091170858614,0.225
2016-04-01,2016-06-30,Zip Code: 98175,All Residential,485000.0,229900.0,351.1947863866763,1.0,1.0,,1.1047835990888382,1.0
2012-07-01,2012-09-30,Zip Code: 98122,Single Family Residential,542000.0,579000.0,256.05793905372894,50.0,51.0,35.0,0.997905415157456,0.3599999999999999
2023-08-01,2023-10-31,Zip Code: 98144,Multi-Family (2-4 Unit),1000000.0,994995.0,364.7058823529412,5.0,6.0,4.0,0.9571813620071684,0.0
2020-05-01,2020-07-31,Zip Code: 98121,Townhouse,1350000.0,1370000.0,773.6389684813754,1.0,1.0,,0.9854014598540146,0.0
2023-06-01,2023-08-31,Zip Code: 98175,Condo/Co-op,475000.0,424000.0,471.23015873015873,1.0,1.0,,1.1202830188679245,1.0
2021-01-01,2021-03-31,Zip Code: 98116,Townhouse,771000.0,767475.0,493.2687493341856,20.0,28.0,4.0,1.0007706614551672,0.25
2015-09-01,2015-11-30,Zip Code: 98103,Multi-Family (2-4 Unit),699950.0,747250.0,250.0,5.0,8.0,4.0,0.9670301318908128,0.0
2018-05-01,2018-07-31,Zip Code: 98119,Condo/Co-op,540000.0,489900.0,595.0956937799043,39.0,57.0,26.0,1.0488510376378992,0.717948717948718
2023-10-01,2023-12-31,Zip Code: 98107,All Residential,900000.0,850000.0,582.7814569536424,71.0,53.0,26.0,0.99890744230981,0.2535211267605633
2019-05-01,2019-07-31,Zip Code: 98121,All Residential,595000.0,599000.0,741.296798999095,108.0,127.0,99.0,0.9813308620914872,0.0925925925925925
2019-09-01,2019-11-30,Zip Code: 98103,All Residential,799950.0,775000.0,472.1215170278638,172.0,195.0,76.0,1.002920863510255,0.25
2016-02-01,2016-04-30,Zip Code: 98134,Condo/Co-op,315100.0,250000.0,274.0,1.0,3.0,,1.2604,1.0
2022-11-01,2023-01-31,Zip Code: 98121,All Residential,523500.0,608000.0,717.9650527848562,40.0,56.0,52.0,0.9721275083897088,0.05
2021-04-01,2021-06-30,Zip Code: 98107,Single Family Residential,1089500.0,975000.0,591.8461538461538,78.0,87.0,9.0,1.0954176057651197,0.6923076923076922
2019-11-01,2020-01-31,Zip Code: 98101,Condo/Co-op,595000.0,610000.0,715.0686581546615,44.0,32.0,29.0,0.97519936052453,0.0227272727272727
2020-05-01,2020-07-31,Zip Code: 98103,Single Family Residential,930000.0,899000.0,512.8676470588235,117.0,165.0,36.0,1.0411484017723294,0.5299145299145299
2021-03-01,2021-05-31,Zip Code: 98103,Condo/Co-op,430000.0,439500.0,594.5210268704425,57.0,60.0,20.0,1.013745326626378,0.4736842105263157
2015-04-01,2015-06-30,Zip Code: 98121,Condo/Co-op,392500.0,584500.0,541.1470739339592,108.0,238.0,40.0,1.0047873528729954,0.3518518518518518
2021-05-01,2021-07-31,Zip Code: 98101,Condo/Co-op,630000.0,725000.0,863.72121966397,77.0,101.0,66.0,0.9870557252009784,0.1818181818181818
2023-07-01,2023-09-30,Zip Code: 98116,Single Family Residential,1160000.0,1047450.0,572.3860589812332,63.0,78.0,32.0,1.0274937115866134,0.492063492063492
2016-05-01,2016-07-31,Zip Code: 98103,Condo/Co-op,357000.0,337475.0,471.264367816092,67.0,60.0,10.0,1.0513592960687106,0.6716417910447761
2021-12-01,2022-02-28,Zip Code: 98101,Condo/Co-op,685000.0,750000.0,894.240837696335,63.0,87.0,44.0,0.9980233086596731,0.238095238095238
2016-06-01,2016-08-31,Zip Code: 98175,All Residential,279000.0,,293.0672268907564,1.0,,,1.213571117877338,1.0
2022-03-01,2022-05-31,Zip Code: 98107,Single Family Residential,1200000.0,1049950.0,642.6032306742575,76.0,73.0,5.0,1.1447799414098292,0.7631578947368421
2020-08-01,2020-10-31,Zip Code: 98116,Townhouse,699500.0,725000.0,489.3238434163701,25.0,25.0,10.0,0.9957303011227004,0.08
2018-09-01,2018-11-30,Zip Code: 98121,All Residential,642500.0,698800.0,759.5797280593325,73.0,143.0,107.0,0.9737561139064312,0.0410958904109589
2013-07-01,2013-09-30,Zip Code: 98103,Single Family Residential,550000.0,567000.0,280.67017851916887,162.0,146.0,52.0,1.0229534487560727,0.5061728395061728
2022-06-01,2022-08-31,Zip Code: 98103,Single Family Residential,1157000.0,1099935.0,590.0284900284901,117.0,152.0,41.0,1.0422169093956954,0.47008547008547
2013-02-01,2013-04-30,Zip Code: 98121,All Residential,390000.0,399250.0,419.7494319509802,54.0,92.0,48.0,0.9921395738543232,0.2222222222222222
2023-11-01,2024-01-31,Zip Code: 98103,Condo/Co-op,550000.0,517475.0,600.0,27.0,24.0,7.0,0.9904500793678908,0.1481481481481481
2015-04-01,2015-06-30,Zip Code: 98112,Townhouse,690000.0,665000.0,467.913770053476,17.0,21.0,3.0,1.0389906945272973,0.6470588235294118
2016-11-01,2017-01-31,Zip Code: 98103,Condo/Co-op,330000.0,327500.0,498.87190960109206,22.0,22.0,7.0,1.0230728234968152,0.4545454545454545
2012-01-01,2012-03-31,Zip Code: 98104,All Residential,179000.0,189000.0,248.65591397849465,15.0,17.0,18.0,0.9525801986791969,0.1333333333333333
2023-12-01,2024-02-29,Zip Code: 98103,Townhouse,785000.0,749000.0,615.7243816254417,53.0,47.0,16.0,0.9861883712980029,0.1320754716981132
2012-12-01,2013-02-28,Zip Code: 98103,Condo/Co-op,177400.0,194000.0,291.7763157894737,21.0,28.0,20.0,1.0048394754893732,0.3333333333333333
2023-01-01,2023-03-31,Zip Code: 98103,Single Family Residential,1092500.0,1100000.0,533.0272815932656,62.0,71.0,23.0,1.006375479096874,0.3387096774193548
2013-12-01,2014-02-28,Zip Code: 98101,Condo/Co-op,680000.0,544500.0,581.3186813186812,41.0,54.0,25.0,0.9844810185172168,0.0975609756097561
2013-09-01,2013-11-30,Zip Code: 98103,Multi-Family (2-4 Unit),676000.0,634995.0,212.98047820823248,4.0,2.0,7.0,0.9571417662730708,0.0
2016-08-01,2016-10-31,Zip Code: 98101,Condo/Co-op,609950.0,624950.0,750.531914893617,181.0,71.0,18.0,1.0015703862820289,0.0718232044198895
2015-04-01,2015-06-30,Zip Code: 98103,Multi-Family (2-4 Unit),650000.0,624900.0,257.8703703703704,11.0,11.0,6.0,1.0459023070623472,0.4545454545454545
2013-05-01,2013-07-31,Zip Code: 98119,Single Family Residential,816250.0,749950.0,340.1821795380747,50.0,55.0,27.0,1.0054398252150514,0.3599999999999999
2018-07-01,2018-09-30,Zip Code: 98101,Condo/Co-op,680000.0,699950.0,783.5820895522387,41.0,74.0,57.0,0.994038203525117,0.2682926829268292
2017-01-01,2017-03-31,Zip Code: 98103,Multi-Family (2-4 Unit),845000.0,845000.0,438.3040935672514,11.0,13.0,4.0,1.0138853767756295,0.3636363636363636
2021-06-01,2021-08-31,Zip Code: 98121,Condo/Co-op,604900.0,629000.0,752.3849440108504,134.0,128.0,65.0,0.9936931095952938,0.1865671641791044
2013-06-01,2013-08-31,Zip Code: 98121,All Residential,370000.0,349000.0,434.3350889875727,84.0,103.0,65.0,0.9917516587867506,0.2857142857142857
2023-11-01,2024-01-31,Zip Code: 98121,Condo/Co-op,715000.0,700000.0,775.0366174946025,48.0,59.0,68.0,0.9819014735128104,0.0625
2017-11-01,2018-01-31,Zip Code: 98101,All Residential,677500.0,705000.0,770.2264464717294,38.0,40.0,18.0,1.032672689555632,0.4736842105263157
2023-12-01,2024-02-29,Zip Code: 98103,Single Family Residential,1106000.0,1024757.0,551.7755893763056,59.0,65.0,17.0,1.0190253477287146,0.3728813559322034
2012-08-01,2012-10-31,Zip Code: 98103,Single Family Residential,477000.0,492475.0,255.47151593176696,114.0,124.0,46.0,1.0161885280177716,0.5087719298245614
2023-06-01,2023-08-31,Zip Code: 98101,All Residential,650000.0,764999.5,845.0183797712604,54.0,84.0,67.0,0.9781015612895964,0.1296296296296296
2020-03-01,2020-05-31,Zip Code: 98103,Single Family Residential,900000.0,930000.0,494.3601955132223,84.0,118.0,30.0,1.0201626550208054,0.4047619047619047
2019-10-01,2019-12-31,Zip Code: 98103,Condo/Co-op,414500.0,439950.0,528.7929975429976,26.0,19.0,21.0,0.988269686069384,0.1538461538461538
2015-11-01,2016-01-31,Zip Code: 98117,Condo/Co-op,350000.0,474000.0,399.30555555555554,7.0,2.0,,0.9836374557291006,0.2857142857142857
2018-08-01,2018-10-31,Zip Code: 98107,All Residential,749975.0,775000.0,565.6539046950006,96.0,150.0,69.0,0.9971998980591072,0.2916666666666666
2012-08-01,2012-10-31,Zip Code: 98121,All Residential,300000.0,327475.0,378.67965367965365,65.0,64.0,50.0,1.0012633163434412,0.3076923076923077
2021-04-01,2021-06-30,Zip Code: 98136,Single Family Residential,895000.0,899950.0,478.39506172839504,101.0,107.0,16.0,1.087707681515938,0.7623762376237623
2013-05-01,2013-07-31,Zip Code: 98144,Townhouse,349000.0,364475.0,281.96581196581195,24.0,34.0,16.0,1.0069705626730092,0.375
2023-11-01,2024-01-31,Zip Code: 98102,Condo/Co-op,507711.0,539950.0,644.7028423772609,33.0,27.0,24.0,0.9802968082944352,0.0909090909090909
2012-03-01,2012-05-31,Zip Code: 98144,Townhouse,249800.0,269950.0,182.4817518248175,17.0,15.0,8.0,0.9778671198218376,0.1764705882352941
2022-07-01,2022-09-30,Zip Code: 98103,Condo/Co-op,470000.0,493975.0,652.8704939919893,57.0,46.0,17.0,0.9929269127053196,0.2280701754385964
2012-07-01,2012-09-30,Zip Code: 98117,Single Family Residential,441500.0,439000.0,239.11640736378848,110.0,130.0,46.0,1.0087827589311835,0.4636363636363636
2013-01-01,2013-03-31,Zip Code: 98103,Townhouse,429475.0,419900.0,299.4932432432432,32.0,41.0,6.0,1.0167987077146876,0.59375
2015-05-01,2015-07-31,Zip Code: 98121,Townhouse,450000.0,,386.5979381443298,1.0,,,0.8334876829042415,0.0
2019-02-01,2019-04-30,Zip Code: 98116,Single Family Residential,823000.0,811975.0,407.3228819829818,70.0,96.0,41.0,1.0021711757041665,0.3428571428571428
2021-07-01,2021-09-30,Zip Code: 98134,All Residential,408000.0,427000.0,354.7826086956522,3.0,5.0,1.0,0.9964872146815108,0.3333333333333333
2019-03-01,2019-05-31,Zip Code: 98101,All Residential,625000.0,684000.0,725.2747252747251,37.0,96.0,76.0,0.9855727207105492,0.2162162162162162
2019-08-01,2019-10-31,Zip Code: 98101,All Residential,722750.0,762500.0,776.7072902942467,42.0,66.0,53.0,0.9786023878409283,0.0476190476190476
2017-02-01,2017-04-30,Zip Code: 98121,All Residential,575000.0,539000.0,693.1659866460201,86.0,91.0,21.0,1.0391706965928067,0.627906976744186
2013-11-01,2014-01-31,Zip Code: 98103,All Residential,490000.0,450000.0,308.6092715231788,149.0,115.0,53.0,1.0060889100004953,0.3557046979865771
2021-12-01,2022-02-28,Zip Code: 98103,All Residential,800000.0,784975.0,622.8504580881903,236.0,220.0,29.0,1.039659110249869,0.3983050847457627
2017-09-01,2017-11-30,Zip Code: 98116,Condo/Co-op,497500.0,495000.0,500.37461078343097,22.0,21.0,3.0,1.0107013434859695,0.4545454545454545
2019-07-01,2019-09-30,Zip Code: 98103,Multi-Family (2-4 Unit),879950.0,1162500.0,432.0987654320988,5.0,8.0,5.0,0.9377425976007212,0.0
2017-10-01,2017-12-31,Zip Code: 98126,All Residential,595000.0,612475.0,353.31493506493507,143.0,84.0,7.0,1.013594322668708,0.3916083916083916
2017-03-01,2017-05-31,Zip Code: 98103,Multi-Family (2-4 Unit),827500.0,894500.0,450.9887005649717,12.0,8.0,1.0,1.0215187153100598,0.6666666666666666
2023-10-01,2023-12-31,Zip Code: 98175,Single Family Residential,500000.0,549950.0,462.9629629629629,1.0,1.0,,0.9091735612328392,0.0
2012-08-01,2012-10-31,Zip Code: 98178,Single Family Residential,220000.0,204900.0,117.8392523364486,65.0,85.0,82.0,0.9897107787415008,0.2615384615384615
2016-12-01,2017-02-28,Zip Code: 98122,Condo/Co-op,377500.0,300000.0,570.7048154279573,40.0,25.0,1.0,1.0454791949774345,0.5749999999999998
2019-07-01,2019-09-30,Zip Code: 98112,Condo/Co-op,560000.0,529950.0,564.8741418764304,6.0,17.0,10.0,0.9658548052790856,0.1666666666666666
2013-04-01,2013-06-30,Zip Code: 98122,Single Family Residential,595000.0,592000.0,280.672268907563,69.0,82.0,32.0,1.0158254326484255,0.5217391304347825
2012-08-01,2012-10-31,Zip Code: 98133,All Residential,282800.0,274950.0,173.22547156531533,148.0,143.0,89.0,0.992361223512272,0.277027027027027
2014-04-01,2014-06-30,Zip Code: 98103,Condo/Co-op,249500.0,279000.0,330.07334963325184,43.0,47.0,24.0,0.9934769766140992,0.2325581395348837
2021-03-01,2021-05-31,Zip Code: 98119,Single Family Residential,1422500.0,1447500.0,601.9271442534168,52.0,74.0,17.0,1.0379059506601074,0.5384615384615384
2013-03-01,2013-05-31,Zip Code: 98121,Condo/Co-op,355000.0,364950.0,423.3793612495082,70.0,108.0,69.0,0.9905125755942292,0.3142857142857142
2019-06-01,2019-08-31,Zip Code: 98101,Condo/Co-op,723750.0,718450.0,753.4882444666483,58.0,68.0,57.0,0.985552777872814,0.1379310344827586
2016-12-01,2017-02-28,Zip Code: 98112,Townhouse,759974.5,810375.0,538.8865221088436,18.0,18.0,5.0,1.0006088636995087,0.2777777777777777
2014-12-01,2015-02-28,Zip Code: 98116,Single Family Residential,670000.0,549998.0,298.7845029767274,42.0,59.0,30.0,0.9990064571446836,0.3333333333333333
2016-12-01,2017-02-28,Zip Code: 98122,Townhouse,660000.0,677500.0,453.8297232250301,29.0,12.0,4.0,1.0044489737632172,0.2413793103448276
2018-06-01,2018-08-31,Zip Code: 98175,Condo/Co-op,377500.0,355000.0,374.50396825396825,1.0,1.0,,1.0633802816901408,1.0
2022-09-01,2022-11-30,Zip Code: 98117,All Residential,905000.0,878888.0,549.0956072351421,159.0,159.0,61.0,0.994502815752176,0.270440251572327
2017-12-01,2018-02-28,Zip Code: 98106,Multi-Family (2-4 Unit),763750.0,650000.0,337.84623195920835,2.0,3.0,1.0,1.036592469673853,0.5
2013-06-01,2013-08-31,Zip Code: 98115,Single Family Residential,535000.0,500000.0,257.73809523809524,181.0,192.0,56.0,1.0310409732650672,0.5193370165745856
2016-01-01,2016-03-31,Zip Code: 98122,Multi-Family (2-4 Unit),735000.0,800000.0,346.6981132075472,1.0,5.0,2.0,1.05,1.0
2021-10-01,2021-12-31,Zip Code: 98104,All Residential,470000.0,607000.0,645.9627329192547,31.0,42.0,30.0,0.987904099817734,0.096774193548387
2017-07-01,2017-09-30,Zip Code: 98103,Single Family Residential,860263.0,827000.0,437.03703703703695,125.0,128.0,17.0,1.0702565866289635,0.5999999999999999
2019-06-01,2019-08-31,Zip Code: 98101,All Residential,723750.0,718450.0,753.4882444666483,58.0,68.0,57.0,0.985552777872814,0.1379310344827586
2016-11-01,2017-01-31,Zip Code: 98119,Multi-Family (2-4 Unit),849000.0,828000.0,401.91387559808607,3.0,3.0,,1.0335429769392033,0.3333333333333333
2013-08-01,2013-10-31,Zip Code: 98103,Single Family Residential,537950.0,544500.0,278.0909090909091,138.0,134.0,35.0,1.0195823414359242,0.5
2012-08-01,2012-10-31,Zip Code: 98101,Condo/Co-op,500000.0,499500.0,486.3098942128189,57.0,57.0,48.0,0.974897021910188,0.087719298245614
2013-01-01,2013-03-31,Zip Code: 98107,Multi-Family (2-4 Unit),488500.0,460000.0,205.2591922845088,6.0,3.0,1.0,0.98758818448642,0.3333333333333333
2012-08-01,2012-10-31,Zip Code: 98122,Single Family Residential,511000.0,589725.0,256.6158781074579,45.0,54.0,35.0,0.9986569053228124,0.3777777777777777
2013-03-01,2013-05-31,Zip Code: 98103,Multi-Family (2-4 Unit),620000.0,649950.0,238.22115384615384,8.0,13.0,5.0,1.0070590852336796,0.5
2012-03-01,2012-05-31,Zip Code: 98121,All Residential,288000.0,340000.0,377.7707808564232,55.0,95.0,68.0,0.968244844218958,0.0909090909090909
2016-01-01,2016-03-31,Zip Code: 98178,Single Family Residential,320000.0,349725.0,199.8125,61.0,74.0,34.0,1.020421491377303,0.4754098360655737
2015-05-01,2015-07-31,Zip Code: 98119,Multi-Family (2-4 Unit),791500.0,774950.0,257.84933819557,4.0,3.0,1.0,1.0307488162729304,0.75
2014-11-01,2015-01-31,Zip Code: 98144,Single Family Residential,497475.0,579000.0,280.78590434135606,52.0,45.0,17.0,1.001321538156223,0.2692307692307692
2012-05-01,2012-07-31,Zip Code: 98103,Townhouse,400000.0,365000.0,275.4237288135593,35.0,47.0,22.0,1.0051000202386395,0.4
2021-09-01,2021-11-30,Zip Code: 98103,Multi-Family (2-4 Unit),902000.0,949000.0,527.9503105590062,10.0,8.0,3.0,1.0070442551678878,0.2
2021-04-01,2021-06-30,Zip Code: 98119,Single Family Residential,1485000.0,1395000.0,609.4202898550725,69.0,81.0,17.0,1.042219201844985,0.5072463768115942
2014-06-01,2014-08-31,Zip Code: 98117,Multi-Family (2-4 Unit),660000.0,649000.0,223.5524891774892,4.0,5.0,1.0,1.0169910074969897,0.5
2013-10-01,2013-12-31,Zip Code: 98121,All Residential,350000.0,475565.0,462.5158831003812,71.0,98.0,59.0,0.9798148469889713,0.1267605633802816
2015-09-01,2015-11-30,Zip Code: 98112,Condo/Co-op,440000.0,415000.0,518.6170212765958,13.0,21.0,6.0,1.0229158782835743,0.6923076923076922
2013-12-01,2014-02-28,Zip Code: 98134,All Residential,1015000.0,199900.0,554.5454545454545,2.0,3.0,2.0,0.9668073136427566,0.5
2020-11-01,2021-01-31,Zip Code: 98144,Condo/Co-op,319000.0,387474.5,546.7372134038801,13.0,22.0,13.0,0.9827827700484986,0.0769230769230769
2022-02-01,2022-04-30,Zip Code: 98121,Condo/Co-op,655000.0,693500.0,784.3137254901961,109.0,172.0,62.0,1.0044069295026852,0.2568807339449541
2023-10-01,2023-12-31,Zip Code: 98102,Single Family Residential,1650000.0,1322500.0,572.6851851851852,12.0,8.0,4.0,0.9891517718618468,0.1666666666666666
2022-06-01,2022-08-31,Zip Code: 98118,All Residential,824975.0,749875.0,490.5211141060199,144.0,180.0,76.0,1.0145000237195383,0.3333333333333333
2022-04-01,2022-06-30,Zip Code: 98121,Condo/Co-op,650000.0,625000.0,811.373092926491,117.0,176.0,102.0,1.0098856737897288,0.3504273504273504
2021-06-01,2021-08-31,Zip Code: 98178,Townhouse,444975.0,599800.0,289.898175974325,2.0,5.0,3.0,1.0087719298245614,0.5
2019-06-01,2019-08-31,Zip Code: 98121,Condo/Co-op,577000.0,649995.0,739.5578958078959,98.0,115.0,95.0,0.979938150096854,0.0714285714285714
2012-10-01,2012-12-31,Zip Code: 98122,Townhouse,419000.0,499975.0,275.6265664160401,9.0,6.0,2.0,0.9908568728215535,0.1111111111111111
2022-08-01,2022-10-31,Zip Code: 98119,All Residential,920000.0,949000.0,622.4899598393574,79.0,104.0,56.0,0.9885976506789804,0.2151898734177215
2022-10-01,2022-12-31,Zip Code: 98103,Townhouse,885000.0,750000.0,607.1428571428571,49.0,41.0,29.0,0.983328058202368,0.0612244897959183
2015-10-01,2015-12-31,Zip Code: 98117,Single Family Residential,625000.0,598500.0,321.9064386317908,125.0,77.0,10.0,1.043178203762784,0.552
2021-01-01,2021-03-31,Zip Code: 98101,Condo/Co-op,630000.0,670000.0,820.3125,71.0,91.0,60.0,0.9908367759664,0.2816901408450704
2018-08-01,2018-10-31,Zip Code: 98101,All Residential,782300.0,739900.0,790.2966487611753,42.0,75.0,61.0,0.9851904211191022,0.1904761904761904
2021-08-01,2021-10-31,Zip Code: 98117,Multi-Family (2-4 Unit),1250000.0,899000.0,426.6211604095563,3.0,4.0,1.0,0.9811320754716982,0.0
2019-09-01,2019-11-30,Zip Code: 98117,Single Family Residential,800000.0,819000.0,416.0800374779541,128.0,119.0,20.0,1.0062994095758553,0.3515625
2016-08-01,2016-10-31,Zip Code: 98144,Townhouse,526475.0,499975.0,398.2414642403724,60.0,46.0,17.0,1.0210976389316364,0.4166666666666666
2019-12-01,2020-02-29,Zip Code: 98118,Single Family Residential,579000.0,678753.5,346.9795307039441,79.0,74.0,34.0,0.9976131251964152,0.2531645569620253
2013-06-01,2013-08-31,Zip Code: 98101,All Residential,415050.0,425000.0,473.91588237943,56.0,51.0,36.0,0.99196355934877,0.1964285714285714
2018-03-01,2018-05-31,Zip Code: 98144,Condo/Co-op,365625.0,382500.0,489.1304347826088,13.0,10.0,3.0,1.0409181336044588,0.5384615384615384
2021-08-01,2021-10-31,Zip Code: 98103,Single Family Residential,1050000.0,975000.0,565.1055831067029,144.0,157.0,24.0,1.0666377211718252,0.5625
2021-11-01,2022-01-31,Zip Code: 98119,Single Family Residential,1200000.0,1100000.0,544.8113207547169,27.0,16.0,4.0,1.0351990608443964,0.3333333333333333
2015-03-01,2015-05-31,Zip Code: 98134,Condo/Co-op,180000.0,,238.7267904509284,1.0,,,1.0,0.0
2015-10-01,2015-12-31,Zip Code: 98121,Condo/Co-op,499500.0,549000.0,592.049782033447,94.0,89.0,38.0,0.9982780640505228,0.276595744680851
2012-01-01,2012-03-31,Zip Code: 98118,Townhouse,166200.0,140000.0,133.14551422319477,8.0,7.0,9.0,0.9988301277463996,0.25
2012-06-01,2012-08-31,Zip Code: 98119,Condo/Co-op,293500.0,249925.0,319.6159151223685,48.0,40.0,27.0,0.9899085243209734,0.25
2012-05-01,2012-07-31,Zip Code: 98116,Multi-Family (2-4 Unit),850000.0,,303.57142857142856,1.0,,2.0,0.9497206703910616,0.0
2017-02-01,2017-04-30,Zip Code: 98103,Condo/Co-op,398000.0,347250.0,542.8571428571429,43.0,48.0,6.0,1.0976511746551467,0.813953488372093
2016-06-01,2016-08-31,Zip Code: 98122,Condo/Co-op,345000.0,340000.0,540.6028105593904,61.0,60.0,11.0,1.0373464041899905,0.6229508196721311
2023-04-01,2023-06-30,Zip Code: 98122,Single Family Residential,1055000.0,1050000.0,594.3504912616295,52.0,80.0,20.0,1.0455781095066368,0.4807692307692307
2022-10-01,2022-12-31,Zip Code: 98103,Multi-Family (2-4 Unit),1295000.0,1887000.0,497.8689067284615,3.0,3.0,2.0,0.9682822450814996,0.0
2021-11-01,2022-01-31,Zip Code: 98136,Condo/Co-op,340000.0,320000.0,545.9770114942529,7.0,1.0,,1.0202787448354438,0.7142857142857143
2022-07-01,2022-09-30,Zip Code: 98101,Condo/Co-op,645000.0,755000.0,737.1794871794871,49.0,67.0,62.0,0.9834943048436158,0.1020408163265306
2014-12-01,2015-02-28,Zip Code: 98113,All Residential,565000.0,524950.0,279.7029702970297,1.0,1.0,,1.0762929802838366,1.0
2020-12-01,2021-02-28,Zip Code: 98101,Condo/Co-op,689000.0,650000.0,810.1851851851853,65.0,69.0,60.0,0.9850836793793128,0.2153846153846154
2016-06-01,2016-08-31,Zip Code: 98101,Condo/Co-op,685000.0,644950.0,674.2933770186744,54.0,67.0,34.0,0.9960939790386912,0.1666666666666666
2023-10-01,2023-12-31,Zip Code: 98121,Condo/Co-op,700000.0,589975.0,750.7507507507507,57.0,64.0,68.0,0.9770262866731912,0.0526315789473684
2021-12-01,2022-02-28,Zip Code: 98108,Single Family Residential,692500.0,699950.0,410.0839234198794,42.0,35.0,10.0,1.0261905884159783,0.4047619047619047
2021-02-01,2021-04-30,Zip Code: 98178,Single Family Residential,680000.0,649950.0,325.62409812409805,70.0,89.0,16.0,1.067644835956776,0.6428571428571429
2020-04-01,2020-06-30,Zip Code: 98121,All Residential,675500.0,630000.0,775.207308366956,56.0,133.0,97.0,0.9865660651495548,0.125
2022-11-01,2023-01-31,Zip Code: 98134,Condo/Co-op,295000.0,,391.2466843501326,1.0,,,1.0,0.0
2021-03-01,2021-05-31,Zip Code: 98103,Multi-Family (2-4 Unit),1200000.0,975000.0,426.6663528525702,10.0,13.0,6.0,0.9993825962543792,0.2999999999999999
2012-01-01,2012-03-31,Zip Code: 98103,All Residential,379000.0,389950.0,230.26315789473685,133.0,177.0,89.0,0.9914551062543095,0.3233082706766917
2019-06-01,2019-08-31,Zip Code: 98103,Multi-Family (2-4 Unit),1002475.0,1125000.0,417.3188246190687,4.0,9.0,6.0,0.929754004576659,0.0
2016-06-01,2016-08-31,Zip Code: 98103,All Residential,637000.0,599995.0,410.1123595505617,293.0,292.0,55.0,1.0533745405312904,0.5870307167235495
2018-01-01,2018-03-31,Zip Code: 98103,Townhouse,833950.0,819950.0,570.2476958525345,37.0,50.0,4.0,1.0480014172919156,0.5405405405405405
2017-08-01,2017-10-31,Zip Code: 98115,Townhouse,800086.0,699000.0,516.6428792793538,22.0,11.0,1.0,1.0252739512997286,0.5
2016-04-01,2016-06-30,Zip Code: 98104,All Residential,394950.0,399950.0,491.8032786885246,25.0,35.0,17.0,1.0142475364247523,0.4
2021-12-01,2022-02-28,Zip Code: 98121,All Residential,699500.0,692975.0,773.99549983928,110.0,100.0,33.0,0.9979590916491932,0.1636363636363636
2018-03-01,2018-05-31,Zip Code: 98103,Single Family Residential,975000.0,887475.0,489.3939393939394,124.0,176.0,35.0,1.0965699857383795,0.7096774193548387
2020-11-01,2021-01-31,Zip Code: 98117,All Residential,820000.0,809000.0,493.07958477508646,147.0,115.0,29.0,1.015028700227132,0.3809523809523809
2022-01-01,2022-03-31,Zip Code: 98101,Townhouse,1375000.0,,678.342377898372,1.0,,,1.061776061776062,1.0
2012-10-01,2012-12-31,Zip Code: 98107,Multi-Family (2-4 Unit),610000.0,495000.0,189.77876106194688,5.0,7.0,4.0,0.9736799795605766,0.0
2018-10-01,2018-12-31,Zip Code: 98103,Townhouse,720000.0,717000.0,510.6382978723405,39.0,50.0,29.0,0.989724319239472,0.2051282051282051
2020-10-01,2020-12-31,Zip Code: 98102,Condo/Co-op,490000.0,524975.0,623.0345911949685,50.0,50.0,35.0,0.9890265649334408,0.1
2018-04-01,2018-06-30,Zip Code: 98103,Single Family Residential,985000.0,884975.0,487.87878787878793,145.0,170.0,39.0,1.083507241614083,0.6896551724137931
2012-10-01,2012-12-31,Zip Code: 98134,Condo/Co-op,204500.0,,174.3048970560987,2.0,,1.0,0.9641942309834056,0.0
2012-09-01,2012-11-30,Zip Code: 98103,Townhouse,390000.0,409475.0,268.5680332739156,47.0,30.0,5.0,0.9845646332468316,0.2340425531914893
2015-09-01,2015-11-30,Zip Code: 98178,All Residential,337475.0,320000.0,187.4393203883496,74.0,89.0,41.0,1.013596780897703,0.4594594594594594
2023-10-01,2023-12-31,Zip Code: 98101,All Residential,628333.0,739900.0,854.4303797468353,21.0,27.0,55.0,0.995522269338927,0.1428571428571428
2016-07-01,2016-09-30,Zip Code: 98119,Townhouse,753725.0,795000.0,466.6666666666666,14.0,21.0,6.0,1.0066157158908875,0.2142857142857142
2012-02-01,2012-04-30,Zip Code: 98103,Multi-Family (2-4 Unit),747500.0,700000.0,183.76976404923613,2.0,9.0,9.0,1.0366351525569404,0.5
2020-02-01,2020-04-30,Zip Code: 98101,All Residential,599950.0,620000.0,988.4678747940692,247.0,285.0,61.0,0.9973509620781504,0.0283400809716599
2022-03-01,2022-05-31,Zip Code: 98103,All Residential,895000.0,850000.0,663.4615384615385,333.0,361.0,50.0,1.0923766144800675,0.6426426426426425
2019-06-01,2019-08-31,Zip Code: 98103,Condo/Co-op,405000.0,405000.0,632.4972737186478,55.0,61.0,39.0,1.0047725059943928,0.2363636363636363
2013-08-01,2013-10-31,Zip Code: 98103,Townhouse,402500.0,399400.0,296.9669018405716,44.0,44.0,12.0,0.9997366302678692,0.2954545454545454
2020-09-01,2020-11-30,Zip Code: 98103,Single Family Residential,899500.0,890000.0,485.1586739590225,178.0,184.0,26.0,1.037796013624566,0.5168539325842697
2016-06-01,2016-08-31,Zip Code: 98103,Condo/Co-op,333500.0,334975.0,484.2105263157896,59.0,60.0,16.0,1.040947331405094,0.6101694915254237
2023-09-01,2023-11-30,Zip Code: 98103,Multi-Family (2-4 Unit),1407500.0,1199974.5,530.6288669760247,6.0,4.0,2.0,0.9921496708427936,0.5
2021-02-01,2021-04-30,Zip Code: 98133,Condo/Co-op,360000.0,322475.0,365.5767484105359,37.0,42.0,9.0,1.0227333675731094,0.5405405405405405
2016-01-01,2016-03-31,Zip Code: 98103,Single Family Residential,736000.0,699950.0,383.15,67.0,91.0,18.0,1.0866560054746093,0.7014925373134328
2012-12-01,2013-02-28,Zip Code: 98103,All Residential,425000.0,437000.0,272.17391304347825,119.0,132.0,56.0,0.9972024316472758,0.3697478991596638
2012-12-01,2013-02-28,Zip Code: 98117,Single Family Residential,451500.0,457000.0,244.15384615384616,75.0,84.0,31.0,1.0105804482221348,0.4266666666666666
2016-12-01,2017-02-28,Zip Code: 98112,Single Family Residential,1096680.0,1572500.0,450.5896042791552,38.0,40.0,24.0,1.0462338590715594,0.4736842105263157
2021-11-01,2022-01-31,Zip Code: 98118,All Residential,687500.0,718490.0,451.3307638614913,178.0,100.0,20.0,1.0176237603316431,0.3707865168539326
2014-03-01,2014-05-31,Zip Code: 98116,Multi-Family (2-4 Unit),680000.0,1258950.0,286.9198312236287,1.0,2.0,3.0,0.9728183118741058,0.0
2021-05-01,2021-07-31,Zip Code: 98118,Single Family Residential,799950.0,740000.0,449.438202247191,175.0,187.0,48.0,1.0734260306895902,0.5999999999999999
2016-07-01,2016-09-30,Zip Code: 98113,All Residential,520000.0,520000.0,460.17699115044246,1.0,1.0,,1.0,0.0
2013-08-01,2013-10-31,Zip Code: 98119,Single Family Residential,690000.0,689000.0,312.5,51.0,45.0,20.0,1.0025234721524887,0.3529411764705882
2016-04-01,2016-06-30,Zip Code: 98107,Townhouse,650000.0,601200.0,447.15447154471536,39.0,38.0,6.0,1.0273847484648708,0.4871794871794871
2018-08-01,2018-10-31,Zip Code: 98175,Townhouse,577000.0,,417.8131788559015,1.0,,,0.9697478991596638,0.0
2023-03-01,2023-05-31,Zip Code: 98103,Multi-Family (2-4 Unit),1375000.0,1499500.0,442.0880893300248,4.0,7.0,4.0,1.0324693422519513,0.75
2016-05-01,2016-07-31,Zip Code: 98103,Townhouse,600000.0,559975.0,412.5177809388336,61.0,66.0,8.0,1.0582946172669432,0.5901639344262295
2023-08-01,2023-10-31,Zip Code: 98103,Condo/Co-op,500000.0,498000.0,631.0776536614321,32.0,35.0,16.0,1.0051232219783728,0.375
2017-10-01,2017-12-31,Zip Code: 98121,All Residential,650000.0,600000.0,813.7254901960785,71.0,47.0,15.0,1.0504485329068485,0.6619718309859155
2015-10-01,2015-12-31,Zip Code: 98122,Single Family Residential,685000.0,799000.0,326.0869565217392,53.0,33.0,8.0,1.025109728949487,0.320754716981132
2019-06-01,2019-08-31,Zip Code: 98122,Condo/Co-op,430000.0,425000.0,667.6602086438152,45.0,49.0,24.0,0.9893421689516264,0.0888888888888888
2014-11-01,2015-01-31,Zip Code: 98103,Condo/Co-op,235549.0,252475.0,333.58440811143294,34.0,28.0,15.0,0.986815015714868,0.2352941176470588
2016-02-01,2016-04-30,Zip Code: 98103,Townhouse,650000.0,599500.0,439.1025641025641,45.0,59.0,8.0,1.0559530349439494,0.5999999999999999
2019-07-01,2019-09-30,Zip Code: 98103,Single Family Residential,880000.0,895000.0,460.33185294843327,112.0,118.0,43.0,1.0042747197411004,0.2767857142857143
2018-12-01,2019-02-28,Zip Code: 98101,Condo/Co-op,732500.0,674975.0,740.0031960270926,28.0,32.0,43.0,0.9592446833609428,0.0
2013-04-01,2013-06-30,Zip Code: 98103,Condo/Co-op,236000.0,238500.0,314.07035175879395,49.0,54.0,19.0,1.013942435938495,0.3673469387755102
2013-08-01,2013-10-31,Zip Code: 98104,All Residential,375000.0,394425.0,360.71428571428567,19.0,14.0,15.0,0.988687726660524,0.3157894736842105
2018-10-01,2018-12-31,Zip Code: 98101,Condo/Co-op,797000.0,829000.0,796.7910447761194,32.0,33.0,37.0,0.9731722579413778,0.03125
2018-12-01,2019-02-28,Zip Code: 98122,Multi-Family (2-4 Unit),838500.0,824500.0,368.9590342370869,2.0,4.0,3.0,1.0761344155148398,0.5
2020-09-01,2020-11-30,Zip Code: 98103,Condo/Co-op,417500.0,434000.0,577.5577557755776,57.0,73.0,37.0,1.001705191936884,0.2105263157894736
2012-05-01,2012-07-31,Zip Code: 98121,All Residential,324000.0,334950.0,416.192089798962,74.0,86.0,62.0,0.9836585049369376,0.2162162162162162
2019-03-01,2019-05-31,Zip Code: 98121,All Residential,615500.0,649000.0,743.7389928658846,98.0,151.0,108.0,0.9817567395315488,0.1020408163265306
2015-07-01,2015-09-30,Zip Code: 98101,All Residential,675200.0,584995.0,708.0757726819542,115.0,72.0,61.0,1.0025844497162666,0.1304347826086956
2013-07-01,2013-09-30,Zip Code: 98101,Condo/Co-op,390000.0,475000.0,472.5609756097561,49.0,55.0,40.0,0.9895173862979928,0.1224489795918367
2016-01-01,2016-03-31,Zip Code: 98112,All Residential,1200000.0,907500.0,504.1337662337663,67.0,128.0,41.0,1.0278044896834118,0.5074626865671642
2022-04-01,2022-06-30,Zip Code: 98102,Condo/Co-op,520000.0,521500.0,680.0766283524904,97.0,122.0,41.0,1.0208431892450385,0.4329896907216495
2013-03-01,2013-05-31,Zip Code: 98119,Single Family Residential,775000.0,850000.0,319.1919191919192,37.0,55.0,24.0,0.9986995992986024,0.2702702702702702
2017-06-01,2017-08-31,Zip Code: 98104,Condo/Co-op,448750.0,487500.0,576.6392578536792,22.0,20.0,16.0,1.04567824666853,0.6363636363636364
2017-10-01,2017-12-31,Zip Code: 98104,Condo/Co-op,567500.0,615000.0,616.693186072632,26.0,23.0,10.0,1.021306693138842,0.4615384615384615
2013-09-01,2013-11-30,Zip Code: 98121,All Residential,350000.0,497475.0,452.0166898470097,83.0,116.0,57.0,0.9897974533343816,0.2048192771084337
2020-02-01,2020-04-30,Zip Code: 98117,Townhouse,642000.0,639475.0,469.7014126712329,36.0,28.0,8.0,0.9976632851312112,0.3055555555555555
2021-10-01,2021-12-31,Zip Code: 98102,Multi-Family (2-4 Unit),1301000.0,1250000.0,499.07292610462633,6.0,3.0,1.0,1.0084285755241864,0.3333333333333333
2015-11-01,2016-01-31,Zip Code: 98122,Multi-Family (2-4 Unit),1055000.0,1195000.0,379.1116757686084,2.0,1.0,1.0,0.978443255834016,0.5
2019-02-01,2019-04-30,Zip Code: 98103,Townhouse,690500.0,719000.0,533.2225913621262,66.0,77.0,34.0,1.0008269035818254,0.2727272727272727
2019-03-01,2019-05-31,Zip Code: 98119,All Residential,825000.0,899975.0,555.6521739130435,116.0,186.0,99.0,0.9903711382482124,0.1724137931034482
2019-11-01,2020-01-31,Zip Code: 98101,All Residential,595000.0,610000.0,715.0686581546615,44.0,32.0,29.0,0.9751993605245302,0.0227272727272727
2019-11-01,2020-01-31,Zip Code: 98104,Condo/Co-op,550000.0,464300.0,561.4136732329084,19.0,14.0,30.0,0.9777594939149324,0.1578947368421052
2012-11-01,2013-01-31,Zip Code: 98112,Multi-Family (2-4 Unit),895000.0,899950.0,262.22100827220225,2.0,1.0,,0.9774193548387096,0.0
2012-08-01,2012-10-31,Zip Code: 98122,All Residential,432500.0,419000.0,294.2446043165468,101.0,113.0,66.0,0.9990543815428896,0.3663366336633663
2023-06-01,2023-08-31,Zip Code: 98101,Condo/Co-op,650000.0,764999.5,845.0183797712604,54.0,84.0,67.0,0.9781015612895964,0.1296296296296296
2022-01-01,2022-03-31,Zip Code: 98101,All Residential,752500.0,750000.0,886.1636287247107,68.0,116.0,49.0,0.9993874523444802,0.25
2022-09-01,2022-11-30,Zip Code: 98101,All Residential,679475.0,659450.0,905.3815884547032,40.0,58.0,54.0,0.9851135898660736,0.0749999999999999
2021-08-01,2021-10-31,Zip Code: 98107,Condo/Co-op,425000.0,469900.0,616.4383561643835,41.0,51.0,14.0,0.9997587404692412,0.3902439024390244
2022-06-01,2022-08-31,Zip Code: 98106,Single Family Residential,750000.0,747475.0,473.5449735449736,83.0,98.0,39.0,1.0120565260259498,0.4457831325301204
2019-01-01,2019-03-31,Zip Code: 98119,All Residential,754475.0,899950.0,548.9994014365523,70.0,119.0,71.0,0.9875239354849747,0.1142857142857142
2020-04-01,2020-06-30,Zip Code: 98144,Condo/Co-op,385000.0,408997.5,572.6872246696036,5.0,12.0,7.0,0.9901407867249772,0.2
2012-10-01,2012-12-31,Zip Code: 98102,Multi-Family (2-4 Unit),462500.0,,179.6099290780142,2.0,,2.0,0.9758366800535476,0.0
2015-06-01,2015-08-31,Zip Code: 98104,All Residential,450000.0,424950.0,422.7272727272728,19.0,16.0,12.0,0.9868168645419984,0.263157894736842
2019-12-01,2020-02-29,Zip Code: 98107,Multi-Family (2-4 Unit),915000.0,1137500.0,410.3803902279062,6.0,8.0,3.0,1.0242964836016275,0.5
2015-09-01,2015-11-30,Zip Code: 98121,Condo/Co-op,622400.0,617500.0,617.958958821099,128.0,149.0,52.0,0.9994502748118812,0.1796875
2015-01-01,2015-03-31,Zip Code: 98134,Condo/Co-op,180000.0,,238.7267904509284,1.0,,,1.0,0.0
2020-11-01,2021-01-31,Zip Code: 98103,All Residential,795625.0,759475.0,506.3997717943947,264.0,200.0,63.0,1.007008096519768,0.3068181818181818
2012-12-01,2013-02-28,Zip Code: 98102,All Residential,376850.0,380000.0,331.8083003952569,62.0,81.0,54.0,0.9828251542336736,0.1935483870967741
2013-02-01,2013-04-30,Zip Code: 98101,Condo/Co-op,585000.0,540000.0,587.8712871287129,63.0,61.0,39.0,0.9916849615619217,0.1587301587301587
2012-08-01,2012-10-31,Zip Code: 98102,Multi-Family (2-4 Unit),648500.0,749000.0,187.5,3.0,1.0,2.0,0.9467741469475022,0.0
2018-08-01,2018-10-31,Zip Code: 98103,All Residential,798500.0,749300.0,509.819021948402,202.0,272.0,136.0,1.0038613445070004,0.3019801980198019
2022-04-01,2022-06-30,Zip Code: 98175,All Residential,865000.0,,624.5487364620939,1.0,,,1.2627737226277371,1.0
2015-06-01,2015-08-31,Zip Code: 98175,All Residential,380000.0,375000.0,342.3423423423424,1.0,1.0,,1.0133333333333334,1.0
2014-10-01,2014-12-31,Zip Code: 98175,Single Family Residential,403000.0,349000.0,325.20708283313326,2.0,1.0,,1.0342149936914762,1.0
2015-11-01,2016-01-31,Zip Code: 98103,Multi-Family (2-4 Unit),867000.0,664975.0,315.1515151515152,7.0,12.0,7.0,1.0072919142891852,0.4285714285714285
2016-01-01,2016-03-31,Zip Code: 98122,Townhouse,669900.0,664999.0,405.824485219476,32.0,39.0,16.0,1.0148518353573703,0.46875
2019-01-01,2019-03-31,Zip Code: 98175,Townhouse,587000.0,585000.0,425.0543084721217,1.0,1.0,,1.0034188034188034,1.0
2016-09-01,2016-11-30,Zip Code: 98107,All Residential,618500.0,612500.0,459.35070130259766,142.0,124.0,13.0,1.018666593626706,0.4718309859154929
2017-08-01,2017-10-31,Zip Code: 98178,All Residential,435000.0,449990.0,233.76566367574256,90.0,128.0,61.0,1.012985611740152,0.4333333333333333
2016-10-01,2016-12-31,Zip Code: 98112,Single Family Residential,1070000.0,986950.0,409.4535739120887,52.0,30.0,12.0,1.024125855634834,0.4423076923076922
2013-04-01,2013-06-30,Zip Code: 98107,Townhouse,415000.0,429950.0,305.4445251937984,38.0,33.0,8.0,1.0140058684513165,0.4736842105263157
2021-11-01,2022-01-31,Zip Code: 98134,Condo/Co-op,427000.0,388500.0,371.3043478260869,3.0,2.0,,1.0017816238228556,0.3333333333333333
2021-11-01,2022-01-31,Zip Code: 98105,All Residential,893000.0,980000.0,567.3076923076923,81.0,60.0,19.0,1.0153337908151028,0.3209876543209876
2012-07-01,2012-09-30,Zip Code: 98112,All Residential,720000.0,819000.0,321.9770807490106,88.0,101.0,82.0,0.9696819246806648,0.2045454545454545
2019-07-01,2019-09-30,Zip Code: 98117,Single Family Residential,820500.0,824475.0,422.4925792844868,146.0,146.0,48.0,1.0022467892530431,0.321917808219178
2015-10-01,2015-12-31,Zip Code: 98121,All Residential,499500.0,549500.0,592.049782033447,94.0,90.0,39.0,0.9982780640505228,0.276595744680851
2021-09-01,2021-11-30,Zip Code: 98103,All Residential,820000.0,822500.0,582.0928196147112,299.0,294.0,35.0,1.0359021655236615,0.4247491638795986
2022-05-01,2022-07-31,Zip Code: 98136,Multi-Family (2-4 Unit),728500.0,1100000.0,458.1761006289309,1.0,1.0,,0.9396968719767816,0.0
2020-06-01,2020-08-31,Zip Code: 98101,All Residential,825000.0,759500.0,901.38067061144,55.0,138.0,121.0,0.979329540881739,0.0545454545454545
2018-01-01,2018-03-31,Zip Code: 98103,Multi-Family (2-4 Unit),1050000.0,1250000.0,337.4340949033392,5.0,3.0,,1.0248684393121006,0.4
2018-04-01,2018-06-30,Zip Code: 98116,All Residential,761000.0,775000.0,510.8399390243902,141.0,153.0,41.0,1.0468814855670627,0.5390070921985815
2012-02-01,2012-04-30,Zip Code: 98104,All Residential,189000.0,186000.0,248.6678507992895,19.0,21.0,17.0,0.9469839055911656,0.1052631578947368
2022-10-01,2022-12-31,Zip Code: 98101,All Residential,554887.5,694000.0,754.6100953273949,32.0,41.0,44.0,0.9791296514719076,0.03125
2023-05-01,2023-07-31,Zip Code: 98101,All Residential,711386.0,730750.0,846.4433168346934,56.0,92.0,63.0,0.977238788438501,0.1607142857142857
2016-06-01,2016-08-31,Zip Code: 98133,Townhouse,450000.0,409500.0,312.5,39.0,31.0,4.0,1.0290095045870593,0.5128205128205127
2017-02-01,2017-04-30,Zip Code: 98101,Condo/Co-op,602500.0,651000.0,709.8689209726444,50.0,89.0,29.0,1.032108583295779,0.64
2021-09-01,2021-11-30,Zip Code: 98103,Single Family Residential,1010000.0,955000.0,560.204081632653,145.0,138.0,7.0,1.066148574858519,0.5655172413793103
2021-01-01,2021-03-31,Zip Code: 98103,All Residential,784975.0,795000.0,553.7050224887556,236.0,273.0,59.0,1.0308326870195124,0.4364406779661017
2023-12-01,2024-02-29,Zip Code: 98118,Condo/Co-op,360000.0,91386.0,396.0,3.0,5.0,5.0,1.0033260864627138,0.3333333333333333
2018-04-01,2018-06-30,Zip Code: 98106,Condo/Co-op,320000.0,320000.0,360.1440576230492,9.0,9.0,1.0,1.0491566673610293,0.6666666666666666
2016-02-01,2016-04-30,Zip Code: 98122,Single Family Residential,810000.0,749950.0,417.7991143284993,46.0,53.0,12.0,1.0345717559392191,0.5
2021-11-01,2022-01-31,Zip Code: 98119,Condo/Co-op,437475.0,449950.0,558.50279988211,38.0,25.0,8.0,0.9985493709730072,0.1578947368421052
2018-02-01,2018-04-30,Zip Code: 98175,Townhouse,350000.0,319500.0,346.8780971258672,1.0,1.0,,1.0954616588419406,1.0
2013-05-01,2013-07-31,Zip Code: 98117,Townhouse,397500.0,395000.0,288.2132044713554,12.0,17.0,9.0,1.0033231531093068,0.5
2020-03-01,2020-05-31,Zip Code: 98103,Townhouse,656500.0,678475.0,510.0,60.0,74.0,19.0,1.0116790145229226,0.3499999999999999
2020-01-01,2020-03-31,Zip Code: 98103,All Residential,733000.0,729950.0,517.6767676767677,177.0,223.0,72.0,1.0194957784378125,0.4124293785310734
2022-11-01,2023-01-31,Zip Code: 98101,All Residential,525000.0,739000.0,701.2572506878857,26.0,31.0,44.0,0.9744957640469432,0.0384615384615384
2021-07-01,2021-09-30,Zip Code: 98144,Single Family Residential,972000.0,870000.0,505.51470588235287,69.0,78.0,21.0,1.0691795948055105,0.6376811594202898
2023-03-01,2023-05-31,Zip Code: 98103,Condo/Co-op,456200.0,478000.0,602.5330593280913,24.0,31.0,14.0,1.0099682507532302,0.4583333333333333
2014-10-01,2014-12-31,Zip Code: 98103,Condo/Co-op,217000.0,298000.0,323.1939163498099,37.0,34.0,19.0,0.9884816887361944,0.2432432432432432
2019-06-01,2019-08-31,Zip Code: 98102,Multi-Family (2-4 Unit),1062500.0,1887500.0,451.6465677179962,2.0,2.0,3.0,1.0,0.0
2019-01-01,2019-03-31,Zip Code: 98104,All Residential,640000.0,695900.0,560.5493133583021,9.0,37.0,32.0,0.9880399575314828,0.0
2018-03-01,2018-05-31,Zip Code: 98122,All Residential,783000.0,748250.0,599.3421052631579,123.0,162.0,36.0,1.0752545962569071,0.6585365853658536
2020-03-01,2020-05-31,Zip Code: 98103,Condo/Co-op,437500.0,430000.0,593.4065934065934,39.0,45.0,24.0,1.0115810650003445,0.3846153846153846
2014-12-01,2015-02-28,Zip Code: 98136,All Residential,489950.0,435000.0,301.9736842105263,57.0,65.0,26.0,1.0023744109948725,0.3157894736842105
2014-02-01,2014-04-30,Zip Code: 98119,Multi-Family (2-4 Unit),581700.0,764950.0,286.36490083695054,2.0,6.0,2.0,1.0029713861018208,0.5
2021-04-01,2021-06-30,Zip Code: 98185,All Residential,459000.0,459000.0,628.7671232876712,1.0,1.0,,1.0,0.0
2020-01-01,2020-03-31,Zip Code: 98122,Condo/Co-op,471500.0,461500.0,653.502551683337,28.0,42.0,12.0,0.9972795149584738,0.2857142857142857
2015-02-01,2015-04-30,Zip Code: 98103,Condo/Co-op,289000.0,312475.0,363.4267775916825,42.0,52.0,12.0,1.012428388049876,0.3809523809523809
2020-05-01,2020-07-31,Zip Code: 98136,All Residential,700000.0,720000.0,419.87179487179486,99.0,143.0,39.0,1.0065974424730069,0.4242424242424242
2023-02-01,2023-04-30,Zip Code: 98118,Multi-Family (2-4 Unit),680000.0,1099990.0,435.8974358974359,1.0,1.0,1.0,0.883174232092993,0.0
2014-05-01,2014-07-31,Zip Code: 98119,All Residential,566500.0,599950.0,374.0619491312012,114.0,129.0,56.0,1.001706577430873,0.3859649122807017
2012-12-01,2013-02-28,Zip Code: 98104,Condo/Co-op,262500.0,925000.0,293.3271535863445,14.0,7.0,8.0,0.9887780646212618,0.2857142857142857
2018-11-01,2019-01-31,Zip Code: 98104,Condo/Co-op,497000.0,574500.0,550.0891592086621,10.0,10.0,25.0,0.9706687439848868,0.0
2014-12-01,2015-02-28,Zip Code: 98103,Single Family Residential,616500.0,562500.0,319.7674418604651,65.0,61.0,17.0,1.022422652950834,0.4923076923076923
2021-04-01,2021-06-30,Zip Code: 98103,Multi-Family (2-4 Unit),1048000.0,925000.0,410.17699115044246,8.0,11.0,5.0,1.0825306918097193,0.5
2023-04-01,2023-06-30,Zip Code: 98112,Condo/Co-op,792790.0,755790.0,697.9785417285418,22.0,30.0,10.0,1.000280363234773,0.1818181818181818
2015-10-01,2015-12-31,Zip Code: 98107,All Residential,576300.0,575000.0,420.15370161879264,104.0,93.0,13.0,1.0404736496069589,0.5865384615384615
2022-11-01,2023-01-31,Zip Code: 98104,Condo/Co-op,366100.0,605900.0,526.9024276377218,10.0,23.0,32.0,0.9634645085166484,0.2999999999999999
2016-02-01,2016-04-30,Zip Code: 98101,Townhouse,625000.0,649888.0,599.2329817833173,1.0,1.0,,0.9617041705647742,0.0
2014-01-01,2014-03-31,Zip Code: 98102,Single Family Residential,967000.0,875000.0,335.2981969486824,9.0,25.0,14.0,1.0051633463742562,0.3333333333333333
2012-12-01,2013-02-28,Zip Code: 98101,All Residential,550000.0,892000.0,571.6508134056361,50.0,56.0,41.0,0.9937240558584044,0.22
2017-02-01,2017-04-30,Zip Code: 98103,All Residential,707750.0,650000.0,470.575614087008,188.0,205.0,31.0,1.0783943579069253,0.7180851063829787
2012-04-01,2012-06-30,Zip Code: 98116,Townhouse,323000.0,374950.0,272.22222222222223,11.0,8.0,4.0,0.984534124693759,0.1818181818181818
2019-01-01,2019-03-31,Zip Code: 98101,All Residential,699950.0,699000.0,766.6666666666665,33.0,66.0,65.0,0.9671413320069744,0.0909090909090909
2017-07-01,2017-09-30,Zip Code: 98102,All Residential,678500.0,600000.0,598.5805500368607,112.0,147.0,41.0,1.043992938716296,0.5
2012-08-01,2012-10-31,Zip Code: 98103,Townhouse,365000.0,394975.0,259.3984962406015,39.0,36.0,9.0,0.9902276693060866,0.2307692307692307
2016-07-01,2016-09-30,Zip Code: 98117,All Residential,685000.0,650000.0,379.1688243788278,182.0,216.0,56.0,1.043881160647667,0.5659340659340659
2023-06-01,2023-08-31,Zip Code: 98105,Single Family Residential,1282500.0,1385000.0,615.5740810913225,48.0,59.0,20.0,1.0270475812350135,0.4791666666666666
2015-07-01,2015-09-30,Zip Code: 98119,Multi-Family (2-4 Unit),691000.0,,218.383658008658,2.0,,1.0,1.0045714285714284,0.5
2022-09-01,2022-11-30,Zip Code: 98121,Condo/Co-op,550000.0,589500.0,743.519781718963,63.0,86.0,81.0,0.9846929393418042,0.1587301587301587
2016-12-01,2017-02-28,Zip Code: 98107,Townhouse,797475.0,738800.0,460.4147465437788,40.0,44.0,8.0,1.0167081419485302,0.375
2023-07-01,2023-09-30,Zip Code: 98118,Condo/Co-op,407500.0,390000.0,513.3405973361305,10.0,12.0,8.0,0.9992956236802712,0.2999999999999999
2023-11-01,2024-01-31,Zip Code: 98104,Condo/Co-op,450900.0,535000.0,677.5897765403013,22.0,27.0,28.0,0.9850640163394796,0.1818181818181818
2013-05-01,2013-07-31,Zip Code: 98103,Condo/Co-op,235500.0,244750.0,309.0749120160885,50.0,48.0,21.0,1.0213224682082909,0.4
2017-03-01,2017-05-31,Zip Code: 98118,All Residential,525000.0,535000.0,326.0507246376812,173.0,209.0,60.0,1.0746666101481666,0.583815028901734
2023-08-01,2023-10-31,Zip Code: 98121,Condo/Co-op,636250.0,695000.0,750.7507507507507,68.0,123.0,112.0,0.9812250567968928,0.1176470588235294
2020-04-01,2020-06-30,Zip Code: 98116,Multi-Family (2-4 Unit),1100000.0,1035000.0,366.6666666666666,1.0,7.0,3.0,1.0,0.0
2019-12-01,2020-02-29,Zip Code: 98118,Condo/Co-op,345000.0,374950.0,400.0,5.0,4.0,4.0,0.9594898650117718,0.0
2015-11-01,2016-01-31,Zip Code: 98134,All Residential,520000.0,,298.85057471264366,1.0,,1.0,1.0196078431372548,1.0
2023-05-01,2023-07-31,Zip Code: 98121,Condo/Co-op,549500.0,620000.0,785.8136300417247,79.0,110.0,74.0,0.9881534976635172,0.1392405063291139
2015-01-01,2015-03-31,Zip Code: 98121,Condo/Co-op,380500.0,591900.0,492.8940568475453,59.0,183.0,128.0,0.9911730292237864,0.2372881355932203
2013-02-01,2013-04-30,Zip Code: 98102,Condo/Co-op,301250.0,309950.0,367.5730110775428,60.0,67.0,27.0,1.0074723708038738,0.3666666666666666
2015-12-01,2016-02-29,Zip Code: 98112,Townhouse,838000.0,670000.0,528.9359054138146,11.0,5.0,1.0,1.0204624244826788,0.5454545454545454
2013-09-01,2013-11-30,Zip Code: 98103,Single Family Residential,545000.0,549950.0,281.37451680047576,118.0,109.0,20.0,1.020994579702446,0.5254237288135593
2018-09-01,2018-11-30,Zip Code: 98117,All Residential,792500.0,774500.0,430.36389121209305,138.0,162.0,62.0,1.004500507675234,0.3043478260869565
2018-03-01,2018-05-31,Zip Code: 98144,All Residential,750000.0,759000.0,479.1666666666666,133.0,149.0,41.0,1.0419685761579385,0.4586466165413533
2013-09-01,2013-11-30,Zip Code: 98104,All Residential,399850.0,399850.0,392.4050632911392,17.0,15.0,14.0,0.9793848237841652,0.1764705882352941
2021-12-01,2022-02-28,Zip Code: 98103,Townhouse,759000.0,754950.0,623.7985212569316,107.0,109.0,11.0,1.0142187078386318,0.2523364485981308
2012-11-01,2013-01-31,Zip Code: 98116,All Residential,450000.0,410000.0,252.73224043715848,81.0,58.0,57.0,0.9769693142837927,0.2098765432098765
2017-05-01,2017-07-31,Zip Code: 98101,All Residential,622950.0,725000.0,693.979933110368,54.0,51.0,25.0,1.0504086932619436,0.6666666666666666
2013-07-01,2013-09-30,Zip Code: 98178,Single Family Residential,254250.0,239000.0,144.28721174004193,96.0,99.0,80.0,1.0110307776295449,0.3645833333333333
2015-10-01,2015-12-31,Zip Code: 98119,Townhouse,694500.0,729950.0,443.80172987358617,10.0,17.0,7.0,1.013046552773485,0.4
2018-04-01,2018-06-30,Zip Code: 98106,Multi-Family (2-4 Unit),767500.0,625000.0,313.58381502890165,2.0,1.0,,1.0509966969089417,0.5
2018-07-01,2018-09-30,Zip Code: 98178,All Residential,458000.0,467000.0,271.5167548500882,102.0,120.0,87.0,1.0168265745077998,0.4313725490196078
2023-05-01,2023-07-31,Zip Code: 98102,Single Family Residential,1595000.0,1935000.0,571.969696969697,13.0,16.0,15.0,1.0133518059927202,0.4615384615384615
2018-08-01,2018-10-31,Zip Code: 98122,Condo/Co-op,467500.0,499000.0,683.2745213042704,38.0,64.0,37.0,0.99428866457949,0.2105263157894736
2016-04-01,2016-06-30,Zip Code: 98122,Single Family Residential,791000.0,750000.0,418.39188021883103,54.0,79.0,20.0,1.0739917229679088,0.7407407407407407
2013-03-01,2013-05-31,Zip Code: 98117,All Residential,448753.0,427500.0,259.65909090909093,161.0,201.0,58.0,1.019420813395734,0.5403726708074534
2017-06-01,2017-08-31,Zip Code: 98133,Single Family Residential,594500.0,575000.0,338.4251186801682,152.0,186.0,39.0,1.075097986014495,0.7039473684210527
2019-04-01,2019-06-30,Zip Code: 98103,All Residential,785000.0,755000.0,506.96003284971255,240.0,325.0,132.0,1.0075150239599788,0.325
2022-05-01,2022-07-31,Zip Code: 98117,Single Family Residential,1155000.0,1050000.0,613.504,155.0,190.0,46.0,1.1083303738413497,0.6451612903225806
2017-12-01,2018-02-28,Zip Code: 98117,Townhouse,714000.0,670000.0,516.1904761904761,13.0,23.0,2.0,1.0192501835934034,0.3846153846153846
2018-12-01,2019-02-28,Zip Code: 98122,Townhouse,712500.0,699950.0,534.75935828877,28.0,33.0,15.0,0.9907299412299188,0.3214285714285714
2015-08-01,2015-10-31,Zip Code: 98103,All Residential,577500.0,572450.0,352.7711662699762,214.0,192.0,40.0,1.0516718606345288,0.6401869158878504
2018-03-01,2018-05-31,Zip Code: 98101,Condo/Co-op,755000.0,795000.0,836.0,61.0,93.0,61.0,1.0091010908141094,0.3114754098360655
2017-06-01,2017-08-31,Zip Code: 98101,All Residential,615450.0,825000.0,734.1626057963582,40.0,58.0,33.0,1.0682843184172488,0.6999999999999998
2012-01-01,2012-03-31,Zip Code: 98117,Single Family Residential,429500.0,449925.0,218.1281468318264,78.0,110.0,46.0,0.9930723137702296,0.3076923076923077
2021-12-01,2022-02-28,Zip Code: 98112,All Residential,1320000.0,1150000.0,697.792045353021,84.0,73.0,16.0,1.0399323585733693,0.3333333333333333
2022-11-01,2023-01-31,Zip Code: 98103,Townhouse,765000.0,749500.0,623.3384609316452,44.0,47.0,22.0,0.982160772569606,0.0681818181818181
2021-01-01,2021-03-31,Zip Code: 98103,Multi-Family (2-4 Unit),1093000.0,1150000.0,415.5615942028985,10.0,11.0,4.0,0.9778194398345674,0.2999999999999999
2018-12-01,2019-02-28,Zip Code: 98121,All Residential,568888.0,684000.0,743.9824945295405,63.0,74.0,84.0,0.975654242737428,0.1269841269841269
2016-06-01,2016-08-31,Zip Code: 98119,Condo/Co-op,399995.0,369000.0,484.7586790855207,51.0,51.0,13.0,1.0269184919082923,0.5490196078431373
2012-03-01,2012-05-31,Zip Code: 98101,Condo/Co-op,486000.0,565000.0,488.2029734970912,78.0,93.0,52.0,0.9672218145885012,0.0769230769230769
2015-12-01,2016-02-29,Zip Code: 98121,Townhouse,895000.0,,490.1423877327492,1.0,,,1.0,0.0
2012-11-01,2013-01-31,Zip Code: 98133,All Residential,250000.0,279900.0,178.64583333333334,115.0,87.0,71.0,0.9962494680473332,0.3304347826086956
2022-07-01,2022-09-30,Zip Code: 98103,Single Family Residential,1075000.0,1100000.0,545.4457995664118,110.0,142.0,50.0,1.0056020339750866,0.2909090909090908
2012-12-01,2013-02-28,Zip Code: 98119,Multi-Family (2-4 Unit),815000.0,529950.0,254.9295774647888,3.0,5.0,3.0,0.9249006359300476,0.0
2012-07-01,2012-09-30,Zip Code: 98117,Multi-Family (2-4 Unit),435000.0,599000.0,186.4406779661017,5.0,5.0,3.0,0.9968334836874432,0.2
2012-10-01,2012-12-31,Zip Code: 98103,Condo/Co-op,174000.0,192425.0,242.0907840440165,33.0,24.0,20.0,0.9921763081475669,0.1818181818181818
2016-01-01,2016-03-31,Zip Code: 98103,Multi-Family (2-4 Unit),712500.0,680000.0,319.372037914692,14.0,11.0,1.0,1.032222276478726,0.6428571428571429
2012-08-01,2012-10-31,Zip Code: 98103,Condo/Co-op,186852.5,200000.0,269.4139327810824,32.0,33.0,21.0,0.971750713481193,0.21875
2019-02-01,2019-04-30,Zip Code: 98122,Multi-Family (2-4 Unit),677000.0,,415.33742331288346,1.0,,1.0,1.2331511839708562,1.0
2017-03-01,2017-05-31,Zip Code: 98119,Multi-Family (2-4 Unit),1141500.0,824975.0,486.04651162790697,5.0,4.0,,1.113206699983721,0.4
2022-04-01,2022-06-30,Zip Code: 98117,Single Family Residential,1170900.0,995000.0,636.2842166569599,162.0,202.0,32.0,1.1510587329723756,0.7037037037037037
2023-06-01,2023-08-31,Zip Code: 98121,Condo/Co-op,540000.0,640000.0,797.9274611398963,79.0,109.0,86.0,0.9888617251946928,0.1518987341772151
2021-11-01,2022-01-31,Zip Code: 98107,Multi-Family (2-4 Unit),1087000.0,1275000.0,434.1317365269461,11.0,8.0,1.0,0.9986775004367622,0.2727272727272727
2013-10-01,2013-12-31,Zip Code: 98121,Condo/Co-op,350000.0,475000.0,462.5158831003812,71.0,95.0,56.0,0.9798148469889713,0.1267605633802816
2015-09-01,2015-11-30,Zip Code: 98119,Single Family Residential,957750.0,860000.0,391.0986077380842,36.0,40.0,13.0,1.0150314057113077,0.3888888888888889
2012-06-01,2012-08-31,Zip Code: 98121,Condo/Co-op,303500.0,319000.0,380.5823441894245,74.0,73.0,62.0,0.9981600397275276,0.3108108108108108
2016-08-01,2016-10-31,Zip Code: 98112,Condo/Co-op,444750.0,570000.0,567.9665492957747,20.0,17.0,5.0,1.0043019304242662,0.3499999999999999
2015-08-01,2015-10-31,Zip Code: 98112,All Residential,960000.0,869975.0,447.3684210526316,81.0,86.0,38.0,1.0402506753286125,0.5308641975308642
2012-03-01,2012-05-31,Zip Code: 98133,Multi-Family (2-4 Unit),545000.0,362475.0,133.33333333333334,3.0,4.0,4.0,0.9102091485269332,0.3333333333333333
2014-03-01,2014-05-31,Zip Code: 98101,Condo/Co-op,505000.0,595000.0,501.290397511818,38.0,56.0,33.0,0.9811695686016028,0.2368421052631578
2021-02-01,2021-04-30,Zip Code: 98108,Condo/Co-op,420000.0,493390.0,555.5555555555555,1.0,12.0,7.0,1.0120481927710845,1.0
2022-01-01,2022-03-31,Zip Code: 98103,All Residential,799975.0,843950.0,644.0607739728468,272.0,294.0,42.0,1.0676129999019277,0.4963235294117647
2014-09-01,2014-11-30,Zip Code: 98113,All Residential,395000.0,398000.0,195.5445544554456,1.0,1.0,,0.9924623115577887,0.0
2023-02-01,2023-04-30,Zip Code: 98122,All Residential,833250.0,777475.0,591.2453132641417,108.0,142.0,75.0,1.0024119692992874,0.1851851851851851
2015-05-01,2015-07-31,Zip Code: 98121,All Residential,480450.0,600000.0,542.5824175824176,194.0,203.0,35.0,1.002586690844168,0.1958762886597938
2015-06-01,2015-08-31,Zip Code: 98107,All Residential,589000.0,499950.0,405.15896645239496,144.0,145.0,25.0,1.0463927564932487,0.625
2020-05-01,2020-07-31,Zip Code: 98119,Condo/Co-op,517500.0,547445.0,510.883352537351,32.0,54.0,28.0,0.9925879731425424,0.28125
2013-06-01,2013-08-31,Zip Code: 98115,Multi-Family (2-4 Unit),659950.0,649500.0,213.5922330097088,5.0,3.0,1.0,0.9721206167956996,0.0
2018-10-01,2018-12-31,Zip Code: 98178,Condo/Co-op,140000.0,202000.0,121.63336229365768,1.0,2.0,2.0,0.9333333333333332,0.0
2017-11-01,2018-01-31,Zip Code: 98109,Condo/Co-op,491500.0,475000.0,634.0655875551819,62.0,45.0,6.0,1.0567783762422838,0.6451612903225806
2013-02-01,2013-04-30,Zip Code: 98119,Multi-Family (2-4 Unit),550000.0,564925.0,220.0,1.0,10.0,5.0,1.0378337579016887,1.0
2014-08-01,2014-10-31,Zip Code: 98136,All Residential,453500.0,489950.0,279.1044776119403,95.0,89.0,34.0,0.9923030859758816,0.2736842105263158
2016-01-01,2016-03-31,Zip Code: 98118,All Residential,435232.5,440800.0,232.1001386336525,104.0,167.0,52.0,1.0358324932913772,0.5576923076923077
2016-01-01,2016-03-31,Zip Code: 98103,Townhouse,650000.0,587250.0,425.56818181818176,32.0,46.0,9.0,1.0494056776747651,0.625
2021-08-01,2021-10-31,Zip Code: 98133,Multi-Family (2-4 Unit),685000.0,1267500.0,345.0,3.0,6.0,5.0,0.9599535285987344,0.0
2015-11-01,2016-01-31,Zip Code: 98102,Townhouse,900000.0,849950.0,507.0422535211268,21.0,11.0,3.0,0.995132729720986,0.0952380952380952
2013-09-01,2013-11-30,Zip Code: 98108,Single Family Residential,336000.0,349000.0,221.5189873417721,53.0,49.0,34.0,1.0048747753595595,0.3584905660377358
2022-12-01,2023-02-28,Zip Code: 98122,Condo/Co-op,425000.0,465000.0,621.7252396166134,17.0,23.0,18.0,0.9866256907247308,0.0
2019-04-01,2019-06-30,Zip Code: 98121,All Residential,595000.0,599000.0,741.296798999095,104.0,143.0,102.0,0.9824923357825028,0.0961538461538461
2015-02-01,2015-04-30,Zip Code: 98117,Multi-Family (2-4 Unit),750000.0,661975.0,245.09803921568627,3.0,4.0,,1.01685468170787,0.6666666666666666
2018-06-01,2018-08-31,Zip Code: 98122,Multi-Family (2-4 Unit),919990.0,1322500.0,449.9979809400744,8.0,6.0,2.0,0.9993460414934732,0.25
2018-10-01,2018-12-31,Zip Code: 98122,All Residential,714500.0,725000.0,581.4305612516332,126.0,96.0,47.0,0.9810866527031332,0.119047619047619
2020-06-01,2020-08-31,Zip Code: 98116,Townhouse,715000.0,699999.0,500.0,25.0,39.0,23.0,0.990733128551848,0.08
2016-12-01,2017-02-28,Zip Code: 98177,Condo/Co-op,233500.0,677495.0,256.7028985507246,2.0,2.0,,0.98,0.0
2013-07-01,2013-09-30,Zip Code: 98117,Single Family Residential,500000.0,499900.0,250.49019607843132,167.0,161.0,42.0,1.0253584150184056,0.5449101796407185
2013-07-01,2013-09-30,Zip Code: 98104,Condo/Co-op,357500.0,368000.0,355.71428571428567,23.0,17.0,17.0,0.9925248955204936,0.3478260869565217
2018-09-01,2018-11-30,Zip Code: 98103,Single Family Residential,857000.0,899000.0,447.2789115646258,105.0,123.0,40.0,0.9978943815500684,0.3142857142857142
2019-10-01,2019-12-31,Zip Code: 98117,Single Family Residential,780000.0,799950.0,426.653755601124,128.0,82.0,14.0,1.0014229935016044,0.34375
2020-11-01,2021-01-31,Zip Code: 98121,Condo/Co-op,615000.0,599000.0,681.3020439061318,59.0,97.0,98.0,0.9770014534107374,0.0677966101694915
2014-07-01,2014-09-30,Zip Code: 98119,Condo/Co-op,274000.0,287450.0,365.07936507936506,49.0,46.0,24.0,0.9926831220056196,0.2244897959183673
2012-09-01,2012-11-30,Zip Code: 98133,Multi-Family (2-4 Unit),392000.0,375000.0,150.22617356601734,4.0,3.0,2.0,0.9359672935759892,0.0
2016-11-01,2017-01-31,Zip Code: 98178,All Residential,376999.5,399000.0,212.65902556225137,76.0,57.0,24.0,0.9938513189369796,0.263157894736842
2019-10-01,2019-12-31,Zip Code: 98121,Single Family Residential,559500.0,559500.0,722.8682170542636,1.0,1.0,,1.0,0.0
2013-06-01,2013-08-31,Zip Code: 98103,Condo/Co-op,239750.0,238000.0,320.8384444141566,42.0,50.0,26.0,1.0262016731754824,0.4523809523809523
2015-05-01,2015-07-31,Zip Code: 98102,Condo/Co-op,379000.0,377000.0,452.6166902404526,75.0,70.0,11.0,1.0305493117793842,0.5733333333333333
2016-01-01,2016-03-31,Zip Code: 98144,Single Family Residential,599950.0,622449.5,361.0352669188735,54.0,62.0,21.0,1.0488199565540983,0.4259259259259259
2019-10-01,2019-12-31,Zip Code: 98178,Townhouse,216000.0,495387.5,180.7531380753138,1.0,10.0,7.0,0.9822646657571624,0.0
2015-05-01,2015-07-31,Zip Code: 98121,Condo/Co-op,480900.0,600000.0,542.5824175824176,193.0,203.0,34.0,1.0034628515070692,0.1968911917098445
2015-06-01,2015-08-31,Zip Code: 98122,Multi-Family (2-4 Unit),592000.0,699950.0,347.08333333333337,4.0,5.0,2.0,0.9970468717242972,0.25
2023-03-01,2023-05-31,Zip Code: 98119,Single Family Residential,1260000.0,1325000.0,593.8697318007663,39.0,39.0,12.0,0.9897830620551415,0.1794871794871794
2014-01-01,2014-03-31,Zip Code: 98103,Townhouse,451500.0,399950.0,330.4498980616499,46.0,75.0,12.0,1.0153337769659905,0.4565217391304347
2015-09-01,2015-11-30,Zip Code: 98119,Townhouse,659000.0,699950.0,448.27012641383897,7.0,15.0,7.0,1.0025964313097746,0.2857142857142857
2012-11-01,2013-01-31,Zip Code: 98101,Condo/Co-op,520000.0,605000.0,563.1108864172566,54.0,47.0,37.0,0.9738109392714804,0.1111111111111111
2015-09-01,2015-11-30,Zip Code: 98107,Townhouse,602000.0,609000.0,421.0036057692308,37.0,39.0,9.0,1.0214175479683838,0.4864864864864865
2019-04-01,2019-06-30,Zip Code: 98101,Condo/Co-op,632500.0,675000.0,718.1058834376912,44.0,81.0,71.0,0.9915296842727042,0.2045454545454545
2012-07-01,2012-09-30,Zip Code: 98107,Multi-Family (2-4 Unit),606200.0,484950.0,202.75590551181105,7.0,9.0,3.0,0.9756115581288004,0.0
2014-11-01,2015-01-31,Zip Code: 98104,Condo/Co-op,329500.0,264900.0,348.79530614132227,14.0,15.0,9.0,0.9794778257850671,0.0714285714285714
2016-06-01,2016-08-31,Zip Code: 98112,All Residential,975000.0,880000.0,502.2321428571428,127.0,123.0,31.0,1.0307771815096534,0.4409448818897637
2014-09-01,2014-11-30,Zip Code: 98136,Townhouse,353500.0,375000.0,311.60880130720784,8.0,7.0,2.0,0.9864844724322454,0.125
2012-02-01,2012-04-30,Zip Code: 98144,Single Family Residential,400000.0,440000.0,190.87633087633088,54.0,65.0,44.0,0.9938536560505324,0.3148148148148148
2022-07-01,2022-09-30,Zip Code: 98136,Single Family Residential,955000.0,998750.0,502.0718232044199,52.0,74.0,28.0,1.0150184445111028,0.3653846153846153
2016-04-01,2016-06-30,Zip Code: 98119,Single Family Residential,1055000.0,1049475.0,425.95818815331006,42.0,66.0,20.0,1.027781945567583,0.4047619047619047
2020-05-01,2020-07-31,Zip Code: 98118,Condo/Co-op,348000.0,344975.0,375.5466438270272,8.0,14.0,8.0,1.0016930842165983,0.375
2023-03-01,2023-05-31,Zip Code: 98122,Condo/Co-op,475000.0,479944.0,643.1535269709543,35.0,42.0,20.0,0.9884856154018123,0.0571428571428571
2021-02-01,2021-04-30,Zip Code: 98118,All Residential,708750.0,709000.0,420.9050248716751,172.0,201.0,53.0,1.0425965141861435,0.4825581395348837
2020-11-01,2021-01-31,Zip Code: 98108,All Residential,625000.0,565000.0,369.44444444444446,75.0,60.0,23.0,1.0091211747036866,0.3466666666666666
2021-09-01,2021-11-30,Zip Code: 98178,All Residential,619923.0,599000.0,356.21386430678467,111.0,93.0,13.0,1.0409500600228354,0.5405405405405405
2021-01-01,2021-03-31,Zip Code: 98116,Multi-Family (2-4 Unit),1405000.0,1150000.0,507.82620089096736,6.0,3.0,4.0,0.9691892521489058,0.0
2022-02-01,2022-04-30,Zip Code: 98103,Condo/Co-op,425000.0,463000.0,626.715462031107,65.0,73.0,11.0,1.0420049612621085,0.5384615384615384
2019-08-01,2019-10-31,Zip Code: 98112,Condo/Co-op,540000.0,560000.0,598.5289348011677,12.0,17.0,11.0,0.9738337393901042,0.0
2023-07-01,2023-09-30,Zip Code: 98101,Condo/Co-op,594999.0,644500.0,741.989881956155,43.0,68.0,75.0,0.9818915752897168,0.0930232558139534
2023-12-01,2024-02-29,Zip Code: 98136,Multi-Family (2-4 Unit),1267500.0,1050000.0,454.8950103247216,2.0,1.0,,1.0793956043956043,1.0
2017-04-01,2017-06-30,Zip Code: 98101,Condo/Co-op,615000.0,689000.0,695.6521739130435,55.0,64.0,25.0,1.0420401977652554,0.6363636363636364
2019-06-01,2019-08-31,Zip Code: 98178,Townhouse,479900.0,220000.0,270.9768492377188,3.0,3.0,1.0,1.0100694589150518,0.6666666666666666
2019-12-01,2020-02-29,Zip Code: 98117,Townhouse,689000.0,654475.0,462.406015037594,43.0,28.0,5.0,0.9927314623935224,0.1395348837209302
2017-09-01,2017-11-30,Zip Code: 98102,All Residential,700100.0,749000.0,633.5744456177403,117.0,113.0,21.0,1.0346409925581554,0.4871794871794871
2021-06-01,2021-08-31,Zip Code: 98103,Townhouse,785000.0,725000.0,609.7111247695144,97.0,119.0,25.0,1.0222009717878304,0.5257731958762886
2023-11-01,2024-01-31,Zip Code: 98178,Single Family Residential,725000.0,759000.0,346.15384615384613,29.0,45.0,19.0,0.9952569531099442,0.2413793103448276
2019-04-01,2019-06-30,Zip Code: 98118,Townhouse,509400.0,529950.0,368.56845773381286,10.0,33.0,25.0,0.997296668025039,0.1
2022-01-01,2022-03-31,Zip Code: 98118,Townhouse,718995.0,722495.0,500.7716049382716,52.0,50.0,7.0,1.0244670151529842,0.3846153846153846
2013-12-01,2014-02-28,Zip Code: 98103,All Residential,485000.0,450000.0,295.5882352941176,131.0,130.0,44.0,1.008283941142109,0.3893129770992366
2022-08-01,2022-10-31,Zip Code: 98106,Multi-Family (2-4 Unit),760000.0,745000.0,336.283185840708,1.0,1.0,3.0,1.014686248331108,1.0
2023-11-01,2024-01-31,Zip Code: 98144,All Residential,709000.0,674950.0,550.6172839506173,81.0,91.0,50.0,1.0015265928813086,0.2345679012345678
2013-07-01,2013-09-30,Zip Code: 98136,All Residential,432500.0,440000.0,239.1728862973761,84.0,101.0,49.0,0.9967611131085083,0.3452380952380952
2012-06-01,2012-08-31,Zip Code: 98101,Condo/Co-op,499975.0,575000.0,525.4201680672269,62.0,61.0,53.0,0.9666194248180816,0.032258064516129
2014-11-01,2015-01-31,Zip Code: 98116,Condo/Co-op,342000.0,325000.0,406.8674314850224,20.0,13.0,5.0,0.9741801052217424,0.2
2012-06-01,2012-08-31,Zip Code: 98134,All Residential,183000.0,,187.69230769230768,1.0,,2.0,0.9387022313413697,0.0
2020-01-01,2020-03-31,Zip Code: 98102,Multi-Family (2-4 Unit),1625000.0,1250000.0,457.36943305595247,2.0,3.0,3.0,1.0,0.0
2014-02-01,2014-04-30,Zip Code: 98103,Multi-Family (2-4 Unit),552500.0,569000.0,208.18858560794044,5.0,7.0,3.0,0.9825329147967832,0.4
2023-04-01,2023-06-30,Zip Code: 98101,All Residential,695000.0,750000.0,862.3188405797101,53.0,91.0,70.0,0.97371655509633,0.150943396226415
2013-06-01,2013-08-31,Zip Code: 98102,All Residential,400000.0,405000.0,351.3513513513513,93.0,111.0,74.0,1.0048423853768087,0.3978494623655913
2014-04-01,2014-06-30,Zip Code: 98103,Multi-Family (2-4 Unit),550000.0,622975.0,264.4230769230769,7.0,12.0,4.0,1.00722972445674,0.4285714285714285
2017-10-01,2017-12-31,Zip Code: 98178,Multi-Family (2-4 Unit),414000.0,315000.0,257.1428571428572,1.0,1.0,1.0,0.9880668257756564,0.0
2013-06-01,2013-08-31,Zip Code: 98175,All Residential,339722.0,339722.0,245.286642599278,1.0,1.0,,1.0,0.0
2016-07-01,2016-09-30,Zip Code: 98117,Townhouse,615000.0,600000.0,409.11930043722674,27.0,31.0,7.0,1.0126906146395602,0.3333333333333333
2022-02-01,2022-04-30,Zip Code: 98178,Townhouse,655000.0,639999.0,363.2834165280089,3.0,5.0,,1.0516519074549906,1.0
2016-04-01,2016-06-30,Zip Code: 98103,Condo/Co-op,339950.0,329950.0,448.6088379705401,69.0,67.0,10.0,1.0699267599985995,0.7536231884057971
2014-10-01,2014-12-31,Zip Code: 98121,All Residential,362000.0,469225.0,467.1115728900256,78.0,86.0,45.0,0.9852194446779372,0.2179487179487179
2016-12-01,2017-02-28,Zip Code: 98121,Condo/Co-op,560000.0,562500.0,665.6101426307448,81.0,62.0,19.0,1.011294232308114,0.3950617283950617
2012-04-01,2012-06-30,Zip Code: 98144,Single Family Residential,417500.0,419950.0,203.7337937719617,62.0,88.0,52.0,0.9995659492915032,0.3387096774193548
2017-04-01,2017-06-30,Zip Code: 98112,All Residential,1102000.0,1192500.0,504.3859649122807,109.0,124.0,38.0,1.0590768083103013,0.5137614678899082
2018-12-01,2019-02-28,Zip Code: 98107,All Residential,758000.0,750000.0,504.2122351332878,73.0,87.0,53.0,0.986321844343567,0.2054794520547945
2018-09-01,2018-11-30,Zip Code: 98107,Condo/Co-op,507000.0,499950.0,628.8915795020123,26.0,36.0,14.0,0.9869756746004664,0.0769230769230769
2023-07-01,2023-09-30,Zip Code: 98102,Townhouse,1262475.0,1099000.0,753.294708124885,8.0,15.0,9.0,0.9924899664048512,0.25
2013-09-01,2013-11-30,Zip Code: 98103,All Residential,466000.0,475000.0,294.94949494949486,200.0,192.0,56.0,1.0101439105770698,0.4199999999999999
2020-07-01,2020-09-30,Zip Code: 98121,Condo/Co-op,600000.0,647000.0,727.580372250423,87.0,212.0,167.0,0.980156777432078,0.1379310344827586
2019-01-01,2019-03-31,Zip Code: 98103,Multi-Family (2-4 Unit),1234900.0,985000.0,440.9442757789118,2.0,8.0,5.0,1.0198039286357905,0.5
2014-10-01,2014-12-31,Zip Code: 98121,Condo/Co-op,362000.0,469225.0,467.1115728900256,78.0,86.0,45.0,0.9852194446779377,0.2179487179487179
2018-01-01,2018-03-31,Zip Code: 98178,Condo/Co-op,129419.0,170000.0,226.256993006993,2.0,7.0,6.0,0.9995658914728682,0.0
2023-07-01,2023-09-30,Zip Code: 98178,Multi-Family (2-4 Unit),765000.0,724000.0,463.6363636363636,1.0,2.0,1.0,1.0213618157543392,1.0
2016-09-01,2016-11-30,Zip Code: 98175,All Residential,505000.0,469900.0,365.6770456191166,1.0,1.0,,1.0746967439880826,1.0
2017-12-01,2018-02-28,Zip Code: 98144,All Residential,747500.0,737975.0,448.01246328272987,116.0,104.0,21.0,1.02298834136209,0.3620689655172413
2021-09-01,2021-11-30,Zip Code: 98175,Townhouse,653550.0,649950.0,473.2440260680666,1.0,1.0,,1.005538887606739,1.0
2014-01-01,2014-03-31,Zip Code: 98102,Multi-Family (2-4 Unit),806025.0,647475.0,266.03462281549133,2.0,2.0,1.0,0.9655548786678853,0.0
2021-01-01,2021-03-31,Zip Code: 98112,Townhouse,845000.0,805500.0,640.9090909090909,19.0,28.0,11.0,1.0014310192854736,0.2105263157894736
2023-03-01,2023-05-31,Zip Code: 98105,Townhouse,840000.0,872250.0,575.5813953488372,5.0,8.0,4.0,1.0414479934479934,0.5999999999999999
2022-04-01,2022-06-30,Zip Code: 98118,Condo/Co-op,382000.0,394000.0,571.2717389849116,6.0,10.0,2.0,0.99799709623441,0.1666666666666666
2017-02-01,2017-04-30,Zip Code: 98133,Condo/Co-op,252100.0,249900.0,314.6551724137931,35.0,41.0,6.0,1.0607336802371776,0.5999999999999999
2015-08-01,2015-10-31,Zip Code: 98102,Multi-Family (2-4 Unit),1075000.0,1495000.0,395.83333333333326,3.0,1.0,,0.9639776067452204,0.0
2016-01-01,2016-03-31,Zip Code: 98133,All Residential,378975.0,399950.0,264.1733623859458,134.0,166.0,31.0,1.0379680269758087,0.5895522388059701
2017-03-01,2017-05-31,Zip Code: 98117,Multi-Family (2-4 Unit),754000.0,799950.0,449.64028776978415,3.0,3.0,1.0,1.0267263031881848,1.0
2018-01-01,2018-03-31,Zip Code: 98122,Single Family Residential,951000.0,865555.0,456.9591950810509,32.0,45.0,8.0,1.1065759282591707,0.65625
2013-01-01,2013-03-31,Zip Code: 98108,Single Family Residential,288750.0,287950.0,191.60377358490567,42.0,52.0,23.0,0.9955113551346472,0.238095238095238
2015-12-01,2016-02-29,Zip Code: 98104,Condo/Co-op,610750.0,424475.0,520.7823577388795,14.0,28.0,20.0,0.9955781039906756,0.2857142857142857
2019-03-01,2019-05-31,Zip Code: 98136,Multi-Family (2-4 Unit),687500.0,1087500.0,448.3273596176821,2.0,4.0,1.0,1.0128205128205128,0.5
2015-02-01,2015-04-30,Zip Code: 98107,Multi-Family (2-4 Unit),632500.0,625000.0,279.7029702970297,5.0,5.0,,0.970294725193992,0.4
2012-03-01,2012-05-31,Zip Code: 98134,Condo/Co-op,2107500.0,,785.4119735135506,2.0,,3.0,0.9358064008208004,0.0
2013-01-01,2013-03-31,Zip Code: 98101,Condo/Co-op,664000.0,650000.0,616.4230769230769,60.0,56.0,37.0,0.9845730741678124,0.1166666666666666
2023-11-01,2024-01-31,Zip Code: 98175,Townhouse,645000.0,,467.0528602461984,1.0,,,0.9772727272727272,0.0
2023-12-01,2024-02-29,Zip Code: 98117,Condo/Co-op,700000.0,737500.0,613.8211382113822,11.0,12.0,7.0,0.9879824470502688,0.2727272727272727
2015-01-01,2015-03-31,Zip Code: 98112,Single Family Residential,1173125.0,1259250.0,382.4248777078966,40.0,68.0,27.0,1.0150464683634317,0.4
2012-12-01,2013-02-28,Zip Code: 98119,Condo/Co-op,255000.0,300000.0,323.9962651727358,25.0,33.0,28.0,0.9793549359654904,0.2
2013-05-01,2013-07-31,Zip Code: 98102,Condo/Co-op,301000.0,307475.0,371.82852143482063,55.0,78.0,33.0,1.0089891124979982,0.4727272727272727
2022-10-01,2022-12-31,Zip Code: 98144,All Residential,760000.0,699941.5,518.3673469387755,111.0,78.0,51.0,0.9887442539866343,0.2522522522522522
2023-05-01,2023-07-31,Zip Code: 98103,All Residential,955000.0,949900.0,596.875,187.0,243.0,61.0,1.0192357718559502,0.4652406417112299
2019-09-01,2019-11-30,Zip Code: 98102,All Residential,602500.0,675000.0,618.483290488432,104.0,107.0,61.0,0.9923992804617195,0.2019230769230769
2017-11-01,2018-01-31,Zip Code: 98134,All Residential,360000.0,332450.0,350.1945525291829,5.0,4.0,,1.0249329278721755,0.8
2016-05-01,2016-07-31,Zip Code: 98144,Condo/Co-op,324250.0,307450.0,371.9319331983805,18.0,22.0,6.0,1.0566714090384997,0.7777777777777777
2022-05-01,2022-07-31,Zip Code: 98119,Condo/Co-op,500000.0,525000.0,623.5294117647059,51.0,59.0,22.0,1.0064786563931791,0.4117647058823529
2023-07-01,2023-09-30,Zip Code: 98144,All Residential,699950.0,725000.0,558.2823033591116,116.0,163.0,89.0,0.9949435618085092,0.189655172413793
2012-06-01,2012-08-31,Zip Code: 98106,Single Family Residential,225000.0,224975.0,139.57307060755338,69.0,72.0,62.0,0.99500102304565,0.3043478260869565
2018-10-01,2018-12-31,Zip Code: 98121,Condo/Co-op,625000.0,699972.5,743.9824945295405,69.0,108.0,83.0,0.9759322264081574,0.0869565217391304
2016-07-01,2016-09-30,Zip Code: 98119,Single Family Residential,1029000.0,975000.0,412.1540793129578,52.0,49.0,24.0,1.0035590003537649,0.3076923076923077
2014-10-01,2014-12-31,Zip Code: 98117,All Residential,557500.0,550000.0,284.9607182940516,152.0,103.0,33.0,1.009215610474072,0.375
2016-01-01,2016-03-31,Zip Code: 98107,Townhouse,633500.0,625000.0,433.7410306588389,24.0,29.0,6.0,1.0276124059219476,0.4166666666666666
2021-11-01,2022-01-31,Zip Code: 98122,Townhouse,822000.0,849000.0,652.9850746268656,63.0,33.0,4.0,1.0137133629579833,0.2698412698412698
2015-05-01,2015-07-31,Zip Code: 98104,Condo/Co-op,450000.0,383500.0,456.1790668348045,22.0,18.0,12.0,0.9968799639098604,0.3636363636363636
2019-06-01,2019-08-31,Zip Code: 98102,Single Family Residential,1250000.0,1274500.0,554.9382716049382,19.0,22.0,13.0,0.9842137578973308,0.1578947368421052
2017-12-01,2018-02-28,Zip Code: 98101,All Residential,815000.0,1279950.0,860.6006493506494,41.0,60.0,44.0,1.0318182319197162,0.3902439024390244
2018-12-01,2019-02-28,Zip Code: 98107,Single Family Residential,825000.0,812475.0,484.34386083431855,22.0,26.0,13.0,0.9857893446976094,0.2727272727272727
2015-03-01,2015-05-31,Zip Code: 98103,Multi-Family (2-4 Unit),695000.0,649000.0,224.91349480968856,7.0,11.0,2.0,1.0277223706711636,0.4285714285714285
2020-12-01,2021-02-28,Zip Code: 98107,All Residential,767475.0,750000.0,542.7913211867515,128.0,135.0,45.0,1.0125162979576254,0.34375
2014-09-01,2014-11-30,Zip Code: 98118,Single Family Residential,356000.0,399000.0,215.77380952380952,113.0,139.0,71.0,1.0058897654253829,0.327433628318584
2016-10-01,2016-12-31,Zip Code: 98106,Multi-Family (2-4 Unit),540100.0,779950.0,243.2882882882883,1.0,1.0,1.0,0.982089280843713,0.0
2014-10-01,2014-12-31,Zip Code: 98117,Condo/Co-op,755000.0,529950.0,621.7296274898501,2.0,3.0,3.0,0.9821662467297528,0.0
2016-05-01,2016-07-31,Zip Code: 98119,All Residential,677600.0,764950.0,460.60567357770304,122.0,151.0,53.0,1.0218318402477296,0.4426229508196721
2021-02-01,2021-04-30,Zip Code: 98106,Townhouse,575000.0,548800.0,359.5640326975477,61.0,47.0,9.0,1.010859105437914,0.4426229508196721
2015-03-01,2015-05-31,Zip Code: 98103,All Residential,575000.0,554500.0,353.7957497048406,232.0,262.0,42.0,1.052332624470985,0.625
2018-05-01,2018-07-31,Zip Code: 98122,Condo/Co-op,535000.0,469000.0,695.5903271692746,45.0,59.0,18.0,1.0522484880568828,0.5777777777777777
2019-01-01,2019-03-31,Zip Code: 98102,All Residential,607500.0,564500.0,650.1162842703162,76.0,136.0,68.0,0.9866474248812072,0.0789473684210526
2016-09-01,2016-11-30,Zip Code: 98136,Single Family Residential,648500.0,625000.0,336.5927419354839,60.0,61.0,13.0,1.027360878437367,0.45
2015-08-01,2015-10-31,Zip Code: 98116,Condo/Co-op,415000.0,379000.0,368.89332003988034,25.0,21.0,13.0,0.9889444776840728,0.2399999999999999
2015-12-01,2016-02-29,Zip Code: 98136,Condo/Co-op,339500.0,265000.0,373.2226614354406,6.0,7.0,2.0,0.9993246351428244,0.5
2013-10-01,2013-12-31,Zip Code: 98134,Condo/Co-op,855000.0,219950.0,592.1052631578947,3.0,3.0,1.0,0.9580142262500758,0.3333333333333333
2014-10-01,2014-12-31,Zip Code: 98102,All Residential,488750.0,449950.0,399.5395241749808,84.0,59.0,30.0,1.000054185568488,0.25
2020-04-01,2020-06-30,Zip Code: 98102,Multi-Family (2-4 Unit),1617000.0,1400000.0,588.0,1.0,2.0,3.0,1.010625,1.0
2015-08-01,2015-10-31,Zip Code: 98116,All Residential,620000.0,600000.0,341.0230692076229,117.0,127.0,50.0,1.0123438373303726,0.4017094017094017
2019-07-01,2019-09-30,Zip Code: 98121,Townhouse,750000.0,574975.0,638.2978723404256,1.0,2.0,,1.0,0.0
2015-05-01,2015-07-31,Zip Code: 98116,Single Family Residential,605000.0,625000.0,297.6190476190476,98.0,93.0,28.0,1.0461384947214456,0.5918367346938775
2018-12-01,2019-02-28,Zip Code: 98118,Multi-Family (2-4 Unit),715100.0,907000.0,284.65346534653463,3.0,2.0,2.0,0.9668314237158052,0.0
2017-07-01,2017-09-30,Zip Code: 98113,All Residential,697000.0,695000.0,357.43589743589746,1.0,1.0,,1.0028776978417266,1.0
2016-07-01,2016-09-30,Zip Code: 98121,All Residential,764350.0,575000.0,754.0298773036344,354.0,136.0,56.0,1.0053538991106097,0.1497175141242937
2022-07-01,2022-09-30,Zip Code: 98103,Townhouse,850000.0,849900.0,631.1745334796926,57.0,91.0,48.0,0.9973615619875044,0.2280701754385964
2023-07-01,2023-09-30,Zip Code: 98103,All Residential,904975.0,909990.0,615.4010099022887,176.0,211.0,92.0,1.0123409353556143,0.3693181818181818
2013-03-01,2013-05-31,Zip Code: 98121,All Residential,355000.0,365000.0,423.3793612495082,70.0,109.0,70.0,0.9905125755942292,0.3142857142857142
2017-04-01,2017-06-30,Zip Code: 98122,Multi-Family (2-4 Unit),1155000.0,975000.0,410.6529209621993,5.0,7.0,2.0,1.132329318838719,0.8
2016-07-01,2016-09-30,Zip Code: 98102,Townhouse,800000.0,757450.0,473.9336492890996,13.0,12.0,7.0,1.0286570134380395,0.6923076923076922
2013-05-01,2013-07-31,Zip Code: 98103,Townhouse,378000.0,386975.0,277.27272727272725,51.0,66.0,14.0,1.0174070642551325,0.4901960784313725
2015-03-01,2015-05-31,Zip Code: 98122,Multi-Family (2-4 Unit),750160.5,599995.0,285.36012032660074,4.0,3.0,1.0,1.0212753415524516,0.5
2012-07-01,2012-09-30,Zip Code: 98175,All Residential,285000.0,285000.0,206.37219406227368,1.0,1.0,,1.0,0.0
2023-12-01,2024-02-29,Zip Code: 98119,All Residential,938857.5,857500.0,558.0036005632337,44.0,60.0,38.0,0.9841007276535008,0.2272727272727272
2023-01-01,2023-03-31,Zip Code: 98178,Condo/Co-op,446500.0,471000.0,309.25421883505715,2.0,2.0,1.0,0.9591836734693876,0.0
2015-09-01,2015-11-30,Zip Code: 98117,Multi-Family (2-4 Unit),450000.0,587500.0,312.5,1.0,2.0,,1.0,0.0
2014-02-01,2014-04-30,Zip Code: 98112,Single Family Residential,843250.0,998000.0,334.324312010206,60.0,91.0,35.0,1.0291316831943014,0.5166666666666667
2019-07-01,2019-09-30,Zip Code: 98175,Townhouse,540000.0,550000.0,391.0209992758871,1.0,1.0,,0.9818181818181818,0.0
2019-03-01,2019-05-31,Zip Code: 98144,Multi-Family (2-4 Unit),969875.0,933500.0,259.409594095941,2.0,4.0,3.0,0.9907553956834532,0.5
2018-06-01,2018-08-31,Zip Code: 98106,All Residential,555000.0,546900.0,361.07954545454544,129.0,166.0,74.0,1.0266256794880628,0.4883720930232557
2019-04-01,2019-06-30,Zip Code: 98177,Single Family Residential,850000.0,844475.0,394.53125,77.0,122.0,54.0,1.013674747325211,0.4155844155844156
2021-11-01,2022-01-31,Zip Code: 98108,All Residential,592490.0,609970.0,428.8126463700234,104.0,92.0,15.0,1.007641721360962,0.2884615384615384
2014-11-01,2015-01-31,Zip Code: 98105,Condo/Co-op,295000.0,320000.0,317.8600078353824,15.0,6.0,4.0,0.9661121361573584,0.3333333333333333
2013-12-01,2014-02-28,Zip Code: 98116,Condo/Co-op,376000.0,275000.0,365.1115618661258,15.0,20.0,24.0,0.9880470649750228,0.1333333333333333
2022-09-01,2022-11-30,Zip Code: 98116,Single Family Residential,1134000.0,949000.0,608.8800374882849,46.0,57.0,19.0,1.0034475018966609,0.4130434782608695
2021-04-01,2021-06-30,Zip Code: 98133,Multi-Family (2-4 Unit),850000.0,824950.0,343.92598551890586,5.0,5.0,5.0,1.0435764678625643,0.5999999999999999
2023-09-01,2023-11-30,Zip Code: 98121,Condo/Co-op,630000.0,699500.0,747.1264367816093,59.0,92.0,87.0,0.977285834458323,0.0847457627118644
2017-11-01,2018-01-31,Zip Code: 98136,Condo/Co-op,242250.0,337500.0,298.70530209617755,1.0,2.0,,1.0766666666666669,1.0
2022-12-01,2023-02-28,Zip Code: 98101,All Residential,517000.0,825000.0,687.960687960688,25.0,39.0,54.0,0.9711835509540376,0.04
2023-01-01,2023-03-31,Zip Code: 98119,Townhouse,1020000.0,1125000.0,748.8986784140969,1.0,9.0,4.0,0.9714285714285714,0.0
2019-12-01,2020-02-29,Zip Code: 98116,Condo/Co-op,471000.0,467000.0,564.0887927361923,10.0,14.0,9.0,0.9910301401868284,0.2999999999999999
2023-10-01,2023-12-31,Zip Code: 98107,Single Family Residential,1205000.0,1095000.0,576.9230769230769,27.0,21.0,8.0,1.0061344382492647,0.4074074074074073
2020-07-01,2020-09-30,Zip Code: 98122,All Residential,810000.0,750000.0,570.5901532442126,175.0,273.0,132.0,1.0131951874996066,0.3599999999999999
2016-12-01,2017-02-28,Zip Code: 98118,Single Family Residential,474500.0,429000.0,263.75,112.0,85.0,30.0,1.0371375305492678,0.4732142857142857
2017-12-01,2018-02-28,Zip Code: 98116,Townhouse,674000.0,694500.0,455.55386023802254,16.0,18.0,3.0,1.0126475551261516,0.3125
2017-12-01,2018-02-28,Zip Code: 98118,Townhouse,460000.0,573800.0,336.9140625,7.0,18.0,8.0,1.026735506773838,0.4285714285714285
2017-05-01,2017-07-31,Zip Code: 98122,Single Family Residential,972000.0,895000.0,478.1021897810218,65.0,74.0,13.0,1.0968471746565354,0.6923076923076922
2016-05-01,2016-07-31,Zip Code: 98119,Single Family Residential,1050000.0,1049975.0,423.3449477351916,51.0,70.0,25.0,1.0204324558351847,0.392156862745098
2016-12-01,2017-02-28,Zip Code: 98101,All Residential,629950.0,579000.0,726.334293144208,50.0,39.0,14.0,1.009318876409348,0.2999999999999999
2021-05-01,2021-07-31,Zip Code: 98144,All Residential,722500.0,728888.0,533.7182765427574,192.0,201.0,49.0,1.0401466694320525,0.4947916666666666
2021-05-01,2021-07-31,Zip Code: 98119,All Residential,1010000.0,989000.0,590.6976744186046,157.0,191.0,59.0,1.0223443698796693,0.4076433121019108
2022-08-01,2022-10-31,Zip Code: 98122,Townhouse,869000.0,895452.5,607.4383368569415,27.0,54.0,27.0,0.9921639053977828,0.1111111111111111
2022-07-01,2022-09-30,Zip Code: 98121,Condo/Co-op,608000.0,612500.0,749.7984954325632,86.0,132.0,97.0,0.9913696305212124,0.2325581395348837
2016-06-01,2016-08-31,Zip Code: 98101,All Residential,685000.0,644950.0,674.2933770186744,54.0,67.0,34.0,0.9960939790386912,0.1666666666666666
2015-12-01,2016-02-29,Zip Code: 98102,Single Family Residential,870000.0,1024500.0,382.2677942212826,12.0,10.0,8.0,1.005606417420622,0.4166666666666666
2016-09-01,2016-11-30,Zip Code: 98103,Condo/Co-op,359000.0,350000.0,440.57377049180326,41.0,29.0,6.0,1.0276706528276789,0.5609756097560976
2021-07-01,2021-09-30,Zip Code: 98103,Multi-Family (2-4 Unit),904500.0,1017000.0,529.1266704310183,13.0,14.0,6.0,1.0129566165869053,0.2307692307692307
2013-10-01,2013-12-31,Zip Code: 98117,Townhouse,395000.0,412475.0,250.93632958801496,23.0,12.0,2.0,0.9965565829051064,0.2608695652173913
2021-09-01,2021-11-30,Zip Code: 98175,All Residential,653550.0,624975.0,1123.5955056179776,3.0,2.0,,1.007494543859632,1.0
2022-09-01,2022-11-30,Zip Code: 98118,Condo/Co-op,387999.5,527500.0,458.2281299582655,8.0,10.0,6.0,0.9885788726502844,0.25
2020-03-01,2020-05-31,Zip Code: 98118,Townhouse,495500.0,564419.0,363.33333333333326,25.0,34.0,18.0,1.0018177646243005,0.2399999999999999
2015-02-01,2015-04-30,Zip Code: 98112,Multi-Family (2-4 Unit),941000.0,905000.0,285.40305010893246,3.0,2.0,2.0,0.983004747360773,0.3333333333333333
2019-10-01,2019-12-31,Zip Code: 98106,Townhouse,534950.0,518500.0,339.3181818181818,32.0,37.0,24.0,0.9997591722717346,0.1875
2022-11-01,2023-01-31,Zip Code: 98106,All Residential,685000.0,599950.0,419.2307692307692,71.0,64.0,37.0,0.9932117419335031,0.2394366197183098
2015-06-01,2015-08-31,Zip Code: 98118,Condo/Co-op,205000.0,226900.0,299.5156819002001,10.0,8.0,5.0,0.9787393034006338,0.2
2014-09-01,2014-11-30,Zip Code: 98175,All Residential,360000.0,389450.0,260.6806661839247,3.0,2.0,,1.0182437857486553,0.6666666666666666
2015-01-01,2015-03-31,Zip Code: 98122,All Residential,462500.0,499950.0,391.0835526972568,104.0,133.0,31.0,1.0068727391080357,0.4038461538461538
2018-12-01,2019-02-28,Zip Code: 98175,Condo/Co-op,360000.0,360000.0,318.5840707964602,1.0,1.0,,0.9756097560975608,0.0
2014-03-01,2014-05-31,Zip Code: 98118,Townhouse,249000.0,249500.0,159.37985787252944,8.0,11.0,8.0,0.979340679478882,0.125
2022-11-01,2023-01-31,Zip Code: 98103,Multi-Family (2-4 Unit),1150000.0,1200000.0,534.8837209302326,1.0,4.0,3.0,0.9623430962343096,0.0
2018-03-01,2018-05-31,Zip Code: 98108,Single Family Residential,605000.0,579000.0,370.34482758620686,61.0,76.0,22.0,1.0807697932694278,0.721311475409836
2013-08-01,2013-10-31,Zip Code: 98106,Single Family Residential,280000.0,277000.0,191.13924050632912,75.0,100.0,66.0,1.0013551178328697,0.3733333333333333
2014-08-01,2014-10-31,Zip Code: 98103,All Residential,500000.0,495000.0,312.96296296296293,211.0,224.0,69.0,1.0128917913454896,0.4218009478672986
2015-09-01,2015-11-30,Zip Code: 98119,Condo/Co-op,375050.0,325000.0,435.42750085362513,42.0,43.0,12.0,1.0323905789661076,0.5714285714285714
2017-07-01,2017-09-30,Zip Code: 98178,Single Family Residential,435000.0,455000.0,233.6131234217172,90.0,127.0,63.0,1.0242231368124513,0.5222222222222223
2019-03-01,2019-05-31,Zip Code: 98118,All Residential,600000.0,599250.0,361.3366336633664,123.0,228.0,122.0,1.0080259689746778,0.3414634146341463
2017-01-01,2017-03-31,Zip Code: 98104,All Residential,300000.0,517500.0,546.2962962962963,19.0,44.0,18.0,1.007574370622504,0.3157894736842105
2019-12-01,2020-02-29,Zip Code: 98107,All Residential,725000.0,764975.0,518.6855670103092,109.0,104.0,23.0,1.006371498423695,0.2935779816513761
2016-09-01,2016-11-30,Zip Code: 98107,Townhouse,657250.0,635000.0,450.09521772780965,40.0,43.0,5.0,1.029263692237278,0.55
2013-08-01,2013-10-31,Zip Code: 98178,Townhouse,165000.0,119975.0,138.65546218487395,1.0,2.0,2.0,1.0770234986945173,1.0
2022-08-01,2022-10-31,Zip Code: 98122,Multi-Family (2-4 Unit),997500.0,774975.0,406.7723871472588,4.0,2.0,1.0,0.99105954594383,0.0
2018-03-01,2018-05-31,Zip Code: 98101,All Residential,755000.0,795000.0,836.0,61.0,93.0,61.0,1.0091010908141094,0.3114754098360655
2021-04-01,2021-06-30,Zip Code: 98103,All Residential,882100.0,825000.0,564.5094339622641,332.0,380.0,67.0,1.0540602100819938,0.5512048192771084
2023-11-01,2024-01-31,Zip Code: 98121,All Residential,730000.0,704000.0,775.5775577557757,49.0,60.0,68.0,0.9815905590873788,0.0612244897959183
2014-07-01,2014-09-30,Zip Code: 98122,Multi-Family (2-4 Unit),591000.0,535000.0,328.33333333333326,3.0,6.0,6.0,1.0138107428566887,0.6666666666666666
2020-10-01,2020-12-31,Zip Code: 98119,Single Family Residential,1195000.0,1005000.0,550.7164933970216,51.0,33.0,9.0,0.999239436151308,0.3137254901960784
2016-03-01,2016-05-31,Zip Code: 98101,Single Family Residential,270000.0,270000.0,212.26415094339623,1.0,1.0,,1.0,0.0
2014-08-01,2014-10-31,Zip Code: 98102,Condo/Co-op,314944.0,359900.0,386.15517367995886,56.0,53.0,18.0,0.9944368926270828,0.25
2023-03-01,2023-05-31,Zip Code: 98121,Condo/Co-op,565000.0,620000.0,744.2040185471407,79.0,127.0,70.0,0.9887513518679092,0.1265822784810126
2021-07-01,2021-09-30,Zip Code: 98117,All Residential,905000.0,895000.0,523.75,257.0,258.0,50.0,1.0410919598882429,0.4980544747081712
2013-10-01,2013-12-31,Zip Code: 98122,Single Family Residential,465500.0,620000.0,268.014355964467,56.0,51.0,27.0,1.0067967553789336,0.3571428571428571
2021-11-01,2022-01-31,Zip Code: 98119,All Residential,792500.0,849950.0,578.1133633349075,84.0,51.0,13.0,1.012773189242747,0.2142857142857142
2021-08-01,2021-10-31,Zip Code: 98118,Condo/Co-op,355000.0,332500.0,530.6122448979592,5.0,6.0,5.0,0.9947148881743751,0.2
2018-05-01,2018-07-31,Zip Code: 98175,All Residential,377500.0,475000.0,374.50396825396825,1.0,2.0,,1.0633802816901408,1.0
2015-02-01,2015-04-30,Zip Code: 98116,Multi-Family (2-4 Unit),650000.0,645000.0,287.75245506763014,2.0,6.0,2.0,1.1722689075630253,0.5
2017-04-01,2017-06-30,Zip Code: 98134,All Residential,1234419.0,525000.0,553.0551075268817,3.0,3.0,1.0,1.0598671810325673,0.3333333333333333
2020-09-01,2020-11-30,Zip Code: 98104,Condo/Co-op,496250.0,599500.0,620.2628968253969,18.0,43.0,40.0,0.9736309314189386,0.0555555555555555
2012-09-01,2012-11-30,Zip Code: 98175,Multi-Family (2-4 Unit),520000.0,,129.03225806451613,1.0,,,0.912280701754386,0.0
2021-01-01,2021-03-31,Zip Code: 98136,Multi-Family (2-4 Unit),1100000.0,875000.0,401.4598540145985,1.0,4.0,2.0,0.9205020920502092,0.0
2023-06-01,2023-08-31,Zip Code: 98136,All Residential,841694.0,850000.0,543.2595573440644,66.0,81.0,20.0,1.0316372074197846,0.5
2021-07-01,2021-09-30,Zip Code: 98112,Condo/Co-op,653750.0,535000.0,666.5,22.0,19.0,5.0,1.007873042413782,0.3181818181818181
2023-11-01,2024-01-31,Zip Code: 98104,All Residential,450900.0,535000.0,677.5897765403013,22.0,27.0,28.0,0.9850640163394796,0.1818181818181818
2017-11-01,2018-01-31,Zip Code: 98103,Condo/Co-op,384995.0,377000.0,593.8000777907429,36.0,30.0,5.0,1.0410922561020453,0.5833333333333333
2020-09-01,2020-11-30,Zip Code: 98122,Condo/Co-op,435000.0,425000.0,606.234222640202,38.0,71.0,46.0,0.9913232425706696,0.1052631578947368
2020-07-01,2020-09-30,Zip Code: 98119,Single Family Residential,1330000.0,1289000.0,576.0315330426031,54.0,79.0,28.0,1.012429130208663,0.3703703703703703
2022-02-01,2022-04-30,Zip Code: 98115,Townhouse,919990.0,799000.0,651.9967400162999,29.0,53.0,11.0,1.0496017772620776,0.5172413793103448
2021-04-01,2021-06-30,Zip Code: 98102,All Residential,672000.0,748900.0,622.8652338077259,134.0,164.0,91.0,0.9989879319439308,0.2014925373134328
2023-03-01,2023-05-31,Zip Code: 98178,Townhouse,415000.0,675000.0,348.7394957983193,3.0,1.0,1.0,0.9571069560097438,0.0
2019-07-01,2019-09-30,Zip Code: 98119,All Residential,895000.0,885000.0,575.6305319240354,116.0,116.0,81.0,0.9908097962735604,0.25
2021-12-01,2022-02-28,Zip Code: 98119,Condo/Co-op,439950.0,554500.0,565.3846153846154,39.0,34.0,8.0,0.9998464232686944,0.2307692307692307
2016-07-01,2016-09-30,Zip Code: 98144,Multi-Family (2-4 Unit),505500.0,667500.0,252.7656794425087,4.0,6.0,2.0,0.9499687131050766,0.25
2014-07-01,2014-09-30,Zip Code: 98103,All Residential,535000.0,498000.0,313.0990415335463,215.0,249.0,82.0,1.02355461410733,0.5069767441860465
2020-07-01,2020-09-30,Zip Code: 98112,Townhouse,850000.0,799999.0,589.2857142857143,25.0,41.0,27.0,1.0016105506324504,0.2399999999999999
2015-10-01,2015-12-31,Zip Code: 98122,Multi-Family (2-4 Unit),943750.0,1195000.0,304.9075013283099,4.0,3.0,1.0,0.9880762875199568,0.5
2018-11-01,2019-01-31,Zip Code: 98175,All Residential,473500.0,369000.0,371.81918963429086,2.0,3.0,1.0,0.989514279758182,0.5
2017-03-01,2017-05-31,Zip Code: 98101,Condo/Co-op,625000.0,695000.0,704.5311880533898,58.0,89.0,28.0,1.0329333478046383,0.6206896551724138
2021-10-01,2021-12-31,Zip Code: 98116,Condo/Co-op,490000.0,822500.0,527.3972602739726,33.0,38.0,9.0,0.98397973854733,0.1818181818181818
2021-10-01,2021-12-31,Zip Code: 98175,Townhouse,653550.0,,473.2440260680666,1.0,,,1.005538887606739,1.0
2017-09-01,2017-11-30,Zip Code: 98118,Single Family Residential,533000.0,585000.0,308.8235294117647,129.0,131.0,51.0,1.0285025124889051,0.4883720930232557
2012-01-01,2012-03-31,Zip Code: 98107,Townhouse,349000.0,370000.0,244.694708994709,21.0,19.0,9.0,0.9907029759534244,0.0952380952380952
2022-11-01,2023-01-31,Zip Code: 98119,All Residential,937500.0,855000.0,600.1039613736066,52.0,49.0,35.0,0.9779890314160332,0.1538461538461538
2015-12-01,2016-02-29,Zip Code: 98102,Condo/Co-op,375500.0,425000.0,522.277556440903,34.0,45.0,15.0,1.0291331480168768,0.5294117647058822
2016-10-01,2016-12-31,Zip Code: 98106,Townhouse,389900.0,424800.0,277.26666666666665,27.0,17.0,5.0,1.0018768181923423,0.3703703703703703
2013-12-01,2014-02-28,Zip Code: 98101,All Residential,680000.0,544500.0,581.3186813186812,41.0,54.0,25.0,0.9844810185172173,0.0975609756097561
2020-09-01,2020-11-30,Zip Code: 98112,Single Family Residential,1390000.0,1485000.0,581.2372535690007,91.0,84.0,28.0,1.0040693785798367,0.3626373626373626
2021-07-01,2021-09-30,Zip Code: 98136,All Residential,805000.0,725000.0,481.3958513396716,116.0,106.0,19.0,1.0460139194028544,0.5086206896551723
2014-11-01,2015-01-31,Zip Code: 98102,Townhouse,661975.0,799975.0,434.9533627884143,12.0,8.0,3.0,0.9937153881496682,0.1666666666666666
2013-01-01,2013-03-31,Zip Code: 98122,Single Family Residential,535000.0,575000.0,253.06748466257667,51.0,67.0,21.0,1.0045208750625594,0.392156862745098
2021-05-01,2021-07-31,Zip Code: 98108,Condo/Co-op,534040.0,452800.0,394.81839258114366,8.0,19.0,7.0,1.027829459846054,0.625
2017-09-01,2017-11-30,Zip Code: 98112,Multi-Family (2-4 Unit),1351000.0,1509000.0,411.94653299916456,2.0,2.0,1.0,1.0216049382716048,0.5
2018-02-01,2018-04-30,Zip Code: 98136,Single Family Residential,800000.0,717475.0,405.3112732548217,62.0,78.0,17.0,1.0726429079532658,0.7419354838709677
2017-11-01,2018-01-31,Zip Code: 98112,Condo/Co-op,570000.0,505000.0,653.0612244897959,13.0,7.0,3.0,1.026698605741528,0.3846153846153846
2022-01-01,2022-03-31,Zip Code: 98112,Townhouse,799975.0,1095000.0,700.1496282757997,26.0,23.0,1.0,1.0501079257990211,0.423076923076923
2016-01-01,2016-03-31,Zip Code: 98122,Single Family Residential,761500.0,749950.0,418.3796856106409,43.0,49.0,11.0,1.0260333224528146,0.3953488372093023
2020-06-01,2020-08-31,Zip Code: 98103,Condo/Co-op,402500.0,399500.0,594.4958690330477,42.0,64.0,29.0,1.0109425109005743,0.3095238095238095
2012-11-01,2013-01-31,Zip Code: 98116,Townhouse,387000.0,392500.0,280.4878048780488,7.0,4.0,6.0,0.9753700514940616,0.1428571428571428
2013-11-01,2014-01-31,Zip Code: 98144,Single Family Residential,435328.5,432500.0,249.3781094527364,64.0,56.0,31.0,0.9970087615714212,0.453125
2018-08-01,2018-10-31,Zip Code: 98134,Condo/Co-op,405000.0,399950.0,333.9028929115209,2.0,1.0,1.0,0.976190476190476,0.0
2017-11-01,2018-01-31,Zip Code: 98107,All Residential,801000.0,724000.0,523.1065288234633,100.0,67.0,7.0,1.0401451569328908,0.54
2022-11-01,2023-01-31,Zip Code: 98122,Single Family Residential,997500.0,890000.0,512.3692740505169,38.0,35.0,21.0,0.9699112886403828,0.1052631578947368
2016-04-01,2016-06-30,Zip Code: 98112,Condo/Co-op,461500.0,475000.0,526.167026443605,34.0,39.0,12.0,1.0032093235803068,0.4705882352941176
2014-01-01,2014-03-31,Zip Code: 98178,Condo/Co-op,53000.0,118950.0,59.0686274509804,3.0,1.0,,1.0113225371120107,0.6666666666666666
2014-02-01,2014-04-30,Zip Code: 98101,All Residential,569500.0,525000.0,558.4627465461317,46.0,53.0,30.0,0.9894558144309628,0.1956521739130434
2020-10-01,2020-12-31,Zip Code: 98122,Townhouse,799999.5,795000.0,549.8224309772024,48.0,41.0,18.0,0.9934712892658892,0.125
2018-01-01,2018-03-31,Zip Code: 98117,Multi-Family (2-4 Unit),1275000.0,1200000.0,306.95770804911325,2.0,1.0,,0.9821428571428572,0.0
2022-11-01,2023-01-31,Zip Code: 98117,All Residential,845000.0,827475.0,526.0906757912745,111.0,66.0,28.0,0.9862923062407712,0.2432432432432432
2020-10-01,2020-12-31,Zip Code: 98122,Multi-Family (2-4 Unit),1100000.0,1272500.0,329.34131736526945,1.0,4.0,2.0,0.9565217391304348,0.0
2019-01-01,2019-03-31,Zip Code: 98133,Condo/Co-op,285000.0,289950.0,347.5324507544078,26.0,30.0,19.0,0.9761150289466624,0.1538461538461538
2013-09-01,2013-11-30,Zip Code: 98102,Multi-Family (2-4 Unit),1750000.0,1200000.0,321.5138710270072,1.0,1.0,1.0,1.0,0.0
2020-08-01,2020-10-31,Zip Code: 98115,Condo/Co-op,411000.0,381750.0,448.71794871794873,35.0,50.0,21.0,0.9988832138054986,0.2857142857142857
2012-12-01,2013-02-28,Zip Code: 98136,Condo/Co-op,259750.0,214900.0,254.32360335807664,6.0,9.0,6.0,0.9669883353448876,0.1666666666666666
2020-05-01,2020-07-31,Zip Code: 98136,Condo/Co-op,362500.0,425000.0,510.07556675062966,7.0,17.0,7.0,0.9692622044872344,0.2857142857142857
2023-06-01,2023-08-31,Zip Code: 98133,Multi-Family (2-4 Unit),820000.0,1700000.0,378.36538461538464,3.0,1.0,1.0,1.0032520325203251,0.3333333333333333
2020-02-01,2020-04-30,Zip Code: 98136,Townhouse,619300.0,550000.0,447.8460563826417,22.0,17.0,5.0,1.0075715228212263,0.3636363636363636
2020-09-01,2020-11-30,Zip Code: 98122,Townhouse,840000.0,787494.0,568.75,47.0,54.0,26.0,0.9965700445801848,0.1914893617021276
2013-02-01,2013-04-30,Zip Code: 98113,Single Family Residential,408000.0,385000.0,370.9090909090909,1.0,1.0,,1.0597402597402596,1.0
2013-11-01,2014-01-31,Zip Code: 98133,Single Family Residential,357000.0,357475.0,213.1782945736434,105.0,66.0,39.0,0.9883361708291508,0.2285714285714285
2017-02-01,2017-04-30,Zip Code: 98178,Multi-Family (2-4 Unit),325000.0,464500.0,216.66666666666663,1.0,2.0,2.0,0.9848484848484848,0.0
2013-03-01,2013-05-31,Zip Code: 98107,Townhouse,420000.0,414888.0,303.35714285714283,37.0,37.0,4.0,1.0126919641774794,0.4324324324324324
2017-09-01,2017-11-30,Zip Code: 98102,Multi-Family (2-4 Unit),1420000.0,1342500.0,628.3185840707964,1.0,2.0,1.0,1.1833333333333331,1.0
2020-01-01,2020-03-31,Zip Code: 98144,Single Family Residential,804000.0,812000.0,464.4991789819376,32.0,50.0,19.0,1.0226087598380067,0.40625
2022-11-01,2023-01-31,Zip Code: 98118,All Residential,700000.0,664775.0,406.0511856564488,56.0,70.0,65.0,0.983172614867836,0.2678571428571428
2018-03-01,2018-05-31,Zip Code: 98102,Multi-Family (2-4 Unit),1550000.0,1795000.0,539.3939393939395,2.0,7.0,3.0,1.0136986301369864,0.5
2023-04-01,2023-06-30,Zip Code: 98113,Single Family Residential,1060000.0,1035000.0,524.7524752475248,1.0,1.0,,1.0241545893719808,1.0
2019-07-01,2019-09-30,Zip Code: 98118,Multi-Family (2-4 Unit),808500.0,662500.0,267.7493261455526,4.0,4.0,4.0,0.9478257455271564,0.25
2012-07-01,2012-09-30,Zip Code: 98134,Condo/Co-op,183000.0,552000.0,187.69230769230768,1.0,2.0,4.0,0.9387022313413697,0.0
2020-10-01,2020-12-31,Zip Code: 98106,Condo/Co-op,295000.0,395000.0,367.455456570156,10.0,6.0,1.0,1.0021960965541588,0.4
2016-07-01,2016-09-30,Zip Code: 98103,Townhouse,610000.0,594500.0,418.5755813953488,65.0,66.0,11.0,1.0198770658826448,0.4615384615384615
2012-06-01,2012-08-31,Zip Code: 98107,All Residential,403000.0,395000.0,263.01518438177874,111.0,95.0,45.0,0.9956352878354968,0.2522522522522522
2015-12-01,2016-02-29,Zip Code: 98117,Townhouse,565000.0,550000.0,418.5185185185185,15.0,16.0,2.0,1.0237622032426426,0.4
2016-07-01,2016-09-30,Zip Code: 98107,All Residential,615000.0,599950.0,464.3848009650181,147.0,165.0,33.0,1.0393244428557509,0.5578231292517006
2012-03-01,2012-05-31,Zip Code: 98119,Single Family Residential,646944.0,649888.0,279.2543859649123,48.0,63.0,35.0,0.9886542082396422,0.3333333333333333
2013-05-01,2013-07-31,Zip Code: 98112,All Residential,741500.0,727000.0,361.5993313335833,148.0,160.0,70.0,0.9971287415235524,0.2972972972972973
2021-05-01,2021-07-31,Zip Code: 98194,All Residential,1500000.0,,859.5988538681949,1.0,,,0.970873786407767,0.0
2017-06-01,2017-08-31,Zip Code: 98112,All Residential,1087500.0,999000.0,524.820428716622,134.0,107.0,31.0,1.0369277619873127,0.4552238805970149
2012-02-01,2012-04-30,Zip Code: 98144,Condo/Co-op,175700.0,189900.0,201.72119790272552,8.0,19.0,32.0,0.9981764921764088,0.125
2021-05-01,2021-07-31,Zip Code: 98136,Condo/Co-op,372475.0,419000.0,501.49091253313134,8.0,11.0,5.0,1.0023302509257763,0.125
2019-12-01,2020-02-29,Zip Code: 98102,Single Family Residential,1491500.0,1200000.0,502.5780630844825,10.0,9.0,9.0,0.997725757594048,0.2999999999999999
2017-12-01,2018-02-28,Zip Code: 98121,Condo/Co-op,635100.0,599500.0,830.5709023941068,57.0,60.0,15.0,1.0363352786911166,0.4912280701754385
2014-09-01,2014-11-30,Zip Code: 98175,Single Family Residential,403000.0,389450.0,325.20708283313326,2.0,2.0,,1.0342149936914762,1.0
2016-02-01,2016-04-30,Zip Code: 98117,Multi-Family (2-4 Unit),669100.0,584950.0,375.8988764044944,1.0,1.0,,1.1438584494401232,1.0
2016-07-01,2016-09-30,Zip Code: 98103,Multi-Family (2-4 Unit),864500.0,939475.0,332.63321346845373,6.0,10.0,6.0,0.9851092186001248,0.3333333333333333
2016-09-01,2016-11-30,Zip Code: 98134,Condo/Co-op,265000.0,,247.43230625583567,1.0,,2.0,0.9636363636363636,0.0
2020-10-01,2020-12-31,Zip Code: 98144,Condo/Co-op,421000.0,415000.0,506.0440150295223,14.0,14.0,10.0,0.994593267072967,0.2857142857142857
2022-10-01,2022-12-31,Zip Code: 98121,All Residential,568000.0,562400.0,740.331491712707,49.0,54.0,55.0,0.9744912351812476,0.0612244897959183
2023-12-01,2024-02-29,Zip Code: 98133,All Residential,698975.0,699450.0,470.14925373134326,121.0,132.0,49.0,0.9982441563332844,0.2396694214876033
2023-05-01,2023-07-31,Zip Code: 98144,All Residential,739000.0,719950.0,563.8157894736842,137.0,167.0,70.0,1.0052347792728753,0.2700729927007299
2020-04-01,2020-06-30,Zip Code: 98136,All Residential,756750.0,699000.0,441.9617620931923,76.0,129.0,44.0,1.012435276876562,0.4736842105263157
2019-11-01,2020-01-31,Zip Code: 98178,Townhouse,216000.0,504898.0,180.7531380753138,3.0,17.0,7.0,0.9843474510447926,0.3333333333333333
2021-10-01,2021-12-31,Zip Code: 98175,All Residential,653550.0,,1123.5955056179776,3.0,,,1.007494543859632,1.0
2012-06-01,2012-08-31,Zip Code: 98134,Condo/Co-op,183000.0,,187.69230769230768,1.0,,2.0,0.9387022313413697,0.0
2022-03-01,2022-05-31,Zip Code: 98104,Condo/Co-op,415000.0,610500.0,664.6234676007006,45.0,70.0,36.0,0.9952875925794769,0.2
2020-09-01,2020-11-30,Zip Code: 98102,Condo/Co-op,475000.0,550000.0,625.0,49.0,75.0,60.0,0.9917378158535743,0.2040816326530612
2020-08-01,2020-10-31,Zip Code: 98104,Condo/Co-op,615000.0,608750.0,664.2857142857143,21.0,52.0,46.0,0.9845965741862148,0.0952380952380952
2023-04-01,2023-06-30,Zip Code: 98144,Multi-Family (2-4 Unit),982500.0,1300000.0,380.82985551496125,4.0,7.0,3.0,1.02136014103784,0.75
2020-04-01,2020-06-30,Zip Code: 98118,Single Family Residential,699500.0,669995.0,359.0091216216216,90.0,120.0,46.0,1.0169711458135444,0.4777777777777778
2016-04-01,2016-06-30,Zip Code: 98101,Condo/Co-op,662500.0,699000.0,669.3033214772345,56.0,93.0,36.0,1.0068015825213965,0.2678571428571428
2023-04-01,2023-06-30,Zip Code: 98136,Multi-Family (2-4 Unit),992500.0,685000.0,351.60872528970685,2.0,1.0,,1.0909090909090908,0.5
2023-01-01,2023-03-31,Zip Code: 98119,All Residential,872500.0,852500.0,589.0021735926908,50.0,78.0,34.0,0.9939025737632255,0.1799999999999999
2012-03-01,2012-05-31,Zip Code: 98102,Townhouse,477500.0,524975.0,324.75963921102186,8.0,6.0,5.0,0.9744538289626424,0.25
2020-12-01,2021-02-28,Zip Code: 98175,Condo/Co-op,345000.0,,348.133198789102,1.0,,,0.9858551221603084,0.0
2018-03-01,2018-05-31,Zip Code: 98103,Townhouse,817000.0,799950.0,564.114114114114,62.0,61.0,7.0,1.0607387827062202,0.6290322580645161
2016-07-01,2016-09-30,Zip Code: 98104,All Residential,435000.0,514450.0,497.7272727272728,20.0,30.0,23.0,1.0042425306320344,0.45
2020-10-01,2020-12-31,Zip Code: 98144,Single Family Residential,800000.0,744211.0,437.26937269372695,85.0,51.0,13.0,1.0270140301071369,0.4470588235294117
2013-07-01,2013-09-30,Zip Code: 98119,Multi-Family (2-4 Unit),715500.0,749950.0,240.80267558528428,5.0,9.0,7.0,0.9847701196917956,0.2
2022-08-01,2022-10-31,Zip Code: 98121,All Residential,601000.0,582000.0,764.5673925838729,77.0,98.0,93.0,0.99078967586232,0.1948051948051948
2017-04-01,2017-06-30,Zip Code: 98103,Townhouse,663000.0,641975.0,482.7586206896552,57.0,58.0,3.0,1.0984777955891116,0.7368421052631579
2012-01-01,2012-03-31,Zip Code: 98106,All Residential,167500.0,212450.0,131.57894736842104,55.0,82.0,88.0,0.972647670026258,0.1636363636363636
2022-04-01,2022-06-30,Zip Code: 98121,All Residential,650000.0,625000.0,811.373092926491,117.0,176.0,102.0,1.009885673789729,0.3504273504273504
2019-02-01,2019-04-30,Zip Code: 98102,Condo/Co-op,459950.0,450000.0,663.5514018691589,55.0,105.0,53.0,0.9986462573868268,0.1636363636363636
2016-12-01,2017-02-28,Zip Code: 98116,All Residential,639475.0,625000.0,393.50342130987286,74.0,81.0,31.0,1.0048872621705498,0.3243243243243243
2016-02-01,2016-04-30,Zip Code: 98117,Condo/Co-op,525000.0,,495.75070821529744,1.0,,,0.9562841530054644,0.0
2015-05-01,2015-07-31,Zip Code: 98103,Townhouse,585000.0,565000.0,387.5,65.0,71.0,14.0,1.0389155591088086,0.5076923076923076
2018-12-01,2019-02-28,Zip Code: 98116,All Residential,715000.0,699950.0,437.5,97.0,75.0,42.0,0.9878499037949254,0.1752577319587628
2022-05-01,2022-07-31,Zip Code: 98101,All Residential,634000.0,719000.0,801.5170670037927,59.0,95.0,67.0,0.993101854286762,0.2033898305084745
2012-07-01,2012-09-30,Zip Code: 98102,Single Family Residential,850000.0,699900.0,242.16524216524212,15.0,21.0,16.0,0.9963181742410844,0.1333333333333333
2020-11-01,2021-01-31,Zip Code: 98133,Single Family Residential,670000.0,649950.0,399.4708994708995,117.0,88.0,12.0,1.0208577981200744,0.4188034188034188
2016-02-01,2016-04-30,Zip Code: 98122,All Residential,624975.0,598000.0,446.4285714285714,122.0,153.0,35.0,1.0400835012412983,0.5245901639344261
2013-02-01,2013-04-30,Zip Code: 98122,Condo/Co-op,265000.0,289975.0,384.020618556701,45.0,50.0,13.0,0.993041435364918,0.3333333333333333
2012-11-01,2013-01-31,Zip Code: 98121,All Residential,297500.0,315000.0,387.93103448275855,41.0,46.0,38.0,0.997972843303632,0.2682926829268292
2016-05-01,2016-07-31,Zip Code: 98118,Single Family Residential,470000.0,449650.0,278.99286771038044,158.0,178.0,67.0,1.0578898189292427,0.5379746835443037
2019-04-01,2019-06-30,Zip Code: 98122,Multi-Family (2-4 Unit),1029000.0,862000.0,434.4110599078341,2.0,4.0,4.0,1.0945454545454547,0.5
2022-05-01,2022-07-31,Zip Code: 98112,All Residential,1525000.0,1500000.0,718.7942503140346,94.0,119.0,48.0,1.03040195828967,0.425531914893617
2012-06-01,2012-08-31,Zip Code: 98136,Single Family Residential,404500.0,437450.0,207.3968855218855,74.0,92.0,50.0,0.9846737141697552,0.2432432432432432
2013-09-01,2013-11-30,Zip Code: 98112,Condo/Co-op,357500.0,364950.0,423.73447698636176,12.0,13.0,9.0,0.9913995328842312,0.4166666666666666
2021-10-01,2021-12-31,Zip Code: 98106,Multi-Family (2-4 Unit),957500.0,899500.0,316.72804256837867,4.0,2.0,1.0,0.9726743434995864,0.0
2022-05-01,2022-07-31,Zip Code: 98116,Single Family Residential,1100000.0,999994.5,556.3909774436089,79.0,94.0,20.0,1.0539672291404811,0.6582278481012657
2014-10-01,2014-12-31,Zip Code: 98178,Townhouse,477500.0,,341.07142857142856,1.0,,,1.19375,1.0
2015-12-01,2016-02-29,Zip Code: 98102,Multi-Family (2-4 Unit),1100000.0,1200000.0,262.90630975143404,1.0,1.0,,0.9565217391304348,0.0
2013-05-01,2013-07-31,Zip Code: 98118,Townhouse,257500.0,250500.0,191.044776119403,11.0,18.0,12.0,1.0005967059446663,0.3636363636363636
2019-08-01,2019-10-31,Zip Code: 98144,All Residential,725000.0,699950.0,455.2436550863324,116.0,138.0,86.0,0.9896617898178924,0.1724137931034482
2022-02-01,2022-04-30,Zip Code: 98118,Condo/Co-op,438000.0,410000.0,596.6257668711656,5.0,8.0,2.0,1.0107368421052632,0.2
2014-12-01,2015-02-28,Zip Code: 98104,All Residential,429000.0,270000.0,361.7200674536256,17.0,17.0,7.0,0.9795138337582182,0.0588235294117647
2016-07-01,2016-09-30,Zip Code: 98117,Multi-Family (2-4 Unit),750000.0,675000.0,284.09090909090907,1.0,1.0,,1.0715051075076791,1.0
2016-09-01,2016-11-30,Zip Code: 98144,Multi-Family (2-4 Unit),680000.0,744475.0,361.3089585311808,2.0,2.0,,1.0003141043693,0.5
2012-11-01,2013-01-31,Zip Code: 98115,Multi-Family (2-4 Unit),632000.0,614350.0,265.546218487395,1.0,2.0,,1.0112,1.0
2017-10-01,2017-12-31,Zip Code: 98116,Multi-Family (2-4 Unit),740000.0,,404.3715846994536,1.0,,1.0,0.961038961038961,0.0
2016-07-01,2016-09-30,Zip Code: 98144,All Residential,564900.0,559000.0,374.79403150743553,160.0,161.0,57.0,1.014566846333224,0.4249999999999999
2017-08-01,2017-10-31,Zip Code: 98121,All Residential,610000.0,599000.0,803.1759226573441,118.0,95.0,23.0,1.0627859783265647,0.6694915254237288
2015-10-01,2015-12-31,Zip Code: 98116,Single Family Residential,630000.0,649950.0,313.9555869428751,70.0,57.0,11.0,1.0138309413140427,0.4428571428571428
2018-10-01,2018-12-31,Zip Code: 98115,Condo/Co-op,390000.0,365000.0,437.6657824933688,21.0,21.0,14.0,0.9876248401893912,0.0476190476190476
2021-04-01,2021-06-30,Zip Code: 98112,Multi-Family (2-4 Unit),1197800.0,,445.2788104089219,1.0,,,0.9981666666666666,0.0
2020-05-01,2020-07-31,Zip Code: 98116,All Residential,816500.0,800000.0,460.0370861703765,120.0,213.0,87.0,0.9952604031151184,0.2583333333333333
2013-05-01,2013-07-31,Zip Code: 98101,Condo/Co-op,460000.0,432500.0,492.44456453562685,52.0,58.0,34.0,0.9874066021340449,0.173076923076923
2019-08-01,2019-10-31,Zip Code: 98107,All Residential,730500.0,725000.0,505.0892350700916,156.0,167.0,70.0,0.996594282516974,0.2179487179487179
2015-10-01,2015-12-31,Zip Code: 98101,Condo/Co-op,584000.0,614950.0,624.7351352566589,44.0,51.0,48.0,0.9899653053460434,0.1818181818181818
2014-01-01,2014-03-31,Zip Code: 98102,Condo/Co-op,291500.0,304950.0,409.5993221322218,44.0,50.0,15.0,0.9991777673388558,0.3409090909090908
2022-10-01,2022-12-31,Zip Code: 98136,All Residential,950000.0,869450.0,483.5154892877823,56.0,38.0,10.0,0.9905200055392218,0.3035714285714285
2017-11-01,2018-01-31,Zip Code: 98178,Single Family Residential,424975.0,499950.0,250.2783682558964,96.0,81.0,31.0,1.0097505375386906,0.4166666666666666
2013-08-01,2013-10-31,Zip Code: 98119,All Residential,595000.0,576950.0,314.3314698346145,107.0,119.0,76.0,0.9935204164552583,0.2803738317757009
2017-04-01,2017-06-30,Zip Code: 98121,Condo/Co-op,600000.0,597475.0,722.2529812606474,93.0,116.0,26.0,1.0594323885540873,0.6881720430107527
2020-07-01,2020-09-30,Zip Code: 98136,Condo/Co-op,417500.0,400000.0,437.2448979591837,13.0,15.0,9.0,0.9895752086074088,0.3076923076923077
2015-08-01,2015-10-31,Zip Code: 98112,Single Family Residential,1213500.0,1224500.0,445.906432748538,58.0,56.0,24.0,1.045625410838411,0.5
2014-01-01,2014-03-31,Zip Code: 98116,Townhouse,460000.0,439950.0,316.1392405063291,11.0,19.0,8.0,0.9926150027331616,0.0
2017-02-01,2017-04-30,Zip Code: 98118,Single Family Residential,500000.0,499950.0,297.247119078105,105.0,143.0,45.0,1.064705510410219,0.580952380952381
2018-06-01,2018-08-31,Zip Code: 98112,Townhouse,862500.0,839000.0,586.6666666666665,17.0,25.0,7.0,1.0369189170409632,0.7058823529411765
2018-02-01,2018-04-30,Zip Code: 98119,Townhouse,899000.0,1079000.0,600.5344021376086,15.0,23.0,7.0,1.061973930328133,0.8
2016-08-01,2016-10-31,Zip Code: 98134,All Residential,265000.0,995000.0,247.43230625583567,1.0,1.0,2.0,0.9636363636363636,0.0
2021-01-01,2021-03-31,Zip Code: 98105,Condo/Co-op,429995.0,398000.0,560.6617647058823,9.0,13.0,9.0,0.9853148920823016,0.1111111111111111
2012-10-01,2012-12-31,Zip Code: 98119,Single Family Residential,538000.0,698500.0,250.0,43.0,17.0,11.0,0.9764246499142336,0.1627906976744186
2022-03-01,2022-05-31,Zip Code: 98112,All Residential,1380475.0,1385000.0,749.0333869227611,106.0,111.0,19.0,1.0697093163406337,0.6037735849056604
2015-08-01,2015-10-31,Zip Code: 98125,Condo/Co-op,208975.0,215000.0,218.7818336162988,18.0,27.0,14.0,0.9937398549065632,0.3333333333333333
2020-01-01,2020-03-31,Zip Code: 98119,All Residential,846875.0,937500.0,545.1153324287652,92.0,120.0,52.0,1.004211886238484,0.2717391304347825
2015-11-01,2016-01-31,Zip Code: 98133,Condo/Co-op,196000.0,199950.0,248.61195505832168,36.0,34.0,5.0,0.9926147666119624,0.2777777777777777
2013-05-01,2013-07-31,Zip Code: 98115,Townhouse,401000.0,399950.0,275.3623188405797,5.0,17.0,10.0,1.013761309748746,0.5999999999999999
2016-06-01,2016-08-31,Zip Code: 98117,Townhouse,620000.0,624950.0,400.24386441583897,22.0,31.0,5.0,1.005488068261288,0.3181818181818181
2021-05-01,2021-07-31,Zip Code: 98121,All Residential,585000.0,635000.0,720.164609053498,119.0,142.0,79.0,0.9903184000525156,0.1764705882352941
2013-08-01,2013-10-31,Zip Code: 98119,Multi-Family (2-4 Unit),702500.0,798000.0,260.7701902516585,8.0,9.0,4.0,0.9589598976074613,0.125
2021-09-01,2021-11-30,Zip Code: 98112,Condo/Co-op,553000.0,595000.0,750.3506311360449,11.0,15.0,4.0,1.0407449571534124,0.5454545454545454
2018-04-01,2018-06-30,Zip Code: 98136,Condo/Co-op,447500.0,424750.0,491.9051323681956,10.0,12.0,4.0,1.062488373216523,0.6999999999999998
2015-12-01,2016-02-29,Zip Code: 98133,All Residential,370000.0,375000.0,257.8125,131.0,125.0,41.0,1.0219570496559458,0.580152671755725
2012-01-01,2012-03-31,Zip Code: 98117,Multi-Family (2-4 Unit),440000.0,450000.0,159.42028985507247,1.0,3.0,3.0,0.9777777777777776,0.0
2019-05-01,2019-07-31,Zip Code: 98119,Townhouse,875000.0,875000.0,583.2747716092762,31.0,44.0,24.0,0.9945776601111532,0.2580645161290322
2018-07-01,2018-09-30,Zip Code: 98115,Multi-Family (2-4 Unit),1550000.0,1162475.0,241.50825802430663,1.0,2.0,2.0,1.0,0.0
2020-08-01,2020-10-31,Zip Code: 98101,All Residential,735000.0,699000.0,807.6923076923077,45.0,116.0,117.0,0.9708883383893174,0.0888888888888888
2014-02-01,2014-04-30,Zip Code: 98118,All Residential,330000.0,344500.0,180.18018018018017,123.0,158.0,97.0,1.0116743641902084,0.4390243902439024
2023-10-01,2023-12-31,Zip Code: 98122,Multi-Family (2-4 Unit),1415000.0,1549000.0,423.1158320687911,3.0,3.0,1.0,0.9277360269446844,0.0
2017-02-01,2017-04-30,Zip Code: 98178,Condo/Co-op,168365.0,178365.0,165.37979456566677,2.0,2.0,,1.0185185185185186,0.5
2019-03-01,2019-05-31,Zip Code: 98104,All Residential,674975.0,637340.0,666.9123925921972,20.0,64.0,45.0,0.9989285796203744,0.2
2020-09-01,2020-11-30,Zip Code: 98178,All Residential,530000.0,551495.0,302.8481012658228,107.0,94.0,18.0,1.0186780342136297,0.4953271028037383
2021-04-01,2021-06-30,Zip Code: 98118,Single Family Residential,786000.5,740000.0,448.6774344569288,160.0,197.0,34.0,1.0864707521321768,0.64375
2013-12-01,2014-02-28,Zip Code: 98104,All Residential,410000.0,279000.0,446.3894967177242,11.0,22.0,19.0,0.9563416013287472,0.2727272727272727
2017-07-01,2017-09-30,Zip Code: 98144,Multi-Family (2-4 Unit),967500.0,817475.0,418.10699588477365,4.0,4.0,1.0,1.0933664269873886,1.0
2021-04-01,2021-06-30,Zip Code: 98117,Townhouse,779950.0,749950.0,551.7482517482517,49.0,61.0,15.0,1.020347839412477,0.346938775510204
2020-05-01,2020-07-31,Zip Code: 98103,Multi-Family (2-4 Unit),985000.0,1172500.0,448.0122324159021,3.0,8.0,9.0,0.9507405578017614,0.0
2021-08-01,2021-10-31,Zip Code: 98112,Townhouse,740000.0,759975.0,655.9633027522935,23.0,20.0,2.0,1.007452912672558,0.3478260869565217
2012-05-01,2012-07-31,Zip Code: 98101,Condo/Co-op,494975.0,545000.0,512.8205128205128,78.0,61.0,58.0,0.9673690277769152,0.0384615384615384
2012-08-01,2012-10-31,Zip Code: 98112,All Residential,748000.0,856475.0,331.32462686567163,85.0,96.0,68.0,0.9696013087076778,0.2235294117647058
2012-05-01,2012-07-31,Zip Code: 98119,Single Family Residential,649888.0,599950.0,282.7586206896552,49.0,47.0,29.0,0.9941908056876454,0.346938775510204
2012-04-01,2012-06-30,Zip Code: 98112,Multi-Family (2-4 Unit),498000.0,584975.0,202.8125,3.0,2.0,1.0,0.9214514555956118,0.0
2014-05-01,2014-07-31,Zip Code: 98117,Condo/Co-op,579950.0,347500.0,547.639282341832,7.0,9.0,7.0,0.9977887512184695,0.1428571428571428
2013-05-01,2013-07-31,Zip Code: 98107,Townhouse,429975.0,450000.0,310.72146807440924,36.0,42.0,7.0,1.0173327155080896,0.5277777777777777
2021-06-01,2021-08-31,Zip Code: 98116,Condo/Co-op,489000.0,544950.0,567.5675675675676,41.0,51.0,28.0,0.9948250170074656,0.1951219512195122
2012-10-01,2012-12-31,Zip Code: 98102,Townhouse,501000.0,752000.0,387.7362488728584,11.0,10.0,11.0,0.987086112224087,0.0909090909090909
2012-11-01,2013-01-31,Zip Code: 98102,Townhouse,501000.0,807500.0,416.2410623084781,9.0,14.0,12.0,0.9734180252010745,0.1111111111111111
2021-11-01,2022-01-31,Zip Code: 98117,Multi-Family (2-4 Unit),1125000.0,889000.0,500.9844195649397,4.0,1.0,,1.0093323808142107,0.5
2012-10-01,2012-12-31,Zip Code: 98118,All Residential,255000.0,255000.0,157.84313725490196,123.0,111.0,93.0,0.9973629993248718,0.3658536585365853
2015-04-01,2015-06-30,Zip Code: 98116,Multi-Family (2-4 Unit),645000.0,800000.0,224.6594551282052,6.0,7.0,2.0,1.0509045008829527,0.3333333333333333
2023-03-01,2023-05-31,Zip Code: 98107,Condo/Co-op,505000.0,487000.0,653.7404226656563,16.0,22.0,7.0,1.0034219815256569,0.25
2022-11-01,2023-01-31,Zip Code: 98122,Multi-Family (2-4 Unit),1260000.0,,458.1818181818182,1.0,,1.0,0.9509433962264152,0.0
2015-11-01,2016-01-31,Zip Code: 98116,Single Family Residential,649500.0,694950.0,313.9555869428751,64.0,44.0,15.0,1.0175282337670253,0.484375
2016-09-01,2016-11-30,Zip Code: 98112,Townhouse,655000.0,679999.0,468.25938566552895,7.0,15.0,4.0,1.0137787752047138,0.4285714285714285
2019-02-01,2019-04-30,Zip Code: 98122,All Residential,725000.0,759475.0,556.0578661844485,117.0,162.0,85.0,0.9959992090261006,0.2991452991452991
2013-09-01,2013-11-30,Zip Code: 98107,Townhouse,435000.0,450000.0,325.9469696969697,33.0,39.0,8.0,1.0068733359343236,0.3636363636363636
2018-01-01,2018-03-31,Zip Code: 98119,Single Family Residential,1249744.0,1265000.0,576.1488491458817,20.0,36.0,12.0,1.019063466819324,0.2999999999999999
2012-12-01,2013-02-28,Zip Code: 98118,Townhouse,277500.0,224950.0,190.23867238485923,2.0,2.0,2.0,0.9607862881855378,0.0
2015-07-01,2015-09-30,Zip Code: 98133,All Residential,385000.0,385000.0,250.94317294265227,246.0,227.0,61.0,1.023441195974526,0.491869918699187
2021-03-01,2021-05-31,Zip Code: 98136,Multi-Family (2-4 Unit),869000.0,875000.0,523.4939759036145,3.0,4.0,1.0,1.002373015873016,0.3333333333333333
2015-05-01,2015-07-31,Zip Code: 98122,Condo/Co-op,357500.0,339000.0,513.1552520586463,70.0,69.0,11.0,1.055709827712274,0.6428571428571429
2022-06-01,2022-08-31,Zip Code: 98103,All Residential,865000.0,895000.0,617.1766462906362,264.0,321.0,96.0,1.02073737955298,0.375
2014-07-01,2014-09-30,Zip Code: 98101,Condo/Co-op,426500.0,499475.0,517.7184747334261,48.0,62.0,29.0,0.9829685325253452,0.25
2022-03-01,2022-05-31,Zip Code: 98178,Townhouse,655000.0,750000.0,288.26425933524825,5.0,5.0,3.0,1.0130865551010135,0.5999999999999999
2020-05-01,2020-07-31,Zip Code: 98104,All Residential,645000.0,617500.0,548.018549747049,11.0,42.0,43.0,0.9871141435491276,0.0
2020-09-01,2020-11-30,Zip Code: 98136,Condo/Co-op,375000.0,410000.0,418.9944134078213,11.0,14.0,5.0,0.9882236243951033,0.1818181818181818
2022-04-01,2022-06-30,Zip Code: 98106,Multi-Family (2-4 Unit),757500.0,871944.0,372.506157635468,4.0,4.0,2.0,1.05720728465212,1.0
2013-08-01,2013-10-31,Zip Code: 98178,Condo/Co-op,76950.0,62750.0,74.97394591107536,2.0,2.0,,0.8817168161539021,0.0
2022-12-01,2023-02-28,Zip Code: 98102,All Residential,596500.0,670000.0,619.9750177829789,32.0,41.0,35.0,0.9758176312315916,0.03125
2016-03-01,2016-05-31,Zip Code: 98101,Condo/Co-op,662500.0,637450.0,667.646889673744,48.0,100.0,39.0,1.0084327438971767,0.2916666666666666
2013-08-01,2013-10-31,Zip Code: 98119,Townhouse,554975.0,581950.0,326.2385547791947,12.0,16.0,11.0,0.9906637931958772,0.25
2014-11-01,2015-01-31,Zip Code: 98117,Single Family Residential,579750.0,577475.0,291.128433175639,108.0,67.0,20.0,1.009166936555612,0.3518518518518518
2021-03-01,2021-05-31,Zip Code: 98119,Multi-Family (2-4 Unit),1150000.0,1112500.0,511.1111111111112,3.0,10.0,3.0,0.9871263451574332,0.0
2013-08-01,2013-10-31,Zip Code: 98104,Condo/Co-op,366250.0,394425.0,358.21428571428567,18.0,14.0,15.0,0.9938376017562564,0.3333333333333333
2021-02-01,2021-04-30,Zip Code: 98119,Townhouse,1073500.0,949000.0,624.2551200602236,36.0,19.0,6.0,1.008117306897946,0.2777777777777777
2012-05-01,2012-07-31,Zip Code: 98107,Townhouse,398500.0,407000.0,254.02599336339657,28.0,24.0,7.0,0.9952645860258436,0.1785714285714285
2023-04-01,2023-06-30,Zip Code: 98122,Townhouse,777500.0,766975.0,621.4835018798831,38.0,60.0,30.0,0.9885572807194156,0.0526315789473684
2013-04-01,2013-06-30,Zip Code: 98118,Single Family Residential,323750.0,353750.0,189.7142857142857,131.0,182.0,108.0,1.0026764134514483,0.4198473282442747
2020-11-01,2021-01-31,Zip Code: 98177,Townhouse,525000.0,602000.0,362.5730994152047,7.0,4.0,,0.9976154018250922,0.1428571428571428
2017-09-01,2017-11-30,Zip Code: 98103,All Residential,750000.0,699950.0,511.62790697674416,245.0,247.0,21.0,1.0616948103914243,0.6204081632653061
2016-10-01,2016-12-31,Zip Code: 98107,Multi-Family (2-4 Unit),1100000.0,949000.0,357.1428571428572,3.0,1.0,,1.0430257702704424,0.3333333333333333
2015-06-01,2015-08-31,Zip Code: 98106,All Residential,349000.0,340000.0,230.7692307692308,139.0,155.0,41.0,1.0296145205843217,0.5251798561151078
2014-11-01,2015-01-31,Zip Code: 98112,Multi-Family (2-4 Unit),1005000.0,949950.0,411.88524590163934,1.0,3.0,3.0,1.1166666666666667,1.0
2016-08-01,2016-10-31,Zip Code: 98103,Multi-Family (2-4 Unit),1000000.0,1000000.0,345.4584142153203,6.0,11.0,5.0,0.999881895390471,0.3333333333333333
2013-12-01,2014-02-28,Zip Code: 98107,Townhouse,481000.0,494950.0,335.45161290322574,30.0,25.0,5.0,1.006240499447675,0.2999999999999999
2012-10-01,2012-12-31,Zip Code: 98101,All Residential,499750.0,547000.0,494.56508939611007,64.0,52.0,45.0,0.977436307288602,0.125
2013-09-01,2013-11-30,Zip Code: 98112,All Residential,700000.0,627500.0,363.3004926108375,95.0,100.0,48.0,0.988854207305643,0.2526315789473684
2015-01-01,2015-03-31,Zip Code: 98106,Townhouse,285000.0,354000.0,220.58823529411765,29.0,34.0,6.0,1.006342202447715,0.2413793103448276
2019-10-01,2019-12-31,Zip Code: 98101,Condo/Co-op,620000.0,645000.0,771.1303809017991,44.0,36.0,37.0,0.9769601062944524,0.0227272727272727
2022-11-01,2023-01-31,Zip Code: 98136,Single Family Residential,1010000.0,999900.0,515.0862068965516,31.0,21.0,6.0,0.9965087051997265,0.3870967741935483
2014-08-01,2014-10-31,Zip Code: 98119,Condo/Co-op,274000.0,292500.0,375.47446514837816,41.0,44.0,20.0,0.9902687245972376,0.1951219512195122
2020-10-01,2020-12-31,Zip Code: 98122,Single Family Residential,1037500.0,899000.0,544.0002705627705,62.0,48.0,20.0,1.0062762131251743,0.3870967741935483
2019-06-01,2019-08-31,Zip Code: 98144,All Residential,690000.0,719925.0,460.0,119.0,144.0,89.0,0.9985615603463652,0.226890756302521
2020-02-01,2020-04-30,Zip Code: 98103,Condo/Co-op,439750.0,449950.0,607.39818962709,42.0,39.0,20.0,1.016115245389143,0.3809523809523809
2023-01-01,2023-03-31,Zip Code: 98122,Townhouse,900000.0,799950.0,593.6507936507936,31.0,39.0,23.0,0.9935262725688347,0.1935483870967741
2017-08-01,2017-10-31,Zip Code: 98116,Condo/Co-op,520000.0,505000.0,499.8547671840355,19.0,22.0,4.0,1.0221179517847077,0.5789473684210527
2022-08-01,2022-10-31,Zip Code: 98102,All Residential,685000.0,799000.0,673.9130434782609,91.0,83.0,44.0,0.9796103011269364,0.1098901098901098
2021-12-01,2022-02-28,Zip Code: 98134,Condo/Co-op,427000.0,279000.0,371.3043478260869,3.0,1.0,,1.0,0.0
2016-06-01,2016-08-31,Zip Code: 98178,All Residential,354550.0,355000.0,202.7027027027027,125.0,139.0,47.0,1.027516486055758,0.5759999999999998
2022-09-01,2022-11-30,Zip Code: 98121,All Residential,550000.0,589500.0,743.519781718963,63.0,86.0,81.0,0.9846929393418042,0.1587301587301587
2014-02-01,2014-04-30,Zip Code: 98125,All Residential,355500.0,379900.0,217.07185237329043,110.0,143.0,49.0,1.0100975333956597,0.4
2022-10-01,2022-12-31,Zip Code: 98178,Townhouse,600000.0,,359.2814371257485,1.0,,2.0,1.0,0.0
2018-06-01,2018-08-31,Zip Code: 98104,All Residential,698050.0,575000.0,771.8529275509296,20.0,21.0,13.0,1.0103451986762892,0.2999999999999999
2022-09-01,2022-11-30,Zip Code: 98178,Single Family Residential,633500.0,639000.0,337.80962780962784,44.0,53.0,29.0,0.9945183712270684,0.2045454545454545
2019-05-01,2019-07-31,Zip Code: 98101,Condo/Co-op,692500.0,685000.0,726.7121657869689,48.0,71.0,56.0,0.9910240911132993,0.2083333333333333
2022-12-01,2023-02-28,Zip Code: 98177,All Residential,855000.0,1097500.0,484.23423423423424,51.0,50.0,23.0,0.9969982454452744,0.3137254901960784
2021-07-01,2021-09-30,Zip Code: 98122,Condo/Co-op,410000.0,498900.0,631.937582345191,54.0,46.0,28.0,0.9894986973417432,0.2037037037037036
2018-06-01,2018-08-31,Zip Code: 98122,All Residential,799000.0,759000.0,565.0,127.0,167.0,65.0,1.0164905338057844,0.4330708661417322
2019-03-01,2019-05-31,Zip Code: 98101,Condo/Co-op,625000.0,684000.0,725.2747252747251,37.0,96.0,76.0,0.9855727207105488,0.2162162162162162
2021-03-01,2021-05-31,Zip Code: 98102,Multi-Family (2-4 Unit),1362500.0,1247500.0,514.7843771251139,4.0,4.0,2.0,1.0230668756530823,0.5
2013-08-01,2013-10-31,Zip Code: 98117,Multi-Family (2-4 Unit),502152.0,489975.0,165.76709733671527,2.0,2.0,2.0,0.9792271420013784,0.0
2019-12-01,2020-02-29,Zip Code: 98106,All Residential,549975.0,565000.0,344.0506329113924,112.0,100.0,43.0,0.9997171799491392,0.2946428571428571
2016-03-01,2016-05-31,Zip Code: 98105,All Residential,778000.0,745000.0,413.1185270425777,103.0,109.0,20.0,1.0567638635061385,0.5631067961165048
2012-10-01,2012-12-31,Zip Code: 98118,Condo/Co-op,154900.0,169000.0,191.47095179233625,3.0,3.0,5.0,0.9447916666666668,0.0
2017-07-01,2017-09-30,Zip Code: 98112,Townhouse,724792.0,725292.0,534.6591757955139,26.0,24.0,2.0,1.0172557465766665,0.3076923076923077
2014-01-01,2014-03-31,Zip Code: 98103,All Residential,469875.0,419950.0,312.77603212010126,134.0,193.0,47.0,1.0182198844372838,0.4626865671641791
2017-08-01,2017-10-31,Zip Code: 98102,All Residential,612000.0,649000.0,623.5565819861432,117.0,125.0,33.0,1.0476237464199962,0.5384615384615384
2021-03-01,2021-05-31,Zip Code: 98119,Townhouse,1100000.0,884950.0,729.3388429752066,29.0,16.0,4.0,1.0172875021366343,0.4137931034482758
2017-02-01,2017-04-30,Zip Code: 98115,Single Family Residential,835000.0,750000.0,411.3995485327314,117.0,136.0,15.0,1.08192145089257,0.6324786324786325
2020-12-01,2021-02-28,Zip Code: 98103,All Residential,769950.0,795000.0,525.3063486699317,238.0,211.0,51.0,1.0124072577532637,0.3445378151260504
2023-04-01,2023-06-30,Zip Code: 98103,Multi-Family (2-4 Unit),1217500.0,1497250.0,429.8631476050831,6.0,8.0,4.0,1.0109585065341162,0.5
2018-08-01,2018-10-31,Zip Code: 98144,Condo/Co-op,361500.0,475000.0,510.2930197835013,10.0,17.0,10.0,0.999266744263816,0.1
2015-03-01,2015-05-31,Zip Code: 98102,All Residential,445000.0,449999.5,425.2873563218391,79.0,112.0,37.0,1.0223265905063508,0.5189873417721518
2017-11-01,2018-01-31,Zip Code: 98104,All Residential,550000.0,710950.0,625.0,21.0,18.0,8.0,1.0255445774026843,0.5714285714285714
2012-10-01,2012-12-31,Zip Code: 98101,Condo/Co-op,499750.0,547000.0,494.56508939611007,64.0,52.0,45.0,0.9774363072886022,0.125
2022-11-01,2023-01-31,Zip Code: 98107,Single Family Residential,990200.0,925000.0,546.448087431694,27.0,23.0,10.0,0.9830278661360652,0.1851851851851851
2018-06-01,2018-08-31,Zip Code: 98117,Multi-Family (2-4 Unit),995000.0,1269500.0,404.4117647058824,5.0,6.0,2.0,0.995992591558102,0.4
2015-12-01,2016-02-29,Zip Code: 98122,All Residential,644999.0,631975.0,420.52785923753663,109.0,108.0,35.0,1.0172468724918668,0.4678899082568807
2017-10-01,2017-12-31,Zip Code: 98116,Townhouse,664500.0,675000.0,457.2662693395943,18.0,15.0,1.0,1.015231924006338,0.3333333333333333
2022-03-01,2022-05-31,Zip Code: 98121,All Residential,650000.0,663500.0,809.5455634576042,124.0,182.0,75.0,1.0101902510074745,0.3306451612903225
2023-09-01,2023-11-30,Zip Code: 98117,All Residential,910000.0,874878.5,559.5238095238095,131.0,142.0,64.0,1.0069355978589898,0.3129770992366412
2021-11-01,2022-01-31,Zip Code: 98116,Single Family Residential,985000.0,995000.0,493.33333333333326,53.0,37.0,8.0,1.0488501900566187,0.5094339622641509
2021-02-01,2021-04-30,Zip Code: 98106,All Residential,600000.0,599950.0,399.0384615384616,153.0,157.0,28.0,1.0450315229610512,0.5686274509803921
2013-04-01,2013-06-30,Zip Code: 98136,Townhouse,395000.0,389000.0,246.10591900311528,14.0,14.0,2.0,0.9985554019958736,0.2142857142857142
2016-03-01,2016-05-31,Zip Code: 98121,Condo/Co-op,543500.0,540000.0,632.1499886878942,104.0,171.0,55.0,1.0142165010128483,0.4134615384615384
2016-07-01,2016-09-30,Zip Code: 98178,Single Family Residential,370000.0,388000.0,215.7407407407408,103.0,123.0,52.0,1.0221771510713689,0.4951456310679611
2016-05-01,2016-07-31,Zip Code: 98175,All Residential,279000.0,229900.0,293.0672268907564,1.0,1.0,,1.213571117877338,1.0
2019-02-01,2019-04-30,Zip Code: 98108,All Residential,599000.0,619000.0,333.30645161290323,69.0,113.0,54.0,1.0101161135081511,0.2898550724637681
2013-06-01,2013-08-31,Zip Code: 98106,Multi-Family (2-4 Unit),442475.0,369900.0,166.25497318802974,4.0,7.0,6.0,0.975501349330315,0.0
2015-06-01,2015-08-31,Zip Code: 98144,Multi-Family (2-4 Unit),598400.0,499000.0,212.19858156028369,3.0,3.0,4.0,1.1243883324058617,0.6666666666666666
2018-04-01,2018-06-30,Zip Code: 98175,All Residential,377500.0,475000.0,374.50396825396825,1.0,2.0,1.0,1.0633802816901408,1.0
2014-05-01,2014-07-31,Zip Code: 98121,Condo/Co-op,352000.0,449000.0,470.85201793721967,99.0,163.0,82.0,0.9928867217755438,0.2525252525252525
2020-02-01,2020-04-30,Zip Code: 98105,Multi-Family (2-4 Unit),910000.0,1075000.0,313.7931034482759,1.0,6.0,6.0,0.9578947368421052,0.0
2023-03-01,2023-05-31,Zip Code: 98121,All Residential,565000.0,620000.0,744.2040185471407,79.0,127.0,70.0,0.9887513518679087,0.1265822784810126
2017-09-01,2017-11-30,Zip Code: 98117,Single Family Residential,750500.0,700000.0,414.1996471485791,120.0,97.0,9.0,1.0482664720517592,0.5749999999999998
2022-07-01,2022-09-30,Zip Code: 98101,All Residential,645000.0,755000.0,737.1794871794871,49.0,67.0,62.0,0.983494304843616,0.1020408163265306
2021-05-01,2021-07-31,Zip Code: 98107,Multi-Family (2-4 Unit),1050000.0,930000.0,441.1764705882353,9.0,10.0,1.0,1.0084617739294943,0.4444444444444444
2017-09-01,2017-11-30,Zip Code: 98102,Townhouse,949990.0,919950.0,620.8053691275168,23.0,21.0,5.0,0.9958459210455388,0.217391304347826
2014-07-01,2014-09-30,Zip Code: 98115,Townhouse,439000.0,452975.0,322.0310067600708,16.0,24.0,10.0,1.007086112848402,0.5625
2022-08-01,2022-10-31,Zip Code: 98102,Townhouse,979900.0,972500.0,729.1704649042844,19.0,14.0,6.0,0.9859130274794732,0.1578947368421052
2014-11-01,2015-01-31,Zip Code: 98119,All Residential,497000.0,474500.0,379.04761904761904,64.0,52.0,28.0,0.9832907014808951,0.203125
2014-07-01,2014-09-30,Zip Code: 98112,Single Family Residential,950000.0,1031900.0,361.1111111111112,71.0,75.0,44.0,1.0221414769558737,0.4225352112676056
2023-10-01,2023-12-31,Zip Code: 98117,Townhouse,780000.0,777400.0,577.6587605202755,41.0,38.0,27.0,0.994944303918749,0.2439024390243902
2016-06-01,2016-08-31,Zip Code: 98134,All Residential,266250.0,995000.0,289.8596856397368,2.0,3.0,3.0,0.9992138364779874,0.0
2012-12-01,2013-02-28,Zip Code: 98122,Townhouse,495000.0,486500.0,294.6428571428572,1.0,12.0,4.0,1.014344262295082,1.0
2018-07-01,2018-09-30,Zip Code: 98118,Condo/Co-op,386500.0,320000.0,506.2146892655367,5.0,7.0,6.0,1.040895238095238,0.5999999999999999
2015-12-01,2016-02-29,Zip Code: 98117,Multi-Family (2-4 Unit),700000.0,1017475.0,200.0,1.0,2.0,2.0,0.9655172413793104,0.0
2015-01-01,2015-03-31,Zip Code: 98136,Multi-Family (2-4 Unit),555000.0,535000.0,152.47252747252747,1.0,1.0,1.0,0.925,0.0
2019-06-01,2019-08-31,Zip Code: 98106,Townhouse,558500.0,537400.0,330.7692307692308,37.0,26.0,31.0,0.995488436813186,0.1081081081081081
2021-04-01,2021-06-30,Zip Code: 98103,Condo/Co-op,445250.0,449000.0,597.0149253731344,62.0,67.0,16.0,1.0233252337025636,0.4838709677419355
2021-07-01,2021-09-30,Zip Code: 98119,Multi-Family (2-4 Unit),1173000.0,1200000.0,492.5742574257426,9.0,5.0,2.0,1.0052750021676418,0.2222222222222222
2016-05-01,2016-07-31,Zip Code: 98121,All Residential,591900.0,499475.0,629.6809986130376,335.0,152.0,50.0,1.0090874275326285,0.1791044776119402
2017-01-01,2017-03-31,Zip Code: 98117,Single Family Residential,741500.0,745000.0,400.0,88.0,97.0,13.0,1.0720726373882885,0.659090909090909
2013-10-01,2013-12-31,Zip Code: 98118,Townhouse,250000.0,284425.0,207.27272727272728,13.0,6.0,4.0,0.9800793970557256,0.0769230769230769
2014-03-01,2014-05-31,Zip Code: 98133,Townhouse,295500.0,319000.0,223.61742424242425,18.0,15.0,9.0,1.0033612116304669,0.3888888888888889
2018-11-01,2019-01-31,Zip Code: 98104,All Residential,497000.0,574500.0,550.0891592086621,10.0,10.0,25.0,0.9706687439848868,0.0
2013-02-01,2013-04-30,Zip Code: 98117,Single Family Residential,461000.0,449500.0,252.6595744680851,99.0,142.0,28.0,1.022188409840442,0.5555555555555555
2017-11-01,2018-01-31,Zip Code: 98116,All Residential,700000.0,699950.0,436.875,83.0,60.0,12.0,1.0063848912981184,0.3734939759036144
2018-12-01,2019-02-28,Zip Code: 98122,Condo/Co-op,486500.0,455000.0,664.1756607695897,40.0,34.0,22.0,0.9814050366837832,0.1499999999999999
2014-02-01,2014-04-30,Zip Code: 98112,Townhouse,462500.0,492475.0,364.4588694852941,4.0,10.0,1.0,1.0388854956924265,0.5
2016-12-01,2017-02-28,Zip Code: 98116,Townhouse,605098.0,581975.0,409.9163121230539,20.0,26.0,5.0,1.0055698608072432,0.25
2022-07-01,2022-09-30,Zip Code: 98119,Multi-Family (2-4 Unit),945000.0,1050000.0,418.141592920354,1.0,3.0,6.0,1.0,0.0
2012-09-01,2012-11-30,Zip Code: 98178,All Residential,198975.0,230000.0,116.26016260162602,52.0,89.0,83.0,0.9752383530173104,0.25
2020-01-01,2020-03-31,Zip Code: 98117,Single Family Residential,879000.0,875000.0,452.3809523809524,83.0,106.0,28.0,1.0486066056315342,0.6144578313253011
2014-12-01,2015-02-28,Zip Code: 98101,All Residential,550000.0,699950.0,490.2694610778443,33.0,39.0,19.0,0.9829376224966178,0.2121212121212121
2012-06-01,2012-08-31,Zip Code: 98117,Multi-Family (2-4 Unit),435000.0,537000.0,186.4406779661017,3.0,4.0,3.0,1.0024596273291926,0.3333333333333333
2021-11-01,2022-01-31,Zip Code: 98133,Condo/Co-op,317500.0,309000.0,391.7834342939893,36.0,23.0,3.0,1.00811646320658,0.3888888888888889
2022-04-01,2022-06-30,Zip Code: 98118,All Residential,837500.0,775000.0,522.5342413050168,162.0,217.0,84.0,1.0712206047312056,0.5617283950617284
2021-10-01,2021-12-31,Zip Code: 98118,Condo/Co-op,375000.0,405000.0,539.3053016453382,9.0,3.0,,0.9665871258633222,0.2222222222222222
2012-11-01,2013-01-31,Zip Code: 98101,All Residential,520000.0,605000.0,563.1108864172566,54.0,47.0,37.0,0.9738109392714804,0.1111111111111111
2015-11-01,2016-01-31,Zip Code: 98144,Single Family Residential,619975.0,599950.0,338.1535278161184,72.0,35.0,16.0,1.0064963302566063,0.2361111111111111
2016-06-01,2016-08-31,Zip Code: 98121,Townhouse,1314800.0,1314800.0,794.441087613293,1.0,1.0,,1.0,0.0
2019-08-01,2019-10-31,Zip Code: 98119,Townhouse,900000.0,825000.0,593.014152783195,30.0,23.0,24.0,1.0007008051584965,0.4333333333333333
2021-09-01,2021-11-30,Zip Code: 98122,Townhouse,789975.0,835000.0,587.5593238415188,62.0,63.0,10.0,1.0096603234365136,0.2741935483870967
2017-07-01,2017-09-30,Zip Code: 98106,Single Family Residential,525000.0,500000.0,322.5806451612903,100.0,95.0,20.0,1.066992368657224,0.5999999999999999
2018-05-01,2018-07-31,Zip Code: 98106,Single Family Residential,584950.0,569000.0,365.38461538461536,95.0,119.0,49.0,1.0550978136942009,0.631578947368421
2013-02-01,2013-04-30,Zip Code: 98134,All Residential,207400.0,5359400.0,177.4833759590793,2.0,2.0,2.0,0.9780487804878047,0.0
2014-06-01,2014-08-31,Zip Code: 98134,All Residential,228000.0,,198.2608695652174,1.0,,,0.9559748427672956,0.0
2014-07-01,2014-09-30,Zip Code: 98103,Single Family Residential,648375.0,599950.0,310.1880720823799,120.0,134.0,31.0,1.0397536772615597,0.5666666666666667
2018-03-01,2018-05-31,Zip Code: 98104,Condo/Co-op,625000.0,695000.0,873.8993710691824,79.0,41.0,14.0,1.0196323832793508,0.2784810126582278
2019-07-01,2019-09-30,Zip Code: 98102,All Residential,540000.0,559980.0,618.1395348837209,118.0,127.0,82.0,0.98633109433827,0.1525423728813559
2012-05-01,2012-07-31,Zip Code: 98101,All Residential,494975.0,545000.0,512.8205128205128,78.0,61.0,58.0,0.9673690277769152,0.0384615384615384
2012-03-01,2012-05-31,Zip Code: 98103,Condo/Co-op,227000.0,219500.0,261.5737923760846,38.0,38.0,34.0,0.9864036609603908,0.263157894736842
2018-07-01,2018-09-30,Zip Code: 98117,Multi-Family (2-4 Unit),960000.0,1150000.0,403.0987394957983,6.0,7.0,3.0,0.9965457719665536,0.3333333333333333
2023-01-01,2023-03-31,Zip Code: 98117,Condo/Co-op,947450.0,699500.0,628.141145795785,4.0,6.0,3.0,1.0164882258292671,0.75
2022-12-01,2023-02-28,Zip Code: 98103,Multi-Family (2-4 Unit),1100000.0,1200000.0,310.7344632768361,1.0,6.0,4.0,0.9565217391304348,0.0
2017-09-01,2017-11-30,Zip Code: 98122,All Residential,722000.0,720000.0,549.3534409225836,152.0,149.0,24.0,1.0428112257878326,0.5657894736842105
2023-04-01,2023-06-30,Zip Code: 98101,Condo/Co-op,695000.0,750000.0,862.3188405797101,53.0,91.0,70.0,0.9737165550963304,0.150943396226415
2020-08-01,2020-10-31,Zip Code: 98134,Condo/Co-op,397000.0,409950.0,345.2173913043478,1.0,1.0,,0.9684107818026588,0.0
2012-02-01,2012-04-30,Zip Code: 98122,Multi-Family (2-4 Unit),370000.0,438050.0,127.14776632302406,1.0,8.0,7.0,0.9762532981530344,0.0
2020-02-01,2020-04-30,Zip Code: 98103,All Residential,760000.0,769000.0,519.4372294372296,181.0,231.0,74.0,1.0236733617263871,0.4475138121546961
2015-06-01,2015-08-31,Zip Code: 98133,All Residential,385000.0,376800.0,240.4526166902405,269.0,261.0,77.0,1.028618273214703,0.5241635687732342
2012-12-01,2013-02-28,Zip Code: 98144,Single Family Residential,420500.0,399900.0,216.61307609860663,44.0,41.0,26.0,0.9993615000096386,0.3409090909090908
2023-10-01,2023-12-31,Zip Code: 98116,Single Family Residential,995000.0,925000.0,562.5,47.0,36.0,17.0,1.0124561575432474,0.3191489361702127
2016-03-01,2016-05-31,Zip Code: 98116,Condo/Co-op,387500.0,371500.0,431.764406779661,16.0,36.0,15.0,1.0233565327060268,0.625
2016-10-01,2016-12-31,Zip Code: 98101,Condo/Co-op,639950.0,737500.0,774.1592817599019,90.0,28.0,7.0,1.003165368888581,0.1444444444444444
2023-09-01,2023-11-30,Zip Code: 98107,All Residential,930000.0,887450.0,583.4135204996132,86.0,92.0,32.0,0.9993301696764898,0.2674418604651162
2012-05-01,2012-07-31,Zip Code: 98136,All Residential,350000.0,399450.0,200.72992700729927,87.0,108.0,56.0,0.9875549014803414,0.2528735632183908
2020-04-01,2020-06-30,Zip Code: 98117,Single Family Residential,885000.0,874975.0,465.9090909090909,113.0,138.0,33.0,1.036185445053069,0.5398230088495574
2021-06-01,2021-08-31,Zip Code: 98112,Multi-Family (2-4 Unit),1250000.0,1800000.0,523.0125523012553,1.0,3.0,1.0,1.25,1.0
2019-06-01,2019-08-31,Zip Code: 98133,Townhouse,469600.0,509000.0,357.1428571428572,15.0,24.0,27.0,0.9917407637601302,0.1333333333333333
2019-07-01,2019-09-30,Zip Code: 98102,Multi-Family (2-4 Unit),1597500.0,1395000.0,509.6321523533271,2.0,1.0,3.0,0.9544444444444444,0.0
2021-10-01,2021-12-31,Zip Code: 98136,Townhouse,672450.0,674950.0,520.6592225357663,26.0,15.0,,1.0077768913810958,0.3076923076923077
2012-02-01,2012-04-30,Zip Code: 98144,All Residential,296500.0,341944.0,189.8215523215524,78.0,104.0,87.0,0.9937403335838098,0.282051282051282
2020-03-01,2020-05-31,Zip Code: 98107,Single Family Residential,929500.0,895000.0,529.6463929318029,42.0,61.0,15.0,1.0198828946586975,0.4523809523809523
2012-02-01,2012-04-30,Zip Code: 98102,Condo/Co-op,261000.0,299375.0,321.0081347878262,38.0,60.0,46.0,0.9567614732895254,0.131578947368421
2015-04-01,2015-06-30,Zip Code: 98112,Multi-Family (2-4 Unit),928000.0,957500.0,361.75990053821215,2.0,4.0,2.0,0.9875182734575164,0.5
2015-06-01,2015-08-31,Zip Code: 98117,All Residential,599033.5,585000.0,324.28513071895424,180.0,170.0,30.0,1.0569075433260275,0.6388888888888888
2021-08-01,2021-10-31,Zip Code: 98106,Condo/Co-op,499950.0,362500.0,485.9611231101512,3.0,6.0,4.0,1.0,0.0
2021-09-01,2021-11-30,Zip Code: 98102,Single Family Residential,1600000.0,1550000.0,566.0377358490566,21.0,20.0,2.0,1.0013626685332797,0.2857142857142857
2017-01-01,2017-03-31,Zip Code: 98117,Multi-Family (2-4 Unit),760000.0,895000.0,655.1086054233537,2.0,3.0,,1.021702838063439,0.5
2018-01-01,2018-03-31,Zip Code: 98121,All Residential,633500.0,599975.0,858.5409252669039,67.0,82.0,20.0,1.0369572474754492,0.4925373134328358
2017-11-01,2018-01-31,Zip Code: 98102,All Residential,875000.0,737000.0,623.0769230769231,93.0,80.0,20.0,1.0092543724564715,0.3440860215053763
2022-09-01,2022-11-30,Zip Code: 98102,Single Family Residential,1676250.0,2145000.0,569.357787943532,14.0,14.0,8.0,0.930871020583589,0.0
2012-04-01,2012-06-30,Zip Code: 98144,Multi-Family (2-4 Unit),270000.0,325000.0,104.65116279069768,1.0,6.0,4.0,0.8307692307692308,0.0
2021-03-01,2021-05-31,Zip Code: 98119,All Residential,1054500.0,1029000.0,598.7069658944657,138.0,165.0,53.0,1.0165000153902624,0.3985507246376811
2014-10-01,2014-12-31,Zip Code: 98119,Single Family Residential,792500.0,898000.0,344.92753623188406,25.0,19.0,15.0,1.0024888794577864,0.44
2016-07-01,2016-09-30,Zip Code: 98112,All Residential,990000.0,925000.0,498.1589147286821,115.0,109.0,51.0,1.020857798969356,0.417391304347826
2016-02-01,2016-04-30,Zip Code: 98102,Condo/Co-op,440000.0,395950.0,534.5911949685535,59.0,90.0,31.0,1.0571040426104308,0.6610169491525423
2018-01-01,2018-03-31,Zip Code: 98178,All Residential,517000.0,459000.0,274.93372866292793,106.0,115.0,40.0,1.0276899176934151,0.4339622641509434
2016-11-01,2017-01-31,Zip Code: 98117,Condo/Co-op,423250.0,,392.61875601434696,2.0,,1.0,0.984631097239759,0.0
2012-08-01,2012-10-31,Zip Code: 98119,Condo/Co-op,250000.0,269000.0,310.89409156123645,29.0,41.0,35.0,0.9958499449572448,0.4137931034482758
2022-10-01,2022-12-31,Zip Code: 98117,Multi-Family (2-4 Unit),1000000.0,1050000.0,522.0994475138122,3.0,1.0,1.0,0.966108966108966,0.0
2020-11-01,2021-01-31,Zip Code: 98136,Condo/Co-op,411800.0,375000.0,426.53900734699744,10.0,7.0,3.0,0.9867666876532372,0.2
2016-10-01,2016-12-31,Zip Code: 98106,Single Family Residential,449950.0,449950.0,266.5615141955836,95.0,83.0,23.0,1.0085348978512638,0.4210526315789473
2021-05-01,2021-07-31,Zip Code: 98116,Condo/Co-op,525000.0,512000.0,576.878612716763,39.0,46.0,20.0,0.995878987301155,0.1794871794871794
2023-07-01,2023-09-30,Zip Code: 98117,Multi-Family (2-4 Unit),1125000.0,1113975.0,359.4249201277956,1.0,2.0,3.0,0.97911227154047,0.0
2014-09-01,2014-11-30,Zip Code: 98104,All Residential,440000.0,314450.0,393.43544857768046,19.0,16.0,12.0,0.975527247437391,0.1578947368421052
2013-07-01,2013-09-30,Zip Code: 98136,Single Family Residential,455000.0,500000.0,240.84577259475216,69.0,75.0,34.0,0.9964162862118842,0.3478260869565217
2022-10-01,2022-12-31,Zip Code: 98119,Single Family Residential,1251750.0,1660000.0,541.5682703177993,28.0,21.0,7.0,0.9834124170547835,0.25
2014-09-01,2014-11-30,Zip Code: 98116,Single Family Residential,532500.0,579000.0,302.08333333333326,71.0,71.0,24.0,1.0068334016585587,0.352112676056338
2015-01-01,2015-03-31,Zip Code: 98105,Multi-Family (2-4 Unit),819500.0,745000.0,272.42101869761444,2.0,5.0,3.0,1.025763759776146,0.5
2018-10-01,2018-12-31,Zip Code: 98144,All Residential,722888.0,719000.0,441.05263157894734,99.0,102.0,61.0,0.9827987843388472,0.1515151515151515
2021-06-01,2021-08-31,Zip Code: 98105,Townhouse,788750.0,794475.0,610.2057928112747,26.0,16.0,3.0,1.0110337190414072,0.3076923076923077
2021-03-01,2021-05-31,Zip Code: 98116,All Residential,861000.0,850000.0,532.8635397692774,160.0,201.0,48.0,1.0661857720050183,0.58125
2013-04-01,2013-06-30,Zip Code: 98107,Condo/Co-op,275000.0,279000.0,320.1793721973094,33.0,50.0,16.0,0.994785079901993,0.2424242424242424
2014-06-01,2014-08-31,Zip Code: 98106,All Residential,312000.0,324500.0,190.17094017094016,113.0,121.0,71.0,1.000383955690867,0.327433628318584
2022-12-01,2023-02-28,Zip Code: 98121,Condo/Co-op,595000.0,580000.0,768.7927107061504,55.0,76.0,56.0,0.9811410408235514,0.0545454545454545
2017-05-01,2017-07-31,Zip Code: 98136,All Residential,690750.0,634950.0,379.53915147223694,104.0,105.0,20.0,1.0556810836490522,0.625
2023-06-01,2023-08-31,Zip Code: 98113,Single Family Residential,1060000.0,,524.7524752475248,1.0,,,1.0241545893719808,1.0
2014-08-01,2014-10-31,Zip Code: 98102,Single Family Residential,875000.0,949500.0,339.1304347826087,15.0,20.0,6.0,0.9864283196348524,0.2
2019-06-01,2019-08-31,Zip Code: 98108,Condo/Co-op,95000.0,500800.0,154.2207792207792,1.0,5.0,6.0,0.7916666666666666,0.0
2015-07-01,2015-09-30,Zip Code: 98136,Single Family Residential,544100.0,571000.0,293.05555555555554,73.0,70.0,24.0,1.0363987507753467,0.4931506849315068
2023-10-01,2023-12-31,Zip Code: 98112,Townhouse,890000.0,799000.0,695.326278659612,5.0,1.0,,0.9717015134674224,0.0
2021-08-01,2021-10-31,Zip Code: 98106,Single Family Residential,698000.0,635000.0,407.3033707865168,83.0,99.0,27.0,1.0477545950522995,0.5783132530120481
2021-03-01,2021-05-31,Zip Code: 98122,Townhouse,775000.0,769950.0,604.1666666666665,63.0,89.0,24.0,1.0128354616942183,0.2539682539682539
2015-03-01,2015-05-31,Zip Code: 98144,Condo/Co-op,306000.0,289500.0,322.7848101265823,13.0,16.0,6.0,0.9943699773370652,0.4615384615384615
2015-02-01,2015-04-30,Zip Code: 98121,All Residential,397137.5,581100.0,516.7435091242162,78.0,223.0,58.0,0.9978085329501664,0.3205128205128205
2021-02-01,2021-04-30,Zip Code: 98107,Single Family Residential,980000.0,985000.0,564.5440251572327,61.0,75.0,12.0,1.0628252303565795,0.540983606557377
2022-03-01,2022-05-31,Zip Code: 98144,Multi-Family (2-4 Unit),833000.0,749950.0,311.37403758143546,4.0,3.0,2.0,1.0961075717814088,1.0
2021-10-01,2021-12-31,Zip Code: 98103,Townhouse,720000.0,750000.0,620.5925208128506,98.0,94.0,11.0,1.00935736729276,0.3265306122448979
2022-02-01,2022-04-30,Zip Code: 98106,Single Family Residential,748352.5,722500.0,496.3008111143894,84.0,104.0,16.0,1.0994563126190988,0.726190476190476
2020-02-01,2020-04-30,Zip Code: 98107,All Residential,768000.0,768000.0,542.2587883320867,119.0,147.0,48.0,1.019585903818384,0.4369747899159663
2014-07-01,2014-09-30,Zip Code: 98112,Multi-Family (2-4 Unit),675000.0,1175000.0,298.6725663716814,1.0,2.0,4.0,0.9642857142857144,0.0
2013-11-01,2014-01-31,Zip Code: 98104,All Residential,389425.0,399000.0,322.99344698462755,12.0,19.0,16.0,0.9747133408927244,0.0833333333333333
2018-09-01,2018-11-30,Zip Code: 98112,All Residential,985000.0,987499.5,548.0300875037717,82.0,88.0,52.0,0.9904239655007552,0.1585365853658536
2013-12-01,2014-02-28,Zip Code: 98117,Townhouse,415282.5,407495.0,284.7908390979084,10.0,10.0,1.0,0.9977289148965992,0.4
2021-10-01,2021-12-31,Zip Code: 98112,Condo/Co-op,515000.0,522000.0,718.475073313783,13.0,14.0,2.0,1.033621451821074,0.4615384615384615
2023-11-01,2024-01-31,Zip Code: 98117,Single Family Residential,975000.0,1075000.0,492.4242424242424,53.0,41.0,15.0,1.0041298250184865,0.3018867924528301
2018-01-01,2018-03-31,Zip Code: 98101,All Residential,903400.0,1075000.0,896.8599033816425,40.0,87.0,46.0,1.013963139604585,0.2999999999999999
2019-03-01,2019-05-31,Zip Code: 98144,All Residential,675000.0,709000.0,475.83892617449663,128.0,173.0,86.0,1.004327484624672,0.2890625
2019-11-01,2020-01-31,Zip Code: 98121,All Residential,578000.0,554750.0,684.2105263157895,79.0,52.0,51.0,0.971339773835536,0.050632911392405
2019-10-01,2019-12-31,Zip Code: 98122,Townhouse,831975.0,779950.0,559.4045064604732,42.0,27.0,10.0,0.9866195658688962,0.0952380952380952
2013-08-01,2013-10-31,Zip Code: 98134,Condo/Co-op,855000.0,219950.0,592.1052631578947,1.0,1.0,1.0,0.951056729699666,0.0
2017-01-01,2017-03-31,Zip Code: 98119,Condo/Co-op,450000.0,450500.0,527.5443510737629,33.0,46.0,12.0,1.0360324639804417,0.606060606060606
2017-10-01,2017-12-31,Zip Code: 98122,Single Family Residential,1061250.0,975000.0,477.43094543004713,54.0,35.0,6.0,1.027977907828883,0.4074074074074073
2023-09-01,2023-11-30,Zip Code: 98102,All Residential,825000.0,789995.0,653.8895152198421,57.0,85.0,47.0,0.9831370535021102,0.175438596491228
2021-03-01,2021-05-31,Zip Code: 98118,Townhouse,652490.0,689888.0,417.5334075723831,42.0,45.0,20.0,1.0057252170072506,0.238095238095238
2023-03-01,2023-05-31,Zip Code: 98136,All Residential,800000.0,825000.0,536.2623762376238,77.0,89.0,16.0,1.0210994915273373,0.4545454545454545
2012-05-01,2012-07-31,Zip Code: 98103,Single Family Residential,517250.0,500000.0,260.37560337892194,132.0,133.0,46.0,1.003637310910275,0.4166666666666666
2021-12-01,2022-02-28,Zip Code: 98133,Condo/Co-op,305000.0,367500.0,395.48022598870057,27.0,20.0,6.0,1.0365405065823476,0.4814814814814814
2021-03-01,2021-05-31,Zip Code: 98133,Townhouse,628250.0,574950.0,459.1189841288294,52.0,63.0,19.0,1.0138823731916102,0.2884615384615384
2012-01-01,2012-03-31,Zip Code: 98101,All Residential,632000.0,560000.0,473.6263736263736,38.0,74.0,54.0,0.9486126650201744,0.0
2014-08-01,2014-10-31,Zip Code: 98133,Single Family Residential,369000.0,375000.0,221.8543046357616,143.0,160.0,81.0,1.003363558006466,0.3636363636363636
2013-02-01,2013-04-30,Zip Code: 98118,All Residential,318100.0,324925.0,172.90392804093085,110.0,150.0,84.0,1.0072772620656925,0.4181818181818181
2021-04-01,2021-06-30,Zip Code: 98107,Townhouse,820000.0,785000.0,575.6997455470738,85.0,90.0,18.0,1.0234003174063209,0.4
2017-03-01,2017-05-31,Zip Code: 98103,All Residential,684750.0,668888.0,480.5258369138512,234.0,245.0,34.0,1.089163832539582,0.7136752136752136
2012-07-01,2012-09-30,Zip Code: 98101,Condo/Co-op,514500.0,499000.0,525.4201680672269,48.0,57.0,60.0,0.9692748741646424,0.0833333333333333
2012-04-01,2012-06-30,Zip Code: 98107,Multi-Family (2-4 Unit),445000.0,519950.0,186.74339300937768,2.0,7.0,3.0,0.991049104910491,0.0
2022-10-01,2022-12-31,Zip Code: 98133,Townhouse,565000.0,689900.0,464.940668824164,14.0,29.0,29.0,0.9895830332448436,0.2142857142857142
2022-01-01,2022-03-31,Zip Code: 98112,Condo/Co-op,1025000.0,925000.0,984.251968503937,11.0,17.0,8.0,1.0409623763525104,0.4545454545454545
2012-07-01,2012-09-30,Zip Code: 98119,Townhouse,420000.0,474950.0,280.6372549019608,9.0,15.0,6.0,0.9956450513796749,0.2222222222222222
2015-09-01,2015-11-30,Zip Code: 98117,Single Family Residential,594000.0,589000.0,324.12688078703707,134.0,129.0,13.0,1.0441859362650576,0.5970149253731342
2022-05-01,2022-07-31,Zip Code: 98136,Single Family Residential,1120000.0,1079000.0,539.7923875432526,69.0,83.0,29.0,1.1037137135950572,0.7391304347826086
2019-01-01,2019-03-31,Zip Code: 98134,Single Family Residential,660000.0,,331.65829145728645,1.0,,,0.9777777777777776,0.0
2016-03-01,2016-05-31,Zip Code: 98102,All Residential,525000.0,499000.0,512.1428571428571,110.0,137.0,42.0,1.0442498796567632,0.5454545454545454
2012-04-01,2012-06-30,Zip Code: 98117,All Residential,425750.0,425000.0,244.31893956232696,134.0,164.0,77.0,1.009612886613936,0.4626865671641791
2021-10-01,2021-12-31,Zip Code: 98122,Multi-Family (2-4 Unit),1127500.0,1234500.0,530.5158466312057,6.0,6.0,6.0,0.9814525460983908,0.3333333333333333
2018-10-01,2018-12-31,Zip Code: 98103,Multi-Family (2-4 Unit),825000.0,1399950.0,372.9166666666666,3.0,7.0,7.0,0.9506188584422132,0.3333333333333333
2014-11-01,2015-01-31,Zip Code: 98117,Multi-Family (2-4 Unit),850000.0,,262.34567901234567,3.0,,,0.9888653353814644,0.0
2016-08-01,2016-10-31,Zip Code: 98103,Condo/Co-op,352500.0,350000.0,433.58504358916525,46.0,47.0,11.0,1.0264382318470884,0.5652173913043477
2014-05-01,2014-07-31,Zip Code: 98116,Townhouse,400750.0,427500.0,305.8406285736819,10.0,14.0,3.0,0.9938354129340964,0.2999999999999999
2014-07-01,2014-09-30,Zip Code: 98108,Multi-Family (2-4 Unit),157049.0,,72.70787037037037,1.0,,,1.0469933333333334,1.0
2023-07-01,2023-09-30,Zip Code: 98116,Townhouse,798194.0,824950.0,563.4974214721051,14.0,13.0,7.0,1.0019355462895347,0.2857142857142857
2016-03-01,2016-05-31,Zip Code: 98144,Single Family Residential,627500.0,644000.0,350.59580309094025,60.0,94.0,26.0,1.053128384773663,0.5
2020-04-01,2020-06-30,Zip Code: 98115,Single Family Residential,875000.0,859999.0,471.13071371291096,153.0,165.0,32.0,1.0287423690679562,0.5294117647058822
2017-10-01,2017-12-31,Zip Code: 98144,Multi-Family (2-4 Unit),800000.0,825000.0,405.4726368159204,4.0,4.0,1.0,0.9940119760479044,0.0
2013-09-01,2013-11-30,Zip Code: 98118,Multi-Family (2-4 Unit),412500.0,457475.0,214.09168890583305,2.0,2.0,6.0,0.9615384615384616,0.0
2023-06-01,2023-08-31,Zip Code: 98102,Townhouse,1250000.0,1070000.0,751.2146341463415,3.0,8.0,6.0,0.9937106918238992,0.0
2017-04-01,2017-06-30,Zip Code: 98112,Multi-Family (2-4 Unit),919000.0,910000.0,353.7735849056604,3.0,3.0,,1.1276053113553113,0.6666666666666666
2016-06-01,2016-08-31,Zip Code: 98112,Single Family Residential,1250000.0,1090000.0,477.6756027221047,86.0,89.0,24.0,1.0441860366941145,0.5116279069767442
2014-04-01,2014-06-30,Zip Code: 98194,Condo/Co-op,539000.0,,386.93467336683415,1.0,,,0.9808917197452228,0.0
2023-01-01,2023-03-31,Zip Code: 98122,Single Family Residential,985000.0,962250.0,554.8347425519887,48.0,44.0,19.0,1.0082743383424049,0.25
2018-06-01,2018-08-31,Zip Code: 98107,All Residential,775000.0,745000.0,567.7086992155486,120.0,147.0,46.0,1.0344840453979158,0.4916666666666666
2018-05-01,2018-07-31,Zip Code: 98112,Single Family Residential,1395000.0,1280000.0,620.7428240483633,94.0,111.0,32.0,1.0228656886250782,0.425531914893617
2015-04-01,2015-06-30,Zip Code: 98144,Townhouse,452000.0,469000.0,316.57258847674206,38.0,31.0,7.0,1.0359476709806812,0.631578947368421
2013-12-01,2014-02-28,Zip Code: 98136,Condo/Co-op,235000.0,190000.0,250.67144136078784,5.0,7.0,7.0,1.004300774431779,0.2
2015-05-01,2015-07-31,Zip Code: 98103,Single Family Residential,672500.0,636000.0,351.1559378185525,146.0,132.0,23.0,1.087052935285788,0.7465753424657534
2017-07-01,2017-09-30,Zip Code: 98112,Single Family Residential,1300000.0,1296975.0,518.7963433214829,68.0,76.0,32.0,1.0366327917949167,0.4852941176470588
2016-02-01,2016-04-30,Zip Code: 98136,Single Family Residential,590000.0,600000.0,360.8247422680412,49.0,70.0,17.0,1.043258647121062,0.6122448979591836
2013-12-01,2014-02-28,Zip Code: 98121,Condo/Co-op,372500.0,507000.0,462.94702974152096,50.0,101.0,55.0,0.9787080752142764,0.16
2023-06-01,2023-08-31,Zip Code: 98144,All Residential,729950.0,699950.0,553.8071065989848,137.0,154.0,78.0,1.0031183539691413,0.2262773722627737
2015-12-01,2016-02-29,Zip Code: 98103,All Residential,606542.0,572000.0,367.3003802281369,141.0,142.0,40.0,1.0472906522456933,0.5460992907801419
2015-10-01,2015-12-31,Zip Code: 98101,All Residential,584000.0,614950.0,624.7351352566589,44.0,51.0,48.0,0.9899653053460432,0.1818181818181818
2018-09-01,2018-11-30,Zip Code: 98115,Townhouse,724999.0,734880.0,501.1764705882353,13.0,17.0,14.0,0.9928412941448226,0.1538461538461538
2019-06-01,2019-08-31,Zip Code: 98134,All Residential,543000.0,559000.0,707.03125,1.0,1.0,,0.9713774597495528,0.0
2017-05-01,2017-07-31,Zip Code: 98122,Multi-Family (2-4 Unit),1155000.0,1155000.0,395.4860918767064,6.0,5.0,1.0,1.1870599154573862,0.6666666666666666
2017-02-01,2017-04-30,Zip Code: 98102,Townhouse,959500.0,983975.0,587.2498064266356,16.0,18.0,3.0,0.9932436256858844,0.0625
2021-02-01,2021-04-30,Zip Code: 98117,Single Family Residential,960000.0,899950.0,542.5373134328358,141.0,185.0,18.0,1.1114873613446867,0.7163120567375886
2018-08-01,2018-10-31,Zip Code: 98105,All Residential,980000.0,899250.0,478.06004618937646,97.0,108.0,47.0,1.001970538575352,0.2886597938144329
2013-01-01,2013-03-31,Zip Code: 98118,All Residential,272000.0,324975.0,164.7058823529412,109.0,128.0,74.0,1.0048486019203977,0.3669724770642202
2022-03-01,2022-05-31,Zip Code: 98102,Single Family Residential,1499950.0,1937500.0,625.0,15.0,24.0,11.0,1.02968588102778,0.4666666666666666
2022-05-01,2022-07-31,Zip Code: 98199,Multi-Family (2-4 Unit),1330000.0,1314950.0,499.31992903607335,2.0,2.0,1.0,1.020418816015721,0.5
2021-04-01,2021-06-30,Zip Code: 98125,Single Family Residential,892500.0,799000.0,497.4940307248728,138.0,161.0,14.0,1.1360386884592006,0.8550724637681159
2012-10-01,2012-12-31,Zip Code: 98134,All Residential,204500.0,,174.3048970560987,2.0,,1.0,0.9641942309834056,0.0
2023-11-01,2024-01-31,Zip Code: 98119,Condo/Co-op,517950.0,723750.0,554.6425636811832,15.0,16.0,11.0,0.992461354721193,0.1333333333333333
2016-04-01,2016-06-30,Zip Code: 98144,All Residential,592475.0,577475.0,368.338232892373,130.0,192.0,50.0,1.0498953905959263,0.5615384615384615
2015-11-01,2016-01-31,Zip Code: 98119,All Residential,685000.0,714475.0,396.97542533081287,83.0,60.0,27.0,1.026125037002931,0.5060240963855421
2022-10-01,2022-12-31,Zip Code: 98119,Multi-Family (2-4 Unit),1117500.0,,349.86772486772486,2.0,,2.0,0.9352179968618324,0.0
2017-09-01,2017-11-30,Zip Code: 98144,Condo/Co-op,385000.0,386975.0,460.8294930875576,13.0,10.0,2.0,1.0252919177534443,0.6153846153846154
2022-02-01,2022-04-30,Zip Code: 98108,Single Family Residential,760000.0,749880.0,467.2489082969432,49.0,65.0,13.0,1.0875317076804956,0.7959183673469387
2013-06-01,2013-08-31,Zip Code: 98107,Single Family Residential,487500.0,499950.0,283.43023255813955,53.0,55.0,15.0,1.0232724865998613,0.5660377358490565
2016-07-01,2016-09-30,Zip Code: 98175,All Residential,279000.0,469900.0,293.0672268907564,1.0,1.0,,1.213571117877338,1.0
2018-10-01,2018-12-31,Zip Code: 98117,Condo/Co-op,698500.0,549750.0,534.0214067278288,5.0,2.0,1.0,0.9619809739815988,0.0
2016-05-01,2016-07-31,Zip Code: 98118,Condo/Co-op,234500.0,279735.0,299.0708674042008,6.0,8.0,1.0,1.06574230494279,1.0
2020-03-01,2020-05-31,Zip Code: 98199,Single Family Residential,1205000.0,1195000.0,472.0,71.0,92.0,29.0,1.0138408912900807,0.4084507042253521
2013-03-01,2013-05-31,Zip Code: 98118,Multi-Family (2-4 Unit),386000.0,387500.0,136.87782805429865,3.0,4.0,4.0,1.0690167266646529,1.0
2012-08-01,2012-10-31,Zip Code: 98175,All Residential,402500.0,,167.7022260633949,2.0,,,0.9561403508771928,0.0
2022-12-01,2023-02-28,Zip Code: 98115,Single Family Residential,955000.0,881500.0,526.539889870662,78.0,60.0,24.0,0.9965307806443808,0.282051282051282
2018-01-01,2018-03-31,Zip Code: 98112,Condo/Co-op,612550.0,742475.0,673.9954607934021,6.0,12.0,3.0,1.035776167731142,0.3333333333333333
2014-07-01,2014-09-30,Zip Code: 98136,Single Family Residential,499950.0,519000.0,270.0729927007299,57.0,81.0,38.0,0.9892775312661864,0.263157894736842
2017-06-01,2017-08-31,Zip Code: 98133,Townhouse,517500.0,499975.0,403.598971722365,27.0,38.0,4.0,1.072806648827361,0.5925925925925924
2020-12-01,2021-02-28,Zip Code: 98101,All Residential,689000.0,650000.0,810.1851851851853,65.0,69.0,60.0,0.9850836793793128,0.2153846153846154
2015-12-01,2016-02-29,Zip Code: 98119,Townhouse,705975.0,704950.0,441.5432575628995,16.0,14.0,2.0,1.0156641357289065,0.4375
2015-03-01,2015-05-31,Zip Code: 98119,Single Family Residential,857500.0,937500.0,372.8070175438597,36.0,54.0,12.0,1.0261605274227454,0.5277777777777777
2015-09-01,2015-11-30,Zip Code: 98104,Condo/Co-op,329000.0,625000.0,408.57142857142856,15.0,19.0,18.0,0.9723055941683209,0.2666666666666666
2014-11-01,2015-01-31,Zip Code: 98103,All Residential,490500.0,477450.0,320.26124602689964,142.0,96.0,26.0,1.004277270703965,0.352112676056338
2015-03-01,2015-05-31,Zip Code: 98134,All Residential,180000.0,,238.7267904509284,1.0,,,1.0,0.0
2015-07-01,2015-09-30,Zip Code: 98115,All Residential,588000.0,575000.0,325.0766871165644,240.0,246.0,61.0,1.050096645691932,0.5958333333333333
2019-06-01,2019-08-31,Zip Code: 98102,Condo/Co-op,449975.0,449975.0,642.2696219580844,76.0,102.0,55.0,0.9857552233279964,0.1447368421052631
2014-01-01,2014-03-31,Zip Code: 98108,Townhouse,347400.0,289950.0,225.34720331136648,10.0,25.0,13.0,1.0141615835776618,0.5
2021-02-01,2021-04-30,Zip Code: 98136,Single Family Residential,844500.0,825000.0,462.3376623376623,71.0,92.0,15.0,1.0741085176782244,0.647887323943662
2018-06-01,2018-08-31,Zip Code: 98178,Condo/Co-op,143000.0,179000.0,212.94642857142856,3.0,2.0,1.0,1.0248484466271983,0.6666666666666666
2016-07-01,2016-09-30,Zip Code: 98116,Condo/Co-op,375000.0,370000.0,455.55555555555554,49.0,43.0,14.0,1.0056274803127283,0.3673469387755102
2013-01-01,2013-03-31,Zip Code: 98122,All Residential,407000.0,467000.0,301.01522842639594,95.0,136.0,44.0,0.9968621865286804,0.3789473684210526
2012-06-01,2012-08-31,Zip Code: 98107,Single Family Residential,464000.0,499919.0,234.9128122968329,54.0,30.0,10.0,1.0041426722060776,0.3518518518518518
2018-03-01,2018-05-31,Zip Code: 98107,Townhouse,856500.0,795000.0,578.8048200533208,48.0,46.0,4.0,1.040445701074446,0.4583333333333333
2020-12-01,2021-02-28,Zip Code: 98177,Townhouse,565000.0,609975.0,362.5730994152047,7.0,4.0,1.0,0.9963801148487846,0.1428571428571428
2018-02-01,2018-04-30,Zip Code: 98117,All Residential,844500.0,779000.0,484.49612403100775,130.0,181.0,36.0,1.106361096221382,0.7384615384615385
2018-03-01,2018-05-31,Zip Code: 98175,Townhouse,350000.0,,346.8780971258672,1.0,,,1.0954616588419406,1.0
2019-11-01,2020-01-31,Zip Code: 98122,Single Family Residential,914000.0,1194500.0,478.5340314136126,55.0,31.0,16.0,0.9942187768905149,0.309090909090909
2018-01-01,2018-03-31,Zip Code: 98144,Townhouse,715000.0,699950.0,470.97634542986987,32.0,37.0,5.0,1.0327284438720932,0.40625
2021-11-01,2022-01-31,Zip Code: 98119,Townhouse,939950.0,934975.0,690.1408450704225,17.0,10.0,1.0,1.0032425272393743,0.1176470588235294
2021-12-01,2022-02-28,Zip Code: 98117,All Residential,889875.0,922450.0,583.608042223912,114.0,122.0,19.0,1.056690223984022,0.5263157894736841
2018-04-01,2018-06-30,Zip Code: 98102,Multi-Family (2-4 Unit),1995000.0,1940000.0,545.4545454545455,5.0,6.0,1.0,1.0004183384005665,0.5999999999999999
2013-12-01,2014-02-28,Zip Code: 98144,Multi-Family (2-4 Unit),515000.0,737000.0,205.0,3.0,2.0,2.0,0.9821835220783388,0.0
2016-07-01,2016-09-30,Zip Code: 98118,All Residential,465000.0,460000.0,296.0122699386503,164.0,227.0,87.0,1.0373365030636288,0.5365853658536585
2021-09-01,2021-11-30,Zip Code: 98119,Multi-Family (2-4 Unit),1351751.0,1550000.0,498.7474505396858,4.0,1.0,,1.0635499772948025,0.5
2018-12-01,2019-02-28,Zip Code: 98178,Multi-Family (2-4 Unit),500000.0,899000.0,253.4986225895317,2.0,1.0,1.0,0.9565548228132472,0.0
2013-08-01,2013-10-31,Zip Code: 98118,Condo/Co-op,222750.0,172450.0,251.7126405264601,4.0,6.0,4.0,0.9889330856605422,0.25
2020-08-01,2020-10-31,Zip Code: 98178,Multi-Family (2-4 Unit),775000.0,599000.0,201.82291666666663,1.0,1.0,,1.0,0.0
2022-02-01,2022-04-30,Zip Code: 98101,All Residential,750000.0,719900.0,841.5448798988621,81.0,115.0,55.0,0.9995353303974996,0.2716049382716049
2020-04-01,2020-06-30,Zip Code: 98106,All Residential,548984.0,574000.0,376.0,79.0,131.0,65.0,1.0162243320515136,0.4810126582278481
2014-03-01,2014-05-31,Zip Code: 98108,Condo/Co-op,350000.0,259000.0,225.80645161290323,1.0,1.0,1.0,0.945945945945946,0.0
2020-02-01,2020-04-30,Zip Code: 98102,Multi-Family (2-4 Unit),1625000.0,1625000.0,457.36943305595247,2.0,2.0,2.0,1.0,0.0
2013-04-01,2013-06-30,Zip Code: 98122,Multi-Family (2-4 Unit),485037.0,552000.0,214.28571428571428,3.0,8.0,5.0,1.0408861801831086,0.6666666666666666
2021-08-01,2021-10-31,Zip Code: 98102,Condo/Co-op,480000.0,525000.0,646.3873325213153,71.0,71.0,29.0,0.993512636490472,0.2253521126760563
2023-06-01,2023-08-31,Zip Code: 98144,Multi-Family (2-4 Unit),1000000.0,1000000.0,367.1071953010279,5.0,3.0,1.0,1.0143029276450868,0.4
2019-11-01,2020-01-31,Zip Code: 98121,Condo/Co-op,581500.0,550000.0,683.0143540669857,78.0,51.0,51.0,0.9709723350385558,0.0512820512820512
2018-06-01,2018-08-31,Zip Code: 98136,Condo/Co-op,417450.0,389950.0,468.4024499151385,8.0,13.0,8.0,1.003949640067726,0.25
2014-05-01,2014-07-31,Zip Code: 98101,All Residential,525000.0,589000.0,543.3130699088146,49.0,77.0,39.0,0.986266195947826,0.2857142857142857
2015-06-01,2015-08-31,Zip Code: 98102,Condo/Co-op,391000.0,380000.0,462.1848739495799,73.0,67.0,18.0,1.0218359524310914,0.4794520547945205
2015-09-01,2015-11-30,Zip Code: 98101,All Residential,817100.0,609950.0,720.8931419457734,61.0,63.0,55.0,0.9972769019940833,0.1475409836065573
2020-06-01,2020-08-31,Zip Code: 98136,Condo/Co-op,417500.0,427000.0,437.2448979591837,11.0,14.0,8.0,0.9867165250089172,0.2727272727272727
2012-03-01,2012-05-31,Zip Code: 98122,Townhouse,402500.0,379000.0,280.0,20.0,13.0,6.0,0.9794208083293616,0.2999999999999999
2013-09-01,2013-11-30,Zip Code: 98117,Condo/Co-op,307500.0,282450.0,349.9202901899173,8.0,8.0,6.0,0.996569754403803,0.125
2014-07-01,2014-09-30,Zip Code: 98103,Townhouse,455000.0,431975.0,323.52941176470586,41.0,46.0,13.0,1.011377740378241,0.4634146341463414
2013-05-01,2013-07-31,Zip Code: 98102,Multi-Family (2-4 Unit),710000.0,849000.0,324.4897959183673,3.0,5.0,4.0,1.0927657896527725,0.3333333333333333
2014-07-01,2014-09-30,Zip Code: 98106,All Residential,300000.0,299975.0,184.21052631578948,109.0,124.0,71.0,0.9976532226757984,0.3302752293577981
2016-05-01,2016-07-31,Zip Code: 98119,Townhouse,715000.0,771944.0,463.2911054094505,12.0,18.0,6.0,1.02201045391105,0.4166666666666666
2019-03-01,2019-05-31,Zip Code: 98117,Condo/Co-op,445000.0,547500.0,509.5202682793361,6.0,9.0,6.0,0.9684080731721698,0.0
2013-07-01,2013-09-30,Zip Code: 98108,Multi-Family (2-4 Unit),315000.0,,145.83333333333334,1.0,,,0.984375,0.0
2016-09-01,2016-11-30,Zip Code: 98106,Single Family Residential,455000.0,449950.0,263.1578947368421,83.0,92.0,18.0,1.017076186095124,0.4939759036144578
2016-09-01,2016-11-30,Zip Code: 98177,Townhouse,373500.0,392475.0,276.616810617232,4.0,2.0,,1.0368095797776082,0.75
2022-03-01,2022-05-31,Zip Code: 98103,Townhouse,823500.0,820000.0,673.5335437721841,126.0,114.0,14.0,1.0562053245608654,0.5714285714285714
2020-06-01,2020-08-31,Zip Code: 98118,Townhouse,559950.0,677490.0,422.7132974634896,27.0,54.0,30.0,0.9923102122464303,0.3703703703703703
2014-01-01,2014-03-31,Zip Code: 98106,Townhouse,252000.0,259900.0,177.01863354037266,19.0,30.0,19.0,0.9984867006039174,0.3157894736842105
2019-08-01,2019-10-31,Zip Code: 98103,Condo/Co-op,399950.0,399950.0,632.4972737186478,35.0,37.0,36.0,0.9993278205642292,0.2
2021-07-01,2021-09-30,Zip Code: 98122,All Residential,769950.0,849000.0,587.8467635402906,189.0,192.0,79.0,1.0089242638665463,0.3121693121693121
2021-08-01,2021-10-31,Zip Code: 98116,Townhouse,734950.0,725000.0,525.6881598793364,38.0,29.0,7.0,1.0152812200353014,0.3684210526315789
2014-07-01,2014-09-30,Zip Code: 98122,Condo/Co-op,273750.0,289500.0,380.8294741410322,50.0,63.0,33.0,1.0007716023986355,0.28
2015-01-01,2015-03-31,Zip Code: 98102,Townhouse,762500.0,720475.0,459.49759437453736,8.0,4.0,2.0,1.0231876748462363,0.375
2022-02-01,2022-04-30,Zip Code: 98144,Townhouse,808550.0,796950.0,588.4917175239756,61.0,84.0,34.0,1.0357377090520676,0.4426229508196721
2021-02-01,2021-04-30,Zip Code: 98103,Multi-Family (2-4 Unit),986000.0,1050000.0,420.353982300885,11.0,11.0,5.0,0.9775106463148834,0.2727272727272727
2018-01-01,2018-03-31,Zip Code: 98115,Multi-Family (2-4 Unit),1020000.0,1412500.0,489.7094430992736,4.0,6.0,2.0,0.990167178687518,0.25
2016-02-01,2016-04-30,Zip Code: 98101,Single Family Residential,270000.0,270000.0,212.26415094339623,1.0,1.0,,1.0,0.0
2016-06-01,2016-08-31,Zip Code: 98116,Condo/Co-op,354578.0,350000.0,458.59309327340407,50.0,39.0,6.0,1.01423565462007,0.4199999999999999
2022-02-01,2022-04-30,Zip Code: 98175,All Residential,865000.0,685000.0,624.5487364620939,1.0,1.0,,1.2627737226277371,1.0
2014-12-01,2015-02-28,Zip Code: 98115,Townhouse,455950.0,539000.0,344.6969696969697,19.0,13.0,3.0,1.004252693641547,0.2105263157894736
2020-10-01,2020-12-31,Zip Code: 98133,All Residential,600000.0,625000.0,382.8435615416553,206.0,181.0,45.0,1.0096147064695404,0.3398058252427184
2022-02-01,2022-04-30,Zip Code: 98136,All Residential,970000.0,869500.0,574.2574257425742,83.0,110.0,14.0,1.1266407620013743,0.7590361445783133
2022-06-01,2022-08-31,Zip Code: 98103,Condo/Co-op,505000.0,492475.0,655.8641975308642,65.0,62.0,12.0,0.9957454291860393,0.2461538461538461
2023-07-01,2023-09-30,Zip Code: 98119,Multi-Family (2-4 Unit),1000000.0,1512500.0,496.031746031746,1.0,2.0,3.0,1.0116337885685385,1.0
2018-11-01,2019-01-31,Zip Code: 98119,Condo/Co-op,460000.0,517450.0,546.218487394958,23.0,26.0,28.0,0.9734668283782304,0.0434782608695652
2016-08-01,2016-10-31,Zip Code: 98107,Single Family Residential,755000.0,759475.0,436.78446261682245,59.0,42.0,8.0,1.0276490032541186,0.4576271186440678
2023-08-01,2023-10-31,Zip Code: 98136,Condo/Co-op,437500.0,387250.0,608.6171310629513,6.0,6.0,1.0,1.0009614143760486,0.1666666666666666
2014-07-01,2014-09-30,Zip Code: 98134,Condo/Co-op,228000.0,199500.0,198.2608695652174,1.0,2.0,2.0,0.9559748427672956,0.0
2019-10-01,2019-12-31,Zip Code: 98119,All Residential,872000.0,799950.0,529.9764705882353,100.0,74.0,37.0,0.9860797988121353,0.22
2022-10-01,2022-12-31,Zip Code: 98133,Condo/Co-op,332000.0,335000.0,457.4341772316157,20.0,22.0,11.0,0.9755260435397384,0.1
2019-10-01,2019-12-31,Zip Code: 98133,Multi-Family (2-4 Unit),701000.0,995000.0,236.6622258659561,4.0,5.0,1.0,1.0060502544471328,0.5
2018-11-01,2019-01-31,Zip Code: 98119,All Residential,790000.0,799950.0,546.927374301676,55.0,68.0,64.0,0.9798000894023832,0.109090909090909
2017-04-01,2017-06-30,Zip Code: 98112,Condo/Co-op,510975.0,599000.0,670.745748700992,18.0,19.0,3.0,1.0541572105289434,0.5555555555555555
2015-10-01,2015-12-31,Zip Code: 98102,Townhouse,862475.0,849950.0,495.4007500093518,22.0,15.0,4.0,1.0003283766148008,0.1363636363636363
2016-11-01,2017-01-31,Zip Code: 98178,Single Family Residential,377000.0,400000.0,214.6953405017921,73.0,53.0,22.0,0.9939707577710788,0.273972602739726
2020-12-01,2021-02-28,Zip Code: 98144,All Residential,702500.0,664475.0,518.8651335253047,108.0,130.0,54.0,1.0115750558663363,0.2962962962962962
2020-10-01,2020-12-31,Zip Code: 98133,Multi-Family (2-4 Unit),735000.0,1017000.0,353.0487804878049,3.0,2.0,3.0,0.9755396283023586,0.0
2021-02-01,2021-04-30,Zip Code: 98122,Townhouse,795000.0,779950.0,604.7699849170438,58.0,77.0,21.0,1.0107543950793485,0.3275862068965517
2020-07-01,2020-09-30,Zip Code: 98103,Single Family Residential,925000.0,899999.0,519.4805194805193,175.0,209.0,46.0,1.0415737474879407,0.5028571428571428
2013-10-01,2013-12-31,Zip Code: 98117,Multi-Family (2-4 Unit),630000.0,564950.0,253.62318840579707,1.0,2.0,,1.0000793713786809,1.0
2019-01-01,2019-03-31,Zip Code: 98134,Condo/Co-op,397250.0,387000.0,304.3478260869565,3.0,2.0,,0.9763574613493352,0.3333333333333333
2015-08-01,2015-10-31,Zip Code: 98136,Condo/Co-op,290000.0,335000.0,315.7439446366782,15.0,13.0,5.0,1.0073722092658608,0.3333333333333333
2013-03-01,2013-05-31,Zip Code: 98144,Townhouse,320000.0,349950.0,215.91426771348264,21.0,29.0,13.0,1.003925277220977,0.4761904761904761
2022-12-01,2023-02-28,Zip Code: 98118,Condo/Co-op,463000.0,491973.5,611.0420718968376,6.0,2.0,3.0,0.9638039361842812,0.0
2023-09-01,2023-11-30,Zip Code: 98119,Condo/Co-op,457500.0,594000.0,595.2852664875475,24.0,28.0,20.0,0.985370969968555,0.0416666666666666
2022-12-01,2023-02-28,Zip Code: 98117,All Residential,800000.0,839925.0,523.9550842170929,91.0,60.0,23.0,0.9934027928637722,0.2967032967032967
2016-10-01,2016-12-31,Zip Code: 98117,Single Family Residential,699940.0,699990.0,361.24949979991993,138.0,81.0,14.0,1.0307719743907722,0.4710144927536231
2021-08-01,2021-10-31,Zip Code: 98102,Single Family Residential,1522500.0,1868988.0,600.1386130537584,22.0,17.0,7.0,1.0243725747695076,0.4090909090909091
2015-04-01,2015-06-30,Zip Code: 98122,Condo/Co-op,338385.0,325000.0,496.79162445119886,68.0,79.0,11.0,1.0439719061424282,0.6323529411764705
2023-07-01,2023-09-30,Zip Code: 98103,Multi-Family (2-4 Unit),1550000.0,1599995.0,568.5185185185185,5.0,9.0,6.0,1.0012414686445013,0.5999999999999999
2013-11-01,2014-01-31,Zip Code: 98102,All Residential,317000.0,321750.0,372.79531128117554,78.0,62.0,37.0,0.9957066743294124,0.2564102564102563
2020-08-01,2020-10-31,Zip Code: 98103,Townhouse,683500.0,699970.0,522.167487684729,101.0,116.0,33.0,1.0051987267978233,0.3069306930693069
2015-03-01,2015-05-31,Zip Code: 98106,All Residential,330000.0,339495.0,217.86248639825897,138.0,134.0,29.0,1.0246955458862588,0.5289855072463768
2023-03-01,2023-05-31,Zip Code: 98106,Townhouse,585000.0,619950.0,448.2758620689655,27.0,27.0,18.0,0.9991620918869424,0.1851851851851851
2014-11-01,2015-01-31,Zip Code: 98116,All Residential,515000.0,525000.0,302.08333333333326,97.0,71.0,36.0,0.9918244964678394,0.2268041237113402
2015-02-01,2015-04-30,Zip Code: 98122,Multi-Family (2-4 Unit),546000.0,617500.0,301.3245033112583,5.0,6.0,1.0,0.9955173994540084,0.5999999999999999
2014-04-01,2014-06-30,Zip Code: 98102,Multi-Family (2-4 Unit),1095000.0,975000.0,318.87755102040813,3.0,3.0,1.0,1.045360329180126,0.3333333333333333
2023-03-01,2023-05-31,Zip Code: 98178,Multi-Family (2-4 Unit),922500.0,1045000.0,333.2172119725768,2.0,1.0,1.0,0.9820627802690582,0.0
2022-06-01,2022-08-31,Zip Code: 98119,All Residential,942500.0,937000.0,682.4527324527324,94.0,120.0,52.0,0.999226960966552,0.2553191489361701
2015-08-01,2015-10-31,Zip Code: 98122,All Residential,550000.0,549975.0,411.31105398457584,159.0,160.0,46.0,1.0378272720503383,0.5283018867924528
2021-10-01,2021-12-31,Zip Code: 98118,All Residential,699450.0,694000.0,460.0736885865457,206.0,124.0,21.0,1.0274586214457269,0.4223300970873786
2020-03-01,2020-05-31,Zip Code: 98133,Single Family Residential,649800.0,649875.0,387.5968992248062,95.0,136.0,35.0,1.0296888105551534,0.4947368421052631
2015-06-01,2015-08-31,Zip Code: 98117,Multi-Family (2-4 Unit),767750.0,888000.0,234.22043891254503,4.0,3.0,1.0,1.0630926368154867,0.75
2016-07-01,2016-09-30,Zip Code: 98116,Townhouse,599995.0,639990.0,408.591030789826,26.0,41.0,18.0,1.0182671857837966,0.423076923076923
2022-06-01,2022-08-31,Zip Code: 98122,Townhouse,950000.0,899950.0,657.0952380952381,33.0,49.0,25.0,1.00440284515394,0.2424242424242424
2016-12-01,2017-02-28,Zip Code: 98119,Condo/Co-op,452853.5,510000.0,469.454226037404,26.0,31.0,10.0,1.0352432141084429,0.5769230769230768
2013-07-01,2013-09-30,Zip Code: 98102,All Residential,384900.0,380000.0,371.82852143482063,83.0,115.0,71.0,1.0016293547940405,0.3493975903614458
2017-03-01,2017-05-31,Zip Code: 98102,Townhouse,983000.0,997000.0,604.777713625866,16.0,17.0,4.0,1.0079518325904313,0.25
2017-07-01,2017-09-30,Zip Code: 98103,Multi-Family (2-4 Unit),902500.0,926225.0,334.21985815602835,7.0,8.0,2.0,0.9736591710103352,0.2857142857142857
2012-10-01,2012-12-31,Zip Code: 98104,Condo/Co-op,300000.0,399875.0,278.57142857142856,19.0,14.0,12.0,0.992333685224404,0.2105263157894736
2017-05-01,2017-07-31,Zip Code: 98122,Condo/Co-op,479100.0,394000.0,641.9939577039275,67.0,68.0,7.0,1.0838537738081553,0.8208955223880597
2014-07-01,2014-09-30,Zip Code: 98178,Single Family Residential,277554.0,292450.0,163.77551020408163,79.0,118.0,86.0,0.9980774144471144,0.3037974683544303
2013-02-01,2013-04-30,Zip Code: 98106,Single Family Residential,227950.0,249999.0,162.40920805998127,56.0,83.0,41.0,0.9922345312708511,0.3571428571428571
2022-09-01,2022-11-30,Zip Code: 98178,Townhouse,502500.0,298000.0,349.808785789765,2.0,1.0,2.0,0.96127562642369,0.0
2022-07-01,2022-09-30,Zip Code: 98109,Condo/Co-op,498500.0,507500.0,638.16069488469,42.0,70.0,46.0,0.9893814044118632,0.1904761904761904
2018-08-01,2018-10-31,Zip Code: 98102,All Residential,660000.0,682475.0,634.441087613293,71.0,124.0,70.0,0.9909501058909336,0.2112676056338028
2023-07-01,2023-09-30,Zip Code: 98144,Single Family Residential,807500.0,799975.0,558.2823033591116,54.0,84.0,43.0,1.0008798862176067,0.2407407407407407
2021-01-01,2021-03-31,Zip Code: 98102,Single Family Residential,1168900.0,1500000.0,507.75193798449607,15.0,23.0,11.0,1.0017699966645446,0.2
2022-04-01,2022-06-30,Zip Code: 98144,All Residential,872500.0,799000.0,584.1214503262731,150.0,210.0,85.0,1.0724761971438566,0.6466666666666666
2021-08-01,2021-10-31,Zip Code: 98122,Single Family Residential,1115000.0,999950.0,545.3125,55.0,78.0,26.0,1.024639824188054,0.4
2022-06-01,2022-08-31,Zip Code: 98134,All Residential,1050000.0,331000.0,582.3627287853577,1.0,3.0,3.0,1.0,0.0
2018-12-01,2019-02-28,Zip Code: 98115,Multi-Family (2-4 Unit),1530000.0,,796.875,1.0,,,1.0166112956810631,1.0
2021-02-01,2021-04-30,Zip Code: 98112,Condo/Co-op,550000.0,590000.0,726.8292682926829,17.0,23.0,12.0,1.0163973681631746,0.3529411764705882
2014-05-01,2014-07-31,Zip Code: 98107,All Residential,496900.0,472475.0,349.1271820448878,131.0,160.0,50.0,1.0282372179579529,0.4809160305343511
2019-09-01,2019-11-30,Zip Code: 98175,All Residential,540000.0,,391.0209992758871,1.0,,,0.9818181818181818,0.0
2021-10-01,2021-12-31,Zip Code: 98175,Single Family Residential,805000.0,,1409.0199750312108,2.0,,,1.0084723719860786,1.0
2017-03-01,2017-05-31,Zip Code: 98136,All Residential,655500.0,649000.0,348.23987217812595,96.0,121.0,24.0,1.059137417282922,0.6666666666666666
2021-03-01,2021-05-31,Zip Code: 98117,Condo/Co-op,477500.0,545000.0,542.7550470026199,8.0,8.0,5.0,1.0043601826966173,0.375
2015-11-01,2016-01-31,Zip Code: 98119,Single Family Residential,930000.0,875000.0,399.5656706045865,35.0,25.0,15.0,1.0353041480065934,0.5428571428571428
2022-10-01,2022-12-31,Zip Code: 98112,Condo/Co-op,656500.0,512450.0,715.9353348729792,9.0,6.0,4.0,0.9706625556222818,0.0
2017-06-01,2017-08-31,Zip Code: 98117,Multi-Family (2-4 Unit),770000.0,854975.0,292.7756653992396,1.0,2.0,,1.0266666666666666,1.0
2013-10-01,2013-12-31,Zip Code: 98108,Single Family Residential,345800.0,349000.0,205.42268136632825,57.0,41.0,27.0,0.9984021156166784,0.2807017543859649
2016-10-01,2016-12-31,Zip Code: 98122,Single Family Residential,832000.0,825000.0,458.76570180229385,53.0,39.0,15.0,1.0399513464657124,0.4528301886792452
2021-08-01,2021-10-31,Zip Code: 98102,All Residential,780000.0,795000.0,647.5449636658473,139.0,129.0,54.0,1.0020889101994552,0.237410071942446
2022-07-01,2022-09-30,Zip Code: 98136,Townhouse,678000.0,750000.0,522.9898516783761,12.0,17.0,10.0,1.0070696759255937,0.4166666666666666
2017-09-01,2017-11-30,Zip Code: 98117,Condo/Co-op,476750.0,477475.0,484.30735930735926,6.0,8.0,1.0,1.1735401029539718,0.8333333333333333
2020-10-01,2020-12-31,Zip Code: 98107,All Residential,814975.0,755000.0,540.3267674454115,152.0,137.0,48.0,1.0040088873575597,0.3092105263157894
2013-10-01,2013-12-31,Zip Code: 98119,Multi-Family (2-4 Unit),685000.0,722500.0,252.97619047619048,7.0,2.0,1.0,0.9854785879616184,0.1428571428571428
2018-04-01,2018-06-30,Zip Code: 98119,Multi-Family (2-4 Unit),1075000.0,1162500.0,423.22834645669286,3.0,4.0,2.0,1.025574042815422,0.3333333333333333
2013-08-01,2013-10-31,Zip Code: 98175,All Residential,339722.0,,245.286642599278,1.0,,,1.0,0.0
2023-10-01,2023-12-31,Zip Code: 98115,All Residential,1015990.0,899500.0,553.3022032770784,117.0,78.0,30.0,1.001861643033248,0.2564102564102563
2013-06-01,2013-08-31,Zip Code: 98144,Townhouse,349950.0,359000.0,281.04575163398687,23.0,41.0,21.0,1.0054811155823713,0.3478260869565217
2016-07-01,2016-09-30,Zip Code: 98178,All Residential,354550.0,385000.0,205.8823529411765,113.0,131.0,54.0,1.0212956573907608,0.495575221238938
2016-02-01,2016-04-30,Zip Code: 98121,Townhouse,895000.0,669999.5,490.1423877327492,1.0,2.0,1.0,1.0,0.0
2013-12-01,2014-02-28,Zip Code: 98136,Single Family Residential,500000.0,505000.0,264.01942355889724,30.0,33.0,14.0,0.9872792730252083,0.2333333333333333
2014-06-01,2014-08-31,Zip Code: 98178,Condo/Co-op,53875.0,49500.0,79.0923231180584,2.0,2.0,2.0,1.0,0.0
2020-05-01,2020-07-31,Zip Code: 98115,All Residential,836440.0,825000.0,483.7385786307983,226.0,267.0,66.0,1.0239049558352518,0.4601769911504424
2019-01-01,2019-03-31,Zip Code: 98102,Multi-Family (2-4 Unit),1600000.0,1515000.0,471.49122807017545,5.0,6.0,1.0,0.965530303030303,0.0
2013-10-01,2013-12-31,Zip Code: 98194,All Residential,715000.0,,409.74212034383953,1.0,,,0.8959899749373433,0.0
2016-12-01,2017-02-28,Zip Code: 98102,All Residential,590000.0,599900.0,534.5744680851063,73.0,59.0,18.0,1.0166216944804485,0.4383561643835616
2015-07-01,2015-09-30,Zip Code: 98116,Townhouse,604500.0,560000.0,365.48330842052815,14.0,17.0,4.0,1.015034437975859,0.2857142857142857
2012-06-01,2012-08-31,Zip Code: 98106,Condo/Co-op,52000.0,45000.0,83.60128617363344,5.0,1.0,2.0,0.9724705175661724,0.2
2018-08-01,2018-10-31,Zip Code: 98122,Single Family Residential,890000.0,875000.0,453.0729166666666,49.0,61.0,30.0,0.9872357858661924,0.3061224489795918
2019-07-01,2019-09-30,Zip Code: 98112,All Residential,1039000.0,1272500.0,522.7272727272727,95.0,116.0,66.0,0.9897862647370892,0.2842105263157894
2019-12-01,2020-02-29,Zip Code: 98136,All Residential,695000.0,675000.0,411.7464263517713,75.0,65.0,16.0,1.0074719269131336,0.3066666666666666
2015-04-01,2015-06-30,Zip Code: 98112,All Residential,882500.0,850000.0,425.7793001359795,120.0,140.0,40.0,1.0352293536764166,0.4833333333333333
2022-01-01,2022-03-31,Zip Code: 98117,Condo/Co-op,345000.0,600000.0,416.1640530759952,3.0,5.0,,0.9328387706215472,0.0
2020-01-01,2020-03-31,Zip Code: 98102,Single Family Residential,1600000.0,1600000.0,547.945205479452,7.0,19.0,15.0,1.0287772618942854,0.5714285714285714
2019-05-01,2019-07-31,Zip Code: 98102,Single Family Residential,1380000.0,1395000.0,554.5811789420736,18.0,36.0,21.0,0.9882232332463748,0.1666666666666666
2018-05-01,2018-07-31,Zip Code: 98117,Condo/Co-op,512500.0,485000.0,499.75,11.0,9.0,1.0,1.0117672039826286,0.3636363636363636
2023-09-01,2023-11-30,Zip Code: 98177,All Residential,1185000.0,1099975.0,508.4745762711864,45.0,56.0,19.0,1.0207636390873789,0.4888888888888888
2018-05-01,2018-07-31,Zip Code: 98178,All Residential,482500.0,479900.0,287.5673399765617,114.0,158.0,72.0,1.0396441582217506,0.5789473684210527
2014-07-01,2014-09-30,Zip Code: 98178,Townhouse,100000.0,109000.0,83.68200836820084,1.0,1.0,,0.9174311926605504,0.0
2019-04-01,2019-06-30,Zip Code: 98116,Multi-Family (2-4 Unit),736500.0,1118250.0,288.8235294117647,1.0,2.0,1.0,1.0911111111111111,1.0
2022-04-01,2022-06-30,Zip Code: 98107,All Residential,1000000.0,899995.0,666.6666666666665,185.0,191.0,46.0,1.0727042788746928,0.6486486486486486
2016-11-01,2017-01-31,Zip Code: 98101,Condo/Co-op,639950.0,595000.0,740.6623750780094,58.0,29.0,11.0,1.0038767413904068,0.1206896551724138
2019-02-01,2019-04-30,Zip Code: 98102,All Residential,645000.0,519950.0,633.6592505854801,94.0,148.0,77.0,0.9939036265587472,0.1489361702127659
2012-05-01,2012-07-31,Zip Code: 98178,Multi-Family (2-4 Unit),175000.0,,52.083333333333336,1.0,,,0.7777777777777777,0.0
2014-03-01,2014-05-31,Zip Code: 98136,All Residential,431600.0,450000.0,262.3906705539359,79.0,97.0,33.0,1.0156046754680856,0.4556962025316455
2017-07-01,2017-09-30,Zip Code: 98106,Multi-Family (2-4 Unit),550000.0,,369.1275167785235,1.0,,,1.0,0.0
2018-06-01,2018-08-31,Zip Code: 98178,Multi-Family (2-4 Unit),435000.0,,201.38888888888889,1.0,,,1.0118632240055827,1.0
2021-12-01,2022-02-28,Zip Code: 98105,Single Family Residential,1237500.0,1132475.0,577.5539050654056,36.0,42.0,7.0,1.0952880343893308,0.4722222222222222
2017-04-01,2017-06-30,Zip Code: 98103,All Residential,700000.0,685000.0,477.6923076923077,233.0,269.0,18.0,1.0999686314018833,0.7210300429184548
2021-05-01,2021-07-31,Zip Code: 98136,Multi-Family (2-4 Unit),1047000.0,1175000.0,485.523211728031,4.0,1.0,1.0,0.9803511904761903,0.25
2017-11-01,2018-01-31,Zip Code: 98117,Townhouse,712000.0,670000.0,499.4729788739817,20.0,24.0,2.0,1.0394866307540958,0.45
2016-05-01,2016-07-31,Zip Code: 98103,Multi-Family (2-4 Unit),804625.5,800000.0,321.7352997510056,8.0,8.0,4.0,1.0842777700106814,0.625
2016-04-01,2016-06-30,Zip Code: 98116,Multi-Family (2-4 Unit),697000.0,972500.0,227.0358306188925,5.0,6.0,4.0,0.9777141512643066,0.4
2017-02-01,2017-04-30,Zip Code: 98119,Townhouse,899950.0,849950.0,530.8988764044943,17.0,23.0,5.0,0.9990538946824652,0.2941176470588235
2019-07-01,2019-09-30,Zip Code: 98122,All Residential,749950.0,759975.0,575.6578947368421,133.0,148.0,86.0,0.9985069673761192,0.2180451127819548
2021-05-01,2021-07-31,Zip Code: 98178,Townhouse,599950.0,599900.0,327.8415300546448,1.0,7.0,3.0,1.0,0.0
2017-02-01,2017-04-30,Zip Code: 98178,All Residential,434500.0,432444.0,234.5855795148248,84.0,98.0,23.0,1.0358350026164702,0.5476190476190476
2014-10-01,2014-12-31,Zip Code: 98122,Single Family Residential,592750.0,647450.0,312.23420888055034,54.0,32.0,15.0,0.9945576408768844,0.3333333333333333
2017-09-01,2017-11-30,Zip Code: 98107,Single Family Residential,875000.0,850000.0,477.0642201834862,51.0,40.0,1.0,1.03840852227585,0.4901960784313725
2017-09-01,2017-11-30,Zip Code: 98122,Multi-Family (2-4 Unit),850000.0,1099000.0,471.38047138047136,5.0,9.0,6.0,1.0151047980844368,0.4
2013-02-01,2013-04-30,Zip Code: 98125,All Residential,325000.0,335000.0,202.156334231806,107.0,137.0,52.0,1.0010692412364113,0.3925233644859813
2022-05-01,2022-07-31,Zip Code: 98116,Multi-Family (2-4 Unit),4350000.0,1350000.0,2338.709677419354,1.0,1.0,1.0,,0.0
2017-09-01,2017-11-30,Zip Code: 98121,Condo/Co-op,606000.0,589950.0,803.4321372854913,83.0,81.0,23.0,1.0613789700161766,0.6987951807228916
2016-10-01,2016-12-31,Zip Code: 98102,Townhouse,741500.0,749950.0,509.76156919639055,10.0,9.0,1.0,0.9907933416655028,0.2
2016-09-01,2016-11-30,Zip Code: 98121,Condo/Co-op,615000.0,549950.0,706.6521264994548,143.0,104.0,27.0,1.009473608379185,0.2657342657342657
2022-02-01,2022-04-30,Zip Code: 98122,All Residential,815000.0,825000.0,651.8289383236072,178.0,209.0,44.0,1.0485787472441657,0.5337078651685393
2015-08-01,2015-10-31,Zip Code: 98103,Multi-Family (2-4 Unit),699950.0,932500.0,250.0,11.0,8.0,6.0,1.044528152315694,0.4545454545454545
2012-03-01,2012-05-31,Zip Code: 98103,Townhouse,393500.0,399900.0,272.50658761528325,44.0,45.0,13.0,0.9951090830067844,0.3636363636363636
2012-11-01,2013-01-31,Zip Code: 98121,Condo/Co-op,297500.0,315000.0,387.93103448275855,41.0,46.0,38.0,0.997972843303632,0.2682926829268292
2018-10-01,2018-12-31,Zip Code: 98107,Multi-Family (2-4 Unit),1250000.0,1250000.0,644.3298969072165,1.0,3.0,1.0,1.0,0.0
2023-07-01,2023-09-30,Zip Code: 98112,Condo/Co-op,694875.0,725000.0,721.9529711682062,16.0,15.0,10.0,1.0092253425273086,0.3125
2020-08-01,2020-10-31,Zip Code: 98112,Condo/Co-op,655000.0,646500.0,703.8123167155425,33.0,34.0,17.0,0.9979400810255296,0.1515151515151515
2017-03-01,2017-05-31,Zip Code: 98178,Multi-Family (2-4 Unit),325000.0,464500.0,216.66666666666663,1.0,2.0,2.0,0.9848484848484848,0.0
2018-06-01,2018-08-31,Zip Code: 98119,Condo/Co-op,481600.0,525000.0,562.1081985859604,32.0,53.0,28.0,1.0239614265146235,0.5
2013-11-01,2014-01-31,Zip Code: 98133,Multi-Family (2-4 Unit),352225.0,489900.0,164.71206551529127,2.0,1.0,,0.989848659255513,0.5
2018-10-01,2018-12-31,Zip Code: 98144,Townhouse,685000.0,699000.0,457.6368095904548,28.0,37.0,18.0,0.9901819232737666,0.1071428571428571
2017-08-01,2017-10-31,Zip Code: 98136,Townhouse,591500.0,559000.0,429.5487627365357,14.0,17.0,4.0,1.0355646191092125,0.5
2013-07-01,2013-09-30,Zip Code: 98144,Townhouse,359500.0,364475.0,284.6478496677106,28.0,36.0,15.0,0.9975358118175288,0.25
2018-12-01,2019-02-28,Zip Code: 98117,Condo/Co-op,397000.0,395000.0,505.294689119171,2.0,4.0,3.0,0.9925249387469371,0.0
2017-04-01,2017-06-30,Zip Code: 98115,All Residential,818245.0,765000.0,429.68953538862354,214.0,255.0,47.0,1.1017332708837562,0.6869158878504673
2021-09-01,2021-11-30,Zip Code: 98104,All Residential,589950.0,616975.0,695.6957547169811,29.0,56.0,40.0,0.987002080970676,0.0344827586206896
2017-12-01,2018-02-28,Zip Code: 98144,Condo/Co-op,385000.0,375000.0,483.33333333333326,11.0,11.0,3.0,1.0000907701775712,0.3636363636363636
2019-05-01,2019-07-31,Zip Code: 98178,All Residential,479950.0,474000.0,270.356845671491,94.0,133.0,68.0,1.0114268720330826,0.4361702127659574
2012-11-01,2013-01-31,Zip Code: 98125,All Residential,302500.0,299999.0,185.7075652841782,98.0,75.0,46.0,0.995515429459724,0.2448979591836734
2013-07-01,2013-09-30,Zip Code: 98116,Multi-Family (2-4 Unit),440000.0,399000.0,275.0,3.0,1.0,2.0,0.9341486723758756,0.0
2012-11-01,2013-01-31,Zip Code: 98118,Multi-Family (2-4 Unit),310000.0,375000.0,112.5,3.0,3.0,6.0,0.9859901460733242,0.3333333333333333
2012-08-01,2012-10-31,Zip Code: 98102,All Residential,361000.0,399000.0,327.1692745376956,81.0,80.0,47.0,0.9973815968206062,0.2839506172839506
2021-12-01,2022-02-28,Zip Code: 98101,All Residential,707500.0,760000.0,893.5185185185184,66.0,88.0,44.0,0.9991501693030628,0.2575757575757575
2023-12-01,2024-02-29,Zip Code: 98102,Condo/Co-op,505000.0,517375.0,601.6949152542372,29.0,32.0,21.0,0.9851841488999268,0.1724137931034482
2018-01-01,2018-03-31,Zip Code: 98117,All Residential,800000.0,740000.0,480.04314994606256,108.0,130.0,20.0,1.0924711829776297,0.6759259259259259
2021-02-01,2021-04-30,Zip Code: 98105,Single Family Residential,1250144.0,1049500.0,546.3178294573643,76.0,100.0,18.0,1.0659764940639684,0.644736842105263
2016-04-01,2016-06-30,Zip Code: 98105,All Residential,820000.0,695000.0,422.79086669493057,98.0,93.0,17.0,1.047031054587564,0.5510204081632653
2012-08-01,2012-10-31,Zip Code: 98119,Single Family Residential,595452.5,624475.0,256.6749505281982,46.0,48.0,22.0,0.9832470230802098,0.1956521739130434
2018-10-01,2018-12-31,Zip Code: 98122,Townhouse,750000.0,749000.0,548.7654320987655,31.0,25.0,15.0,0.991112441186808,0.064516129032258
2013-09-01,2013-11-30,Zip Code: 98101,Condo/Co-op,475000.0,585000.0,534.0909090909091,43.0,61.0,34.0,0.9864910087525398,0.1860465116279069
2013-01-01,2013-03-31,Zip Code: 98144,Condo/Co-op,219900.0,249900.0,279.6037296037296,27.0,37.0,25.0,0.9842557299846408,0.1111111111111111
2021-10-01,2021-12-31,Zip Code: 98117,All Residential,920000.0,832500.0,558.6734693877552,205.0,148.0,14.0,1.0472746175873058,0.5024390243902439
2013-09-01,2013-11-30,Zip Code: 98178,All Residential,239500.0,229555.0,150.01842978252856,77.0,77.0,83.0,0.9883013323409954,0.2727272727272727
2020-12-01,2021-02-28,Zip Code: 98122,All Residential,747500.0,732450.0,555.1864156515319,134.0,132.0,67.0,0.9976373754458592,0.2462686567164179
2018-11-01,2019-01-31,Zip Code: 98134,Single Family Residential,660000.0,,331.65829145728645,1.0,,,0.9777777777777776,0.0
2022-08-01,2022-10-31,Zip Code: 98104,All Residential,429975.0,607425.0,612.1459694989105,22.0,38.0,43.0,0.9755546733881488,0.0454545454545454
2018-08-01,2018-10-31,Zip Code: 98119,Single Family Residential,1252000.0,1257500.0,564.8148148148148,27.0,32.0,21.0,0.9979857185498852,0.2222222222222222
2016-06-01,2016-08-31,Zip Code: 98116,Multi-Family (2-4 Unit),1050000.0,662500.0,286.10354223433245,3.0,2.0,3.0,0.9541969323902416,0.0
2018-05-01,2018-07-31,Zip Code: 98178,Single Family Residential,500000.0,480000.0,293.956043956044,105.0,153.0,68.0,1.041196479580718,0.580952380952381
2017-05-01,2017-07-31,Zip Code: 98136,Townhouse,566000.0,522225.0,407.4074074074073,11.0,12.0,1.0,1.0871167507969408,0.909090909090909
2018-09-01,2018-11-30,Zip Code: 98121,Condo/Co-op,642500.0,698800.0,759.5797280593325,73.0,143.0,107.0,0.9737561139064312,0.0410958904109589
2017-09-01,2017-11-30,Zip Code: 98178,All Residential,425000.0,449994.5,237.6527304463469,88.0,122.0,53.0,1.0039517576600276,0.4090909090909091
2022-03-01,2022-05-31,Zip Code: 98117,Multi-Family (2-4 Unit),1162500.0,1295000.0,518.4770702165988,4.0,6.0,2.0,1.0400975329460904,1.0
2020-02-01,2020-04-30,Zip Code: 98122,Multi-Family (2-4 Unit),975000.0,1387500.0,,1.0,4.0,3.0,1.0,0.0
2013-07-01,2013-09-30,Zip Code: 98112,Multi-Family (2-4 Unit),657475.0,629950.0,240.0396689309503,2.0,1.0,,0.9823943661971832,0.0
2017-06-01,2017-08-31,Zip Code: 98101,Condo/Co-op,615450.0,825000.0,734.1626057963582,40.0,58.0,33.0,1.0682843184172488,0.6999999999999998
2013-03-01,2013-05-31,Zip Code: 98103,Single Family Residential,566500.0,548000.0,285.25219298245605,136.0,183.0,47.0,1.04050805718291,0.588235294117647
2013-01-01,2013-03-31,Zip Code: 98144,Multi-Family (2-4 Unit),308000.0,414949.5,138.25494528619527,2.0,4.0,3.0,0.904188884361582,0.0
2014-03-01,2014-05-31,Zip Code: 98119,Single Family Residential,825000.0,779000.0,333.8093619787819,34.0,51.0,11.0,1.0213797317006457,0.5
2012-02-01,2012-04-30,Zip Code: 98175,Single Family Residential,209000.0,209000.0,200.96153846153845,1.0,1.0,,1.0,0.0
2016-02-01,2016-04-30,Zip Code: 98121,All Residential,553500.0,603750.0,626.6786034019696,89.0,156.0,49.0,1.0111340570253466,0.3820224719101123
2019-04-01,2019-06-30,Zip Code: 98112,Condo/Co-op,680000.0,647500.0,687.392055267703,13.0,14.0,7.0,0.9945454852632908,0.3846153846153846
2023-09-01,2023-11-30,Zip Code: 98103,Townhouse,845000.0,829950.0,608.3957204734626,50.0,63.0,33.0,0.9948317628891457,0.2399999999999999
2014-05-01,2014-07-31,Zip Code: 98122,Multi-Family (2-4 Unit),544437.5,612500.0,310.3495934211495,2.0,6.0,5.0,1.006803070806772,0.5
2023-09-01,2023-11-30,Zip Code: 98117,Single Family Residential,1020500.0,974950.0,527.5606192004161,78.0,85.0,20.0,1.016206105168402,0.3974358974358974
2015-02-01,2015-04-30,Zip Code: 98136,Townhouse,437000.0,399500.0,302.0653514180025,9.0,15.0,1.0,1.0058351392428468,0.4444444444444444
2019-05-01,2019-07-31,Zip Code: 98136,Multi-Family (2-4 Unit),1376600.0,1400000.0,337.4019607843137,1.0,1.0,,0.9832857142857144,0.0
2017-05-01,2017-07-31,Zip Code: 98144,Multi-Family (2-4 Unit),810000.0,842500.0,372.22222222222223,3.0,6.0,1.0,0.9975308641975308,0.0
2013-11-01,2014-01-31,Zip Code: 98122,Multi-Family (2-4 Unit),573750.0,599950.0,138.23720259552994,4.0,3.0,6.0,0.9748980819383212,0.25
2015-07-01,2015-09-30,Zip Code: 98119,Condo/Co-op,357500.0,359900.0,435.1740696278512,49.0,57.0,18.0,1.0078741260092574,0.3877551020408163
2015-12-01,2016-02-29,Zip Code: 98103,Multi-Family (2-4 Unit),699500.0,667500.0,303.2407407407408,9.0,12.0,3.0,1.0278242061279528,0.5555555555555555
2020-12-01,2021-02-28,Zip Code: 98112,Townhouse,817500.0,779475.0,566.5007112375533,18.0,18.0,13.0,0.9932192896024616,0.1111111111111111
2014-09-01,2014-11-30,Zip Code: 98117,Townhouse,437000.0,434000.0,299.5,18.0,14.0,6.0,1.001953962499886,0.2777777777777777
2016-03-01,2016-05-31,Zip Code: 98102,Multi-Family (2-4 Unit),1250000.0,1250000.0,400.0,3.0,5.0,2.0,1.0178799489144317,0.3333333333333333
2023-03-01,2023-05-31,Zip Code: 98115,Single Family Residential,1122500.0,1049500.0,542.9592207783038,126.0,140.0,28.0,1.044316029239976,0.5
2018-06-01,2018-08-31,Zip Code: 98136,Townhouse,650000.0,629000.0,466.6666666666666,11.0,12.0,5.0,1.0009493656508268,0.3636363636363636
2015-03-01,2015-05-31,Zip Code: 98126,All Residential,418500.0,416450.0,257.61975024850886,128.0,142.0,40.0,1.0337167644984502,0.5
2022-12-01,2023-02-28,Zip Code: 98106,Single Family Residential,663000.0,690000.0,424.4754716981132,47.0,23.0,9.0,0.9908090769648636,0.3404255319148936
2015-10-01,2015-12-31,Zip Code: 98117,All Residential,613500.0,592475.0,322.83464566929126,143.0,96.0,16.0,1.03845735720866,0.5244755244755244
2013-04-01,2013-06-30,Zip Code: 98117,Condo/Co-op,240000.0,259950.0,268.65671641791045,9.0,11.0,8.0,0.9845809395613472,0.1111111111111111
2021-09-01,2021-11-30,Zip Code: 98178,Condo/Co-op,607384.0,295500.0,363.7029940119761,7.0,3.0,,1.0,0.0
2013-10-01,2013-12-31,Zip Code: 98117,Condo/Co-op,297500.0,312450.0,280.7429808602768,10.0,8.0,3.0,0.9894237230704548,0.1
2013-11-01,2014-01-31,Zip Code: 98178,All Residential,205500.0,242475.0,138.29216414402558,64.0,82.0,72.0,0.9873620063848618,0.234375
2020-02-01,2020-04-30,Zip Code: 98102,All Residential,535500.0,650000.0,624.4429590017826,110.0,119.0,61.0,0.999281566983819,0.2545454545454545
2020-09-01,2020-11-30,Zip Code: 98136,All Residential,767000.0,699999.0,418.6602870813397,109.0,114.0,32.0,1.006578306973524,0.3669724770642202
2021-09-01,2021-11-30,Zip Code: 98105,Multi-Family (2-4 Unit),1000000.0,1550000.0,500.0,3.0,11.0,6.0,1.0001754225673822,0.6666666666666666
2018-10-01,2018-12-31,Zip Code: 98112,Townhouse,799000.0,799000.0,483.14606741573033,11.0,5.0,2.0,0.990024977848781,0.0909090909090909
2019-08-01,2019-10-31,Zip Code: 98134,All Residential,543000.0,,707.03125,1.0,,,0.9713774597495528,0.0
2014-01-01,2014-03-31,Zip Code: 98104,All Residential,406550.0,284250.0,447.3326793933449,12.0,26.0,22.0,0.9567127309950084,0.25
2017-03-01,2017-05-31,Zip Code: 98115,Multi-Family (2-4 Unit),737000.0,1575000.0,462.9396984924623,1.0,2.0,2.0,1.0543633762517883,1.0
2023-05-01,2023-07-31,Zip Code: 98122,All Residential,775000.0,807500.0,616.7941814785308,134.0,178.0,76.0,1.0137768119632684,0.2835820895522387
2015-12-01,2016-02-29,Zip Code: 98119,Multi-Family (2-4 Unit),685000.0,724950.0,377.35849056603774,3.0,3.0,1.0,0.995621025082312,0.3333333333333333
2020-09-01,2020-11-30,Zip Code: 98107,Single Family Residential,918000.0,927925.0,525.0,65.0,68.0,12.0,1.012143902062126,0.4615384615384615
2012-10-01,2012-12-31,Zip Code: 98112,Single Family Residential,943500.0,867500.0,332.8488105263158,70.0,37.0,38.0,0.9822694798572597,0.2142857142857142
2019-11-01,2020-01-31,Zip Code: 98116,Condo/Co-op,545000.0,475000.0,542.0415224913495,15.0,12.0,9.0,0.9787228217297876,0.0666666666666666
2016-08-01,2016-10-31,Zip Code: 98107,Multi-Family (2-4 Unit),937550.0,1024500.0,392.8571428571428,3.0,4.0,1.0,1.1095359922328436,1.0
2015-04-01,2015-06-30,Zip Code: 98102,Single Family Residential,972500.0,1199000.0,407.5561293710885,16.0,27.0,11.0,1.019567300570535,0.4375
2022-04-01,2022-06-30,Zip Code: 98134,All Residential,762500.0,375000.0,522.2124927973481,2.0,5.0,3.0,1.0422374429223744,0.5
2020-06-01,2020-08-31,Zip Code: 98104,Condo/Co-op,615000.0,615000.0,621.875,17.0,55.0,48.0,0.9889674947226536,0.0588235294117647
2019-04-01,2019-06-30,Zip Code: 98116,All Residential,747500.0,757450.0,463.5139886867452,158.0,192.0,68.0,1.0064489655484556,0.3924050632911392
2018-03-01,2018-05-31,Zip Code: 98136,Single Family Residential,815000.0,735000.0,408.6538461538461,77.0,91.0,19.0,1.0583751650929547,0.6493506493506493
2014-12-01,2015-02-28,Zip Code: 98126,Condo/Co-op,202500.0,234975.0,271.49321266968326,13.0,14.0,7.0,0.9975416507219278,0.3076923076923077
2023-10-01,2023-12-31,Zip Code: 98117,All Residential,900000.0,799950.0,552.753474009264,123.0,96.0,47.0,1.00579571164509,0.3252032520325203
2020-10-01,2020-12-31,Zip Code: 98136,Townhouse,620000.0,579950.0,449.64028776978415,23.0,29.0,7.0,0.9942880065799188,0.1739130434782608
2016-01-01,2016-03-31,Zip Code: 98121,All Residential,461000.0,733300.0,626.3787068225349,74.0,133.0,38.0,1.0083808871280262,0.3648648648648648
2016-05-01,2016-07-31,Zip Code: 98104,Condo/Co-op,430000.0,490000.0,544.5524752475249,27.0,32.0,16.0,1.0108371593185772,0.3703703703703703
2017-06-01,2017-08-31,Zip Code: 98136,Single Family Residential,695000.0,700000.0,377.0632045088567,78.0,65.0,16.0,1.0312154940028673,0.4871794871794871
2016-06-01,2016-08-31,Zip Code: 98113,All Residential,520000.0,520000.0,460.17699115044246,1.0,1.0,,1.0,0.0
2021-04-01,2021-06-30,Zip Code: 98122,All Residential,847025.0,786975.0,604.3999356499356,240.0,296.0,96.0,1.0308004967489055,0.3916666666666666
2020-05-01,2020-07-31,Zip Code: 98104,Condo/Co-op,645000.0,617500.0,548.018549747049,11.0,42.0,43.0,0.9871141435491276,0.0
2013-03-01,2013-05-31,Zip Code: 98108,Townhouse,284900.0,299000.0,208.39935807899195,8.0,9.0,4.0,1.0023648250548336,0.25
2015-04-01,2015-06-30,Zip Code: 98103,Condo/Co-op,319975.0,310000.0,363.9158650460854,48.0,55.0,11.0,1.0245926965298473,0.6041666666666666
2020-10-01,2020-12-31,Zip Code: 98107,Multi-Family (2-4 Unit),880000.0,1035000.0,329.90970969282284,4.0,6.0,2.0,0.9644922274147364,0.25
2019-03-01,2019-05-31,Zip Code: 98107,Multi-Family (2-4 Unit),1319250.0,1100000.0,385.59859709962166,5.0,13.0,9.0,0.9938049728049728,0.2
2022-06-01,2022-08-31,Zip Code: 98116,Single Family Residential,1010000.0,1012000.0,541.2087912087912,81.0,83.0,19.0,1.020709962144364,0.4074074074074073
2017-01-01,2017-03-31,Zip Code: 98116,All Residential,639000.0,649990.0,400.94339622641513,93.0,117.0,29.0,1.037852510286758,0.5053763440860215
2017-04-01,2017-06-30,Zip Code: 98122,Townhouse,755000.0,733750.0,490.3793293018143,43.0,50.0,5.0,1.0396024169753295,0.5813953488372093
2015-04-01,2015-06-30,Zip Code: 98101,All Residential,542500.0,607475.0,589.5872420262664,50.0,114.0,52.0,1.0048308674225372,0.38
2020-04-01,2020-06-30,Zip Code: 98178,Townhouse,516509.0,560990.0,287.35350762700887,10.0,1.0,3.0,0.9821282677916684,0.1
2022-09-01,2022-11-30,Zip Code: 98117,Townhouse,805000.0,774500.0,554.9283798399308,38.0,28.0,22.0,0.989378206801672,0.131578947368421
2016-12-01,2017-02-28,Zip Code: 98112,Condo/Co-op,495000.0,492500.0,675.328988595062,12.0,16.0,4.0,1.0340843821784087,0.5
2016-05-01,2016-07-31,Zip Code: 98107,Multi-Family (2-4 Unit),887750.0,810000.0,326.0382581648522,10.0,6.0,,1.025796113168416,0.5
2020-08-01,2020-10-31,Zip Code: 98119,Condo/Co-op,512500.0,469000.0,545.3302961275625,51.0,81.0,48.0,0.9887079238389304,0.196078431372549
2014-02-01,2014-04-30,Zip Code: 98121,Condo/Co-op,430000.0,499900.0,491.96787148594376,85.0,173.0,62.0,0.9926860513705106,0.2
2012-02-01,2012-04-30,Zip Code: 98102,Multi-Family (2-4 Unit),420000.0,975000.0,264.1509433962264,1.0,5.0,5.0,0.945945945945946,0.0
2016-11-01,2017-01-31,Zip Code: 98144,Single Family Residential,629975.0,669450.0,360.3144811478145,68.0,50.0,18.0,1.0281820588113386,0.3823529411764705
2012-04-01,2012-06-30,Zip Code: 98106,Townhouse,231150.0,210000.0,152.95669417902528,18.0,14.0,13.0,0.979777162033468,0.2222222222222222
2017-08-01,2017-10-31,Zip Code: 98133,Multi-Family (2-4 Unit),768176.0,960000.0,327.3363949483353,4.0,4.0,,0.98111778765623,0.25
2018-04-01,2018-06-30,Zip Code: 98133,Multi-Family (2-4 Unit),802500.0,825000.0,327.54777070063693,4.0,7.0,5.0,0.9810206607712358,0.0
2021-09-01,2021-11-30,Zip Code: 98122,All Residential,789975.0,799950.0,596.5555513031497,176.0,196.0,53.0,1.0088842899652617,0.3238636363636363
2020-01-01,2020-03-31,Zip Code: 98118,All Residential,595900.0,599975.0,363.9463601532567,123.0,164.0,69.0,1.0062883288663955,0.3333333333333333
2020-05-01,2020-07-31,Zip Code: 98106,Condo/Co-op,299950.0,330000.0,338.9265536723164,1.0,1.0,1.0,1.0,0.0
2017-08-01,2017-10-31,Zip Code: 98178,Single Family Residential,444975.0,449994.5,237.3855781804596,84.0,122.0,58.0,1.0160742888300542,0.4523809523809523
2015-09-01,2015-11-30,Zip Code: 98136,All Residential,513250.0,517450.0,300.98805147058823,85.0,84.0,17.0,1.0158156841715016,0.4470588235294117
2016-02-01,2016-04-30,Zip Code: 98136,Condo/Co-op,275000.0,260000.0,373.0616830766064,12.0,13.0,2.0,1.030458642969026,0.5
2016-06-01,2016-08-31,Zip Code: 98136,Multi-Family (2-4 Unit),599000.0,,200.33444816053512,1.0,,,1.0,0.0
2022-06-01,2022-08-31,Zip Code: 98122,Condo/Co-op,475000.0,479000.0,669.5057814131787,60.0,64.0,28.0,0.995479877685342,0.3166666666666666
2014-06-01,2014-08-31,Zip Code: 98104,All Residential,264000.0,269725.0,393.4693877551021,15.0,20.0,17.0,0.9698641497079018,0.0666666666666666
2012-02-01,2012-04-30,Zip Code: 98118,Single Family Residential,249000.0,279000.0,135.29075766509433,108.0,147.0,117.0,0.9740999690839472,0.2314814814814814
2014-08-01,2014-10-31,Zip Code: 98107,Condo/Co-op,290000.0,269000.0,402.7264977756466,28.0,34.0,19.0,0.9935121884152308,0.1785714285714285
2019-11-01,2020-01-31,Zip Code: 98116,All Residential,717500.0,699950.0,471.8329824381226,78.0,67.0,33.0,0.9970090304958134,0.1923076923076923
2019-03-01,2019-05-31,Zip Code: 98103,Single Family Residential,910000.0,875000.0,475.1243781094527,97.0,145.0,50.0,1.0165392575686405,0.422680412371134
2019-01-01,2019-03-31,Zip Code: 98175,All Residential,463500.0,472500.0,372.7533559325735,2.0,2.0,,0.973931623931624,0.5
2021-05-01,2021-07-31,Zip Code: 98119,Multi-Family (2-4 Unit),1112500.0,1200000.0,488.8244421457071,10.0,10.0,5.0,0.9956849101250344,0.2
2014-06-01,2014-08-31,Zip Code: 98144,Single Family Residential,576500.0,552450.0,273.1157731157731,94.0,83.0,38.0,1.0088065400880288,0.3936170212765957
2014-05-01,2014-07-31,Zip Code: 98112,All Residential,875000.0,799000.0,386.7781155015198,107.0,119.0,56.0,1.0259407488248775,0.5046728971962616
2014-08-01,2014-10-31,Zip Code: 98102,Townhouse,692950.0,644975.0,445.65949245060807,26.0,16.0,11.0,0.9765012147702928,0.0
2021-03-01,2021-05-31,Zip Code: 98117,Multi-Family (2-4 Unit),865000.0,948000.0,372.84482758620686,5.0,7.0,3.0,0.9383925823416736,0.2
2022-06-01,2022-08-31,Zip Code: 98118,Single Family Residential,859000.0,799000.0,457.5596816976128,99.0,126.0,47.0,1.023288509952225,0.4141414141414141
2012-09-01,2012-11-30,Zip Code: 98121,Townhouse,602500.0,620000.0,364.4888082274652,1.0,1.0,,0.9717741935483872,0.0
2015-01-01,2015-03-31,Zip Code: 98122,Single Family Residential,500000.0,599900.0,324.6753246753247,35.0,57.0,16.0,1.0096278771281206,0.3714285714285714
2016-03-01,2016-05-31,Zip Code: 98118,Townhouse,384000.0,406400.0,294.6428571428572,27.0,30.0,9.0,1.0230912912175936,0.3703703703703703
2012-03-01,2012-05-31,Zip Code: 98117,Multi-Family (2-4 Unit),385000.0,550000.0,170.8703659220114,2.0,3.0,2.0,0.9756145526057028,0.0
2016-07-01,2016-09-30,Zip Code: 98199,Single Family Residential,863000.0,885000.0,405.3342816500712,80.0,93.0,35.0,1.0179625298094686,0.4124999999999999
2022-03-01,2022-05-31,Zip Code: 98133,All Residential,816000.0,782990.0,517.049099586559,238.0,289.0,78.0,1.098615168384734,0.7184873949579831
2020-09-01,2020-11-30,Zip Code: 98133,Townhouse,598000.0,641974.5,400.7936507936508,35.0,48.0,24.0,1.0089054271659863,0.2285714285714285
2014-02-01,2014-04-30,Zip Code: 98102,All Residential,398000.0,529500.0,370.3703703703704,71.0,102.0,50.0,0.9963290983739816,0.3380281690140845
2021-08-01,2021-10-31,Zip Code: 98112,Single Family Residential,1670000.0,1697500.0,659.6670450245932,78.0,68.0,21.0,1.0363578130141058,0.3846153846153846
2022-03-01,2022-05-31,Zip Code: 98133,Single Family Residential,910000.0,800000.0,542.0823508071832,134.0,170.0,34.0,1.13349355020346,0.8134328358208955
2021-03-01,2021-05-31,Zip Code: 98106,Single Family Residential,660000.0,625000.0,458.08383233532936,101.0,131.0,19.0,1.0761114722283966,0.693069306930693
2015-07-01,2015-09-30,Zip Code: 98144,Townhouse,459950.0,449950.0,340.33613445378154,43.0,52.0,7.0,1.0248057693076846,0.441860465116279
2022-01-01,2022-03-31,Zip Code: 98102,Multi-Family (2-4 Unit),1600000.0,1499000.0,533.4728033472803,5.0,5.0,3.0,1.0180344840710998,0.2
2020-01-01,2020-03-31,Zip Code: 98122,All Residential,756250.0,750000.0,570.0892857142858,108.0,148.0,54.0,1.0010158995911969,0.2777777777777777
2012-08-01,2012-10-31,Zip Code: 98122,Multi-Family (2-4 Unit),480550.0,486950.0,208.01231144631765,4.0,4.0,3.0,0.9956150660272228,0.25
2021-07-01,2021-09-30,Zip Code: 98102,Townhouse,889975.0,959000.0,656.1678815172478,38.0,40.0,20.0,1.0009889869300532,0.2105263157894736
2018-04-01,2018-06-30,Zip Code: 98107,Single Family Residential,939500.0,854750.0,507.4098656774319,52.0,64.0,10.0,1.089676990447443,0.7307692307692307
2021-12-01,2022-02-28,Zip Code: 98136,Townhouse,674950.0,650000.0,520.1609954751132,12.0,10.0,1.0,1.0240715726048322,0.3333333333333333
2015-02-01,2015-04-30,Zip Code: 98119,Condo/Co-op,365000.0,369950.0,390.2439024390244,55.0,65.0,17.0,1.0199927019029271,0.4909090909090909
2015-08-01,2015-10-31,Zip Code: 98102,Single Family Residential,1167000.0,1069000.0,421.3306110807737,22.0,15.0,9.0,0.9936019836476768,0.3181818181818181
2013-06-01,2013-08-31,Zip Code: 98108,Townhouse,305000.0,324800.0,208.34606897846044,6.0,15.0,9.0,0.99259091685854,0.3333333333333333
2018-04-01,2018-06-30,Zip Code: 98104,All Residential,756900.0,630000.0,836.3263461809305,38.0,29.0,15.0,1.0202179578045452,0.2894736842105263
2023-08-01,2023-10-31,Zip Code: 98116,All Residential,950000.0,950000.0,544.2279153323441,102.0,118.0,46.0,1.014592038079813,0.392156862745098
2014-05-01,2014-07-31,Zip Code: 98194,All Residential,539000.0,,386.93467336683415,1.0,,,0.9808917197452228,0.0
2022-09-01,2022-11-30,Zip Code: 98133,All Residential,699950.0,697425.0,458.87961859356375,125.0,160.0,92.0,0.990575898567809,0.248
2021-10-01,2021-12-31,Zip Code: 98122,All Residential,792500.0,793500.0,606.6303474020922,186.0,146.0,32.0,1.014317411649366,0.3387096774193548
2022-04-01,2022-06-30,Zip Code: 98178,Condo/Co-op,200000.0,,374.5318352059925,1.0,,,1.0,0.0
2018-11-01,2019-01-31,Zip Code: 98144,Condo/Co-op,469500.0,465000.0,401.84976281383774,8.0,8.0,12.0,0.9601102093614952,0.0
2021-10-01,2021-12-31,Zip Code: 98118,Townhouse,615900.0,629000.0,462.9171817058096,53.0,39.0,7.0,1.0048544930210837,0.3018867924528301
2014-03-01,2014-05-31,Zip Code: 98134,All Residential,199000.0,238500.0,183.94024276377212,3.0,1.0,1.0,1.0160713822216378,0.3333333333333333
2021-09-01,2021-11-30,Zip Code: 98108,Townhouse,539990.0,552250.0,437.4147458783997,48.0,40.0,5.0,0.9997790811693312,0.1875
2018-06-01,2018-08-31,Zip Code: 98144,Townhouse,715000.0,672450.0,509.60921551472734,50.0,38.0,15.0,1.0157225201603792,0.4
2015-05-01,2015-07-31,Zip Code: 98117,Condo/Co-op,357500.0,340000.0,398.9182245453992,10.0,9.0,1.0,1.0697351869525886,0.5999999999999999
2015-03-01,2015-05-31,Zip Code: 98116,Single Family Residential,567500.0,545500.0,283.30614464382813,93.0,110.0,21.0,1.030245293599326,0.5161290322580645
2021-12-01,2022-02-28,Zip Code: 98112,Townhouse,774000.0,969000.0,693.8657407407408,19.0,20.0,4.0,1.0493117876240865,0.3157894736842105
2019-05-01,2019-07-31,Zip Code: 98117,Multi-Family (2-4 Unit),610000.0,1250000.0,396.1038961038961,1.0,2.0,1.0,1.0166666666666666,1.0
2016-05-01,2016-07-31,Zip Code: 98178,All Residential,365000.0,349992.5,205.28574474890712,104.0,140.0,55.0,1.0456021184058772,0.6442307692307692
2012-09-01,2012-11-30,Zip Code: 98106,Townhouse,145000.0,254995.0,114.4578313253012,9.0,14.0,13.0,0.9962821116273984,0.2222222222222222
2023-09-01,2023-11-30,Zip Code: 98104,All Residential,356225.0,558500.0,614.2799197301567,12.0,30.0,35.0,0.99137961238989,0.1666666666666666
2014-09-01,2014-11-30,Zip Code: 98102,Single Family Residential,862500.0,900000.0,361.7051921193413,18.0,15.0,5.0,1.0294392833763204,0.3888888888888889
2021-11-01,2022-01-31,Zip Code: 98121,All Residential,708000.0,690000.0,823.6994219653179,113.0,91.0,26.0,0.999727845151732,0.15929203539823
2023-11-01,2024-01-31,Zip Code: 98102,Townhouse,1000000.0,1000000.0,650.384193194292,7.0,17.0,9.0,0.9725988734462032,0.0
2015-05-01,2015-07-31,Zip Code: 98133,Townhouse,356000.0,337500.0,255.2556886227545,39.0,26.0,4.0,1.016860117446721,0.4358974358974359
2012-09-01,2012-11-30,Zip Code: 98136,Condo/Co-op,201911.0,224500.0,191.1078923933287,6.0,7.0,4.0,0.9932497558393826,0.1666666666666666
2018-10-01,2018-12-31,Zip Code: 98104,Condo/Co-op,405000.0,629500.0,610.655737704918,13.0,20.0,23.0,0.965908730907058,0.0
2013-11-01,2014-01-31,Zip Code: 98112,Single Family Residential,860000.0,749000.0,337.2093023255814,61.0,29.0,23.0,0.9861297679417952,0.3114754098360655
2015-08-01,2015-10-31,Zip Code: 98113,All Residential,567500.0,499975.0,411.29539733908666,2.0,2.0,,1.1500722302478057,0.5
2021-05-01,2021-07-31,Zip Code: 98136,All Residential,846100.0,799000.0,495.52274971487697,138.0,129.0,32.0,1.0599488311835898,0.6159420289855072
2021-05-01,2021-07-31,Zip Code: 98122,All Residential,841150.0,789950.0,604.6332046332046,237.0,255.0,92.0,1.0285016535792362,0.4092827004219409
2013-05-01,2013-07-31,Zip Code: 98125,Condo/Co-op,175000.0,164875.0,159.5744680851064,15.0,24.0,14.0,1.003564952881581,0.2666666666666666
2021-10-01,2021-12-31,Zip Code: 98133,All Residential,715000.0,709950.0,444.0961337513062,255.0,179.0,12.0,1.023186809921384,0.4274509803921568
2018-05-01,2018-07-31,Zip Code: 98112,Townhouse,862500.0,862000.0,608.6330935251799,15.0,24.0,7.0,1.041772077939638,0.8
2019-11-01,2020-01-31,Zip Code: 98118,Condo/Co-op,352500.0,354975.0,443.64406779661016,4.0,4.0,3.0,0.9493623312647148,0.0
2018-02-01,2018-04-30,Zip Code: 98144,Single Family Residential,789500.0,799444.0,459.1193181818182,68.0,88.0,21.0,1.039061486654366,0.4852941176470588
2022-12-01,2023-02-28,Zip Code: 98122,Single Family Residential,925750.0,949500.0,535.334576385941,40.0,39.0,21.0,0.9992493484535038,0.1499999999999999
2017-12-01,2018-02-28,Zip Code: 98104,Condo/Co-op,550000.0,550000.0,583.3333333333334,17.0,27.0,10.0,1.0082760381486795,0.4117647058823529
2022-04-01,2022-06-30,Zip Code: 98105,Single Family Residential,1850000.0,1597000.0,711.6499736425935,67.0,88.0,16.0,1.0857565237517135,0.6567164179104477
2018-05-01,2018-07-31,Zip Code: 98136,All Residential,727450.0,732500.0,426.03383458646607,102.0,136.0,48.0,1.0304762454227858,0.5196078431372549
2017-04-01,2017-06-30,Zip Code: 98119,Single Family Residential,973353.0,989000.0,481.9112999891032,60.0,67.0,16.0,1.0520501316740167,0.5166666666666667
2013-10-01,2013-12-31,Zip Code: 98136,All Residential,411500.0,435000.0,255.072463768116,73.0,47.0,26.0,0.994828332101116,0.2602739726027397
2016-12-01,2017-02-28,Zip Code: 98133,Single Family Residential,514100.0,509475.0,308.92857142857144,95.0,66.0,11.0,1.0314026111764478,0.5157894736842105
2015-06-01,2015-08-31,Zip Code: 98122,Townhouse,612000.0,594475.0,402.7061855670103,55.0,46.0,14.0,1.0252799081035844,0.509090909090909
2021-06-01,2021-08-31,Zip Code: 98122,Single Family Residential,1280000.0,1195000.0,575.7539554555658,90.0,75.0,23.0,1.0481704802561866,0.5888888888888889
2023-02-01,2023-04-30,Zip Code: 98107,Single Family Residential,913500.0,1015000.0,543.8005582773158,28.0,29.0,8.0,0.9777104204096896,0.25
2021-05-01,2021-07-31,Zip Code: 98112,Condo/Co-op,663000.0,587000.0,638.2978723404256,19.0,22.0,10.0,1.007285534144975,0.3157894736842105
2017-01-01,2017-03-31,Zip Code: 98118,Multi-Family (2-4 Unit),657500.0,602500.0,349.51417648932784,2.0,2.0,,1.006575707714296,0.5
2021-03-01,2021-05-31,Zip Code: 98136,Townhouse,599000.0,625000.0,497.09543568464727,45.0,28.0,1.0,1.009250583255556,0.2666666666666666
2016-07-01,2016-09-30,Zip Code: 98117,Single Family Residential,726388.5,675000.0,371.2215113954418,146.0,175.0,46.0,1.048205468244614,0.6027397260273972
2021-03-01,2021-05-31,Zip Code: 98107,Townhouse,782500.0,799950.0,568.6851382888922,94.0,91.0,13.0,1.021881241355424,0.351063829787234
2020-09-01,2020-11-30,Zip Code: 98106,Condo/Co-op,298000.0,350000.0,367.455456570156,3.0,9.0,3.0,1.009252883473766,0.6666666666666666
2018-10-01,2018-12-31,Zip Code: 98178,Townhouse,198000.0,220000.0,165.69037656903765,1.0,3.0,3.0,0.9428571428571428,0.0
2013-02-01,2013-04-30,Zip Code: 98118,Townhouse,240000.0,267000.0,187.27272727272728,3.0,11.0,8.0,1.008297049986689,0.3333333333333333
2016-06-01,2016-08-31,Zip Code: 98133,Single Family Residential,480000.0,450000.0,294.5121951219512,145.0,175.0,38.0,1.0542023548294115,0.6482758620689654
2023-06-01,2023-08-31,Zip Code: 98117,All Residential,909000.0,862475.0,586.3660516438296,170.0,184.0,68.0,1.0260180665584293,0.4058823529411764
2015-01-01,2015-03-31,Zip Code: 98115,Condo/Co-op,225000.0,235000.0,225.0,29.0,39.0,7.0,1.0062073975648294,0.3793103448275861
2015-07-01,2015-09-30,Zip Code: 98119,Townhouse,654975.0,637000.0,430.6293509211945,12.0,10.0,3.0,1.0057944245929262,0.4166666666666666
2016-09-01,2016-11-30,Zip Code: 98119,Single Family Residential,1025000.0,983500.0,388.3248730964467,45.0,46.0,12.0,0.9970250485112032,0.3111111111111111
2017-11-01,2018-01-31,Zip Code: 98144,Multi-Family (2-4 Unit),936550.0,979050.0,405.4726368159204,4.0,6.0,2.0,0.9940119760479044,0.0
2020-11-01,2021-01-31,Zip Code: 98116,Multi-Family (2-4 Unit),780000.0,1020000.0,445.71428571428567,3.0,6.0,4.0,0.9795262946607788,0.0
2020-12-01,2021-02-28,Zip Code: 98115,Single Family Residential,898800.0,885000.0,457.232952305873,115.0,112.0,17.0,1.041375248525504,0.5043478260869565
2017-04-01,2017-06-30,Zip Code: 98133,Condo/Co-op,275950.0,270000.0,341.4015289624215,44.0,53.0,8.0,1.080057256129508,0.7272727272727272
2018-07-01,2018-09-30,Zip Code: 98108,Multi-Family (2-4 Unit),425000.0,650000.0,277.77777777777777,3.0,3.0,1.0,1.0144182142596194,1.0
2018-02-01,2018-04-30,Zip Code: 98178,Townhouse,539000.0,539000.0,284.394250513347,5.0,11.0,3.0,1.0204996680942522,0.4
2015-02-01,2015-04-30,Zip Code: 98122,All Residential,470000.0,499850.0,390.4761904761905,131.0,169.0,52.0,1.008916085103033,0.4580152671755725
2022-02-01,2022-04-30,Zip Code: 98107,Condo/Co-op,500000.0,499989.5,655.829596412556,53.0,52.0,3.0,1.031418966397592,0.6226415094339622
2021-12-01,2022-02-28,Zip Code: 98136,All Residential,749000.0,797722.5,526.8846153846154,51.0,48.0,6.0,1.059526647927414,0.5490196078431373
2023-01-01,2023-03-31,Zip Code: 98117,All Residential,837500.0,879900.0,529.6052631578947,79.0,99.0,38.0,1.0124263204280248,0.4050632911392405
2023-02-01,2023-04-30,Zip Code: 98102,All Residential,617500.0,677500.0,624.241150605971,54.0,92.0,48.0,0.9874228792124202,0.1111111111111111
2020-11-01,2021-01-31,Zip Code: 98107,Townhouse,765000.0,752500.0,549.1118432554869,46.0,54.0,24.0,1.0022017742264264,0.2608695652173913
2013-03-01,2013-05-31,Zip Code: 98177,All Residential,446500.0,479500.0,218.99483138589136,86.0,115.0,51.0,0.9943739156223173,0.3488372093023255
2012-09-01,2012-11-30,Zip Code: 98117,All Residential,435000.0,440000.0,245.2229299363057,135.0,125.0,43.0,1.0037134803460896,0.4148148148148148
2015-10-01,2015-12-31,Zip Code: 98178,Single Family Residential,325000.0,328000.0,189.52053442148213,82.0,65.0,24.0,1.0003541540274383,0.3902439024390244
2013-09-01,2013-11-30,Zip Code: 98178,Condo/Co-op,68900.0,59750.0,57.656903765690366,1.0,2.0,2.0,0.9125827814569536,0.0
2017-06-01,2017-08-31,Zip Code: 98119,Condo/Co-op,524000.0,474975.0,558.3126550868486,45.0,42.0,8.0,1.0593567959303416,0.5555555555555555
2015-12-01,2016-02-29,Zip Code: 98116,All Residential,624950.0,629950.0,358.71617369414724,103.0,109.0,34.0,1.005078121556258,0.3689320388349514
2020-07-01,2020-09-30,Zip Code: 98133,All Residential,649950.0,599950.0,390.625,227.0,267.0,79.0,1.0192375546849657,0.4493392070484581
2012-10-01,2012-12-31,Zip Code: 98117,Multi-Family (2-4 Unit),600000.0,529975.0,190.23462270133163,1.0,2.0,3.0,0.96,0.0
2017-07-01,2017-09-30,Zip Code: 98136,Townhouse,585000.0,539950.0,411.1111111111112,7.0,13.0,3.0,1.0977605311903031,0.8571428571428571
2018-03-01,2018-05-31,Zip Code: 98122,Multi-Family (2-4 Unit),1026500.0,970000.0,469.05017152658655,6.0,8.0,2.0,0.9812098428697088,0.0
2013-06-01,2013-08-31,Zip Code: 98117,Single Family Residential,485750.0,489000.0,250.1929012345679,176.0,169.0,36.0,1.0295979867059477,0.5795454545454545
2016-02-01,2016-04-30,Zip Code: 98117,All Residential,667050.0,649950.0,365.3176577482556,126.0,164.0,30.0,1.0704252464186108,0.6269841269841269
2020-11-01,2021-01-31,Zip Code: 98119,Single Family Residential,1107500.0,1124490.0,520.4166666666665,39.0,32.0,11.0,0.9916682049053472,0.282051282051282
2013-04-01,2013-06-30,Zip Code: 98106,All Residential,249949.5,259250.0,171.44180874722016,98.0,130.0,74.0,1.017379129017454,0.4387755102040816
2021-02-01,2021-04-30,Zip Code: 98112,Townhouse,886000.0,799000.0,649.7280489090334,24.0,36.0,17.0,1.0132295844755284,0.375
2023-08-01,2023-10-31,Zip Code: 98178,Single Family Residential,670000.0,718500.0,351.5703203203203,48.0,52.0,21.0,1.0041121182519683,0.3541666666666666
2020-12-01,2021-02-28,Zip Code: 98105,Single Family Residential,1285000.0,1199000.0,506.5359477124183,63.0,51.0,16.0,1.0099694791663734,0.3809523809523809
2023-10-01,2023-12-31,Zip Code: 98144,Multi-Family (2-4 Unit),925000.0,970557.5,301.54320200061244,2.0,2.0,1.0,0.9545454545454544,0.0
2012-10-01,2012-12-31,Zip Code: 98105,Single Family Residential,517000.0,542000.0,250.95057034220528,59.0,46.0,19.0,0.9941712520504136,0.2881355932203389
2021-09-01,2021-11-30,Zip Code: 98136,Multi-Family (2-4 Unit),760000.0,1500000.0,254.18060200668896,1.0,1.0,1.0,1.0,0.0
2020-01-01,2020-03-31,Zip Code: 98105,All Residential,860000.0,899950.0,480.8994708994709,55.0,88.0,38.0,1.003441786069962,0.2727272727272727
2012-10-01,2012-12-31,Zip Code: 98122,Multi-Family (2-4 Unit),637000.0,459500.0,275.88963963963965,4.0,2.0,1.0,0.9950299245343176,0.25
2013-07-01,2013-09-30,Zip Code: 98112,Townhouse,465000.0,539000.0,325.0,11.0,15.0,7.0,0.985767870143502,0.0909090909090909
2014-05-01,2014-07-31,Zip Code: 98122,Single Family Residential,626500.0,575000.0,303.57627940819793,82.0,93.0,37.0,1.0354063634614137,0.5365853658536585
2021-10-01,2021-12-31,Zip Code: 98144,Multi-Family (2-4 Unit),1398000.0,1142500.0,407.58017492711366,7.0,2.0,,1.0123060002369475,0.4285714285714285
2019-11-01,2020-01-31,Zip Code: 98122,All Residential,735000.0,895000.0,535.0088960065718,120.0,75.0,33.0,0.9872404758486112,0.2
2023-03-01,2023-05-31,Zip Code: 98194,Condo/Co-op,1405000.0,1475000.0,954.4836956521738,1.0,1.0,,0.952542372881356,0.0
2020-02-01,2020-04-30,Zip Code: 98134,Condo/Co-op,450000.0,,375.0,1.0,,,1.0022271714922049,1.0
2016-08-01,2016-10-31,Zip Code: 98134,Condo/Co-op,265000.0,995000.0,247.43230625583567,1.0,1.0,2.0,0.9636363636363636,0.0
2015-09-01,2015-11-30,Zip Code: 98119,Multi-Family (2-4 Unit),955000.0,799000.0,181.9047619047619,1.0,3.0,,1.123529411764706,1.0
2023-04-01,2023-06-30,Zip Code: 98136,Single Family Residential,1092500.0,997000.0,544.392523364486,44.0,48.0,13.0,1.031927934449514,0.4318181818181818
2021-07-01,2021-09-30,Zip Code: 98104,Condo/Co-op,605000.0,589950.0,898.565965583174,35.0,51.0,40.0,0.9880756215812264,0.1142857142857142
2019-05-01,2019-07-31,Zip Code: 98101,All Residential,692500.0,685000.0,726.7121657869689,48.0,71.0,56.0,0.991024091113299,0.2083333333333333
2019-05-01,2019-07-31,Zip Code: 98112,Multi-Family (2-4 Unit),1650000.0,2100000.0,436.3706266820454,2.0,1.0,,1.0,0.0
2015-08-01,2015-10-31,Zip Code: 98102,Condo/Co-op,370500.0,380000.0,472.5699465008676,54.0,59.0,15.0,1.0129942178172184,0.3518518518518518
2022-02-01,2022-04-30,Zip Code: 98144,Condo/Co-op,415000.0,497000.0,586.3451479870243,24.0,18.0,3.0,1.0364672456406991,0.625
2022-04-01,2022-06-30,Zip Code: 98112,Townhouse,1172500.0,900000.0,735.0088331841818,14.0,13.0,2.0,1.0593667390993542,0.5714285714285714
2015-06-01,2015-08-31,Zip Code: 98116,Condo/Co-op,371500.0,369475.0,375.5256805415824,34.0,26.0,12.0,0.9883205043636109,0.2352941176470588
2015-12-01,2016-02-29,Zip Code: 98194,All Residential,875000.0,,473.74120194910665,1.0,,,0.9722222222222222,0.0
2020-09-01,2020-11-30,Zip Code: 98134,Condo/Co-op,405500.0,,352.6086956521739,2.0,,,0.9782388037891576,0.0
2014-06-01,2014-08-31,Zip Code: 98104,Condo/Co-op,264000.0,269725.0,393.4693877551021,15.0,20.0,17.0,0.969864149707902,0.0666666666666666
2018-11-01,2019-01-31,Zip Code: 98119,Single Family Residential,1017500.0,1075000.0,526.588687150838,14.0,18.0,14.0,0.9746811829608628,0.0714285714285714
2019-07-01,2019-09-30,Zip Code: 98103,All Residential,745000.0,750000.0,484.2105263157896,223.0,237.0,134.0,0.9983498435768062,0.2152466367713004
2013-07-01,2013-09-30,Zip Code: 98119,Townhouse,535000.0,625000.0,303.19148936170205,19.0,27.0,16.0,1.0084408868357462,0.3684210526315789
2013-07-01,2013-09-30,Zip Code: 98133,Townhouse,291000.0,290000.0,217.3913043478261,21.0,28.0,9.0,1.0034610916810531,0.2857142857142857
2019-03-01,2019-05-31,Zip Code: 98112,Single Family Residential,1347500.0,1295000.0,531.2757262142773,64.0,105.0,49.0,1.006154794140377,0.421875
2016-10-01,2016-12-31,Zip Code: 98106,All Residential,415000.0,432350.0,266.5615141955836,133.0,107.0,31.0,1.0085460467045255,0.4360902255639097
2022-01-01,2022-03-31,Zip Code: 98112,Single Family Residential,1695000.0,1612500.0,733.3333333333333,53.0,58.0,8.0,1.0740722681884154,0.490566037735849
2013-03-01,2013-05-31,Zip Code: 98119,All Residential,494975.0,550000.0,322.0318479743105,102.0,145.0,74.0,0.9986528234145102,0.2549019607843137
2023-12-01,2024-02-29,Zip Code: 98107,Multi-Family (2-4 Unit),1550000.0,1795000.0,437.8531073446328,1.0,1.0,2.0,0.9687802743835744,0.0
2022-11-01,2023-01-31,Zip Code: 98119,Multi-Family (2-4 Unit),1117500.0,1042500.0,349.86772486772486,2.0,2.0,4.0,0.9352179968618324,0.0
2020-01-01,2020-03-31,Zip Code: 98107,Single Family Residential,935000.0,969475.0,519.1693290734825,33.0,48.0,10.0,1.0421327720582072,0.4545454545454545
2021-06-01,2021-08-31,Zip Code: 98122,All Residential,825000.0,830000.0,596.2059620596206,233.0,213.0,72.0,1.0178892731791138,0.3776824034334764
2019-05-01,2019-07-31,Zip Code: 98118,Condo/Co-op,330000.0,305000.0,307.5489282385834,5.0,7.0,7.0,0.9674785256873404,0.0
2021-12-01,2022-02-28,Zip Code: 98102,All Residential,796475.0,799000.0,655.2226992637202,90.0,81.0,29.0,1.0015012614334768,0.2555555555555555
2012-02-01,2012-04-30,Zip Code: 98136,All Residential,385000.0,419950.0,208.7378640776699,61.0,83.0,42.0,0.974839156038038,0.2622950819672131
2019-11-01,2020-01-31,Zip Code: 98107,Single Family Residential,925000.0,979000.0,503.8501291989664,37.0,24.0,6.0,0.9966696437558632,0.2162162162162162
2019-10-01,2019-12-31,Zip Code: 98136,All Residential,667500.0,662500.0,403.62084056097046,84.0,68.0,23.0,0.9985980380809332,0.3571428571428571
2017-06-01,2017-08-31,Zip Code: 98103,Townhouse,745000.0,717500.0,520.7407407407408,53.0,54.0,5.0,1.0856222712807295,0.7735849056603774
2020-05-01,2020-07-31,Zip Code: 98122,Condo/Co-op,440000.0,454750.0,617.678381256656,39.0,66.0,32.0,0.9984686076270436,0.2051282051282051
2020-03-01,2020-05-31,Zip Code: 98119,Single Family Residential,1260000.0,1264500.0,535.4166666666665,31.0,50.0,21.0,1.029414959238807,0.4838709677419355
2020-01-01,2020-03-31,Zip Code: 98122,Single Family Residential,1100000.0,998000.0,484.4290657439447,35.0,49.0,22.0,1.0030485930255904,0.3142857142857142
2012-01-01,2012-03-31,Zip Code: 98121,All Residential,312000.0,355000.0,374.2138364779874,39.0,70.0,64.0,0.9634339408295716,0.1025641025641025
2019-07-01,2019-09-30,Zip Code: 98102,Townhouse,905000.0,1077000.0,547.820823244552,9.0,16.0,12.0,0.977027258732806,0.0
2012-03-01,2012-05-31,Zip Code: 98118,Multi-Family (2-4 Unit),275000.0,351995.0,143.22916666666666,3.0,8.0,6.0,1.0341472148490327,0.3333333333333333
2021-08-01,2021-10-31,Zip Code: 98107,All Residential,781000.0,775000.0,597.9480216238168,174.0,187.0,41.0,1.0242212994171096,0.4770114942528735
2020-01-01,2020-03-31,Zip Code: 98121,All Residential,609000.0,626997.5,738.0816225386477,78.0,98.0,64.0,0.9843273002015948,0.1282051282051281
2020-12-01,2021-02-28,Zip Code: 98121,All Residential,615000.0,630250.0,665.3708708410336,68.0,114.0,102.0,0.977295527044654,0.0735294117647058
2016-03-01,2016-05-31,Zip Code: 98103,Townhouse,640000.0,598000.0,426.1363636363636,53.0,67.0,6.0,1.0609582976147534,0.5471698113207547
2012-02-01,2012-04-30,Zip Code: 98112,Single Family Residential,800000.0,975000.0,286.8391451068616,59.0,81.0,62.0,0.9660673559249372,0.2203389830508474
2020-02-01,2020-04-30,Zip Code: 98102,Single Family Residential,1526000.0,1672500.0,540.7186422699549,10.0,18.0,14.0,1.02514198649942,0.5999999999999999
2022-06-01,2022-08-31,Zip Code: 98119,Multi-Family (2-4 Unit),1272500.0,1295000.0,455.2246426140232,2.0,5.0,6.0,0.970615918583446,0.0
2023-02-01,2023-04-30,Zip Code: 98122,Townhouse,820000.0,772000.0,611.9262865090403,31.0,46.0,30.0,0.9886191206736952,0.096774193548387
2014-09-01,2014-11-30,Zip Code: 98122,Single Family Residential,578500.0,590000.0,308.14822175116296,64.0,55.0,22.0,0.9949147305170593,0.328125
2019-08-01,2019-10-31,Zip Code: 98122,Townhouse,830000.0,829975.0,559.7315436241611,35.0,36.0,17.0,0.9962034941430556,0.1714285714285714
2023-09-01,2023-11-30,Zip Code: 98112,All Residential,1366000.0,1315000.0,684.4380403458214,55.0,58.0,28.0,0.980622880824943,0.2
2020-07-01,2020-09-30,Zip Code: 98133,Multi-Family (2-4 Unit),810000.0,749000.0,356.4593301435407,5.0,5.0,6.0,0.9592615804742128,0.0
2017-10-01,2017-12-31,Zip Code: 98136,Townhouse,589000.0,587000.0,433.33333333333326,19.0,14.0,1.0,1.0161540783076384,0.3157894736842105
2013-06-01,2013-08-31,Zip Code: 98101,Condo/Co-op,415050.0,425000.0,473.91588237943,56.0,51.0,36.0,0.99196355934877,0.1964285714285714
2022-01-01,2022-03-31,Zip Code: 98136,Condo/Co-op,340000.0,449950.0,569.1881918819188,7.0,5.0,1.0,1.024012138312456,0.5714285714285714
2015-06-01,2015-08-31,Zip Code: 98119,Single Family Residential,857000.0,832450.0,360.37216828478967,58.0,50.0,16.0,1.0284615712002398,0.4827586206896551
2018-02-01,2018-04-30,Zip Code: 98175,Single Family Residential,635000.0,,747.0588235294117,1.0,,,1.209754238902648,1.0
2019-11-01,2020-01-31,Zip Code: 98178,Single Family Residential,480000.0,449975.0,258.4710743801653,85.0,40.0,21.0,0.9905880172819124,0.2588235294117647
2020-10-01,2020-12-31,Zip Code: 98101,All Residential,647907.0,609450.0,751.7084282460138,47.0,60.0,73.0,0.978083733322246,0.1063829787234042
2020-06-01,2020-08-31,Zip Code: 98108,All Residential,635000.0,639475.0,366.4285714285714,71.0,120.0,58.0,1.0104230804001586,0.3943661971830985
2023-07-01,2023-09-30,Zip Code: 98178,Condo/Co-op,1500000.0,300000.0,1071.428571428571,1.0,1.0,1.0,0.9721322099805572,0.0
2023-05-01,2023-07-31,Zip Code: 98133,Single Family Residential,777000.0,799950.0,498.36423118865866,95.0,106.0,27.0,1.026356829570262,0.4631578947368421
2017-12-01,2018-02-28,Zip Code: 98122,All Residential,775000.0,767500.0,554.8076923076923,87.0,82.0,12.0,1.053690863737278,0.5402298850574712
2020-11-01,2021-01-31,Zip Code: 98116,All Residential,792500.0,787000.0,464.1891891891892,115.0,98.0,39.0,0.9985955168849584,0.2695652173913043
2019-03-01,2019-05-31,Zip Code: 98122,Townhouse,772000.0,779475.0,581.4033138942888,32.0,48.0,25.0,1.0015876712304288,0.25
2012-08-01,2012-10-31,Zip Code: 98116,Townhouse,327000.0,379000.0,241.1294781070323,6.0,11.0,8.0,0.9844408171852876,0.0
2021-07-01,2021-09-30,Zip Code: 98136,Condo/Co-op,415000.0,419000.0,509.7087378640777,11.0,9.0,4.0,0.9996796276974712,0.1818181818181818
2013-10-01,2013-12-31,Zip Code: 98103,All Residential,473500.0,454000.0,301.0468958673149,192.0,117.0,49.0,1.0082162639171406,0.3802083333333333
2016-04-01,2016-06-30,Zip Code: 98136,Single Family Residential,649975.0,644950.0,321.51162790697674,82.0,97.0,17.0,1.0588323077314403,0.6585365853658536
2022-03-01,2022-05-31,Zip Code: 98116,All Residential,1015000.0,979000.0,602.5369978858351,141.0,149.0,24.0,1.1011059723642551,0.7163120567375886
2013-09-01,2013-11-30,Zip Code: 98116,Condo/Co-op,316250.0,288669.0,336.6025641025641,22.0,22.0,22.0,0.9911775627978168,0.2272727272727272
2017-07-01,2017-09-30,Zip Code: 98122,Multi-Family (2-4 Unit),1155000.0,899000.0,471.38047138047136,5.0,7.0,4.0,1.1065341124024786,0.4
2014-03-01,2014-05-31,Zip Code: 98136,Townhouse,375000.0,399950.0,286.611030478955,9.0,15.0,4.0,1.0016435721696682,0.6666666666666666
2014-09-01,2014-11-30,Zip Code: 98107,Townhouse,500000.0,479475.0,343.7712729748128,41.0,34.0,5.0,1.0034757890601231,0.3170731707317073
2015-07-01,2015-09-30,Zip Code: 98102,Townhouse,725000.0,824000.0,515.730659025788,15.0,21.0,9.0,1.0229719975096463,0.3333333333333333
2013-07-01,2013-09-30,Zip Code: 98116,Condo/Co-op,383000.0,379500.0,355.92011412268187,39.0,32.0,25.0,0.9930612092957134,0.2307692307692307
2019-05-01,2019-07-31,Zip Code: 98117,Condo/Co-op,410000.0,415000.0,490.92849519743856,7.0,8.0,7.0,0.9867233245252478,0.1428571428571428
2012-09-01,2012-11-30,Zip Code: 98107,All Residential,395000.0,404950.0,283.1956166320534,98.0,97.0,34.0,1.0005372459002235,0.3571428571428571
2012-12-01,2013-02-28,Zip Code: 98119,All Residential,476000.0,464975.0,316.47058823529414,59.0,64.0,53.0,0.9731069649700514,0.2033898305084745
2012-08-01,2012-10-31,Zip Code: 98107,Multi-Family (2-4 Unit),622500.0,489925.0,210.83836442209764,8.0,8.0,3.0,0.9667020951375412,0.0
2022-06-01,2022-08-31,Zip Code: 98107,Single Family Residential,1000000.0,975000.0,628.930817610063,41.0,42.0,12.0,1.0540769224540718,0.6829268292682927
2020-08-01,2020-10-31,Zip Code: 98107,All Residential,797000.0,749975.0,541.6362530413626,176.0,220.0,80.0,1.0091039696914132,0.3806818181818181
2012-03-01,2012-05-31,Zip Code: 98115,Townhouse,279000.0,339500.0,228.19472616632856,15.0,13.0,9.0,0.9878449620776096,0.2666666666666666
2021-06-01,2021-08-31,Zip Code: 98117,Townhouse,782475.0,715000.0,526.2741110494854,66.0,60.0,13.0,1.0050438429301478,0.2121212121212121
2021-03-01,2021-05-31,Zip Code: 98122,All Residential,789975.0,784950.0,601.3485871248649,202.0,289.0,83.0,1.0316413118973673,0.3811881188118811
2013-10-01,2013-12-31,Zip Code: 98144,Townhouse,365500.0,367450.0,255.67602040816325,30.0,22.0,6.0,1.0018712076999647,0.2333333333333333
2012-01-01,2012-03-31,Zip Code: 98134,Condo/Co-op,171500.0,212000.0,167.9790631744616,2.0,2.0,3.0,0.9583621014572514,0.0
2015-04-01,2015-06-30,Zip Code: 98105,Condo/Co-op,287000.0,269500.0,370.9558823529412,13.0,20.0,5.0,1.0112055504944355,0.4615384615384615
2014-12-01,2015-02-28,Zip Code: 98119,Condo/Co-op,330000.0,349000.0,364.4708423326134,33.0,33.0,15.0,0.9892065598578306,0.2121212121212121
2023-12-01,2024-02-29,Zip Code: 98107,Townhouse,835000.0,839950.0,583.3333333333334,23.0,35.0,9.0,0.9973283147567876,0.217391304347826
2013-10-01,2013-12-31,Zip Code: 98178,Single Family Residential,234475.0,239925.0,153.02285756831213,72.0,72.0,65.0,0.9974369211057144,0.3194444444444444
2020-02-01,2020-04-30,Zip Code: 98116,Condo/Co-op,475000.0,494250.0,558.2232893157263,11.0,20.0,14.0,0.9955492038936146,0.2727272727272727
2013-04-01,2013-06-30,Zip Code: 98144,Single Family Residential,459950.0,485000.0,252.97990114155857,73.0,124.0,54.0,1.0055791768879827,0.3424657534246575
2015-03-01,2015-05-31,Zip Code: 98118,Townhouse,330000.0,294000.0,235.3982300884956,15.0,28.0,4.0,1.0351482257421585,0.5999999999999999
2017-01-01,2017-03-31,Zip Code: 98144,Condo/Co-op,291775.0,310000.0,336.9279176201373,8.0,15.0,6.0,1.017927174713659,0.25
2014-12-01,2015-02-28,Zip Code: 98112,Townhouse,665000.0,694999.0,461.4572333685322,5.0,8.0,2.0,0.9892399748356008,0.2
2013-12-01,2014-02-28,Zip Code: 98119,All Residential,555450.0,479950.0,345.22103416556087,70.0,77.0,41.0,0.9882472306427093,0.1857142857142857
2012-05-01,2012-07-31,Zip Code: 98106,Townhouse,237000.0,174200.0,152.20750851127283,16.0,14.0,9.0,0.9888146082860304,0.25
2017-02-01,2017-04-30,Zip Code: 98108,Multi-Family (2-4 Unit),445000.0,639880.0,370.83333333333326,1.0,3.0,2.0,1.0470588235294118,1.0
2013-09-01,2013-11-30,Zip Code: 98122,Multi-Family (2-4 Unit),545000.0,550000.0,176.0887344101411,4.0,9.0,8.0,1.0163711967302165,0.5
2021-09-01,2021-11-30,Zip Code: 98119,All Residential,810000.0,805000.0,600.9334889148191,133.0,108.0,35.0,1.0144287389753903,0.3233082706766917
2016-01-01,2016-03-31,Zip Code: 98144,Condo/Co-op,294500.0,299500.0,335.2885131785508,8.0,15.0,2.0,1.0147842166086567,0.25
2022-12-01,2023-02-28,Zip Code: 98134,All Residential,295000.0,,391.2466843501326,1.0,,,1.0,0.0
2019-01-01,2019-03-31,Zip Code: 98121,Condo/Co-op,577250.0,700000.0,749.5511669658887,65.0,113.0,99.0,0.9769235234377436,0.1076923076923077
2019-04-01,2019-06-30,Zip Code: 98136,All Residential,716967.5,669500.0,406.29555379427165,110.0,141.0,51.0,1.0193919732703234,0.4181818181818181
2021-03-01,2021-05-31,Zip Code: 98107,All Residential,782500.0,820000.0,573.6325346417088,244.0,247.0,39.0,1.0308204943532109,0.3647540983606557
2023-09-01,2023-11-30,Zip Code: 98121,All Residential,630000.0,699500.0,747.1264367816093,59.0,92.0,87.0,0.9772858344583228,0.0847457627118644
2015-01-01,2015-03-31,Zip Code: 98115,Townhouse,461000.0,440000.0,363.0952380952381,15.0,15.0,3.0,1.0102846373454206,0.3333333333333333
2016-10-01,2016-12-31,Zip Code: 98175,Townhouse,505000.0,,365.6770456191166,1.0,,,1.0746967439880826,1.0
2015-05-01,2015-07-31,Zip Code: 98175,Single Family Residential,380000.0,375000.0,342.3423423423424,1.0,1.0,,1.0133333333333334,1.0
2019-10-01,2019-12-31,Zip Code: 98119,Multi-Family (2-4 Unit),933000.0,1100000.0,420.7839967670236,2.0,3.0,1.0,0.9756742542939396,0.0
2013-12-01,2014-02-28,Zip Code: 98107,All Residential,480000.0,459500.0,324.39676616915426,82.0,90.0,35.0,1.0028301769067467,0.3048780487804878
2012-06-01,2012-08-31,Zip Code: 98112,Multi-Family (2-4 Unit),577500.0,757450.0,233.71695314544976,2.0,4.0,1.0,0.9831689930974318,0.0
2020-08-01,2020-10-31,Zip Code: 98112,Townhouse,792500.0,815000.0,596.4109121909632,22.0,35.0,24.0,1.0007050698587314,0.1818181818181818
2013-02-01,2013-04-30,Zip Code: 98108,Single Family Residential,255000.0,309950.0,175.2577319587629,55.0,64.0,29.0,0.998547140729694,0.2909090909090908
2015-02-01,2015-04-30,Zip Code: 98108,Townhouse,279000.0,299975.0,237.17799547098048,6.0,4.0,,1.0244020598281336,0.6666666666666666
2014-10-01,2014-12-31,Zip Code: 98175,Townhouse,360000.0,,260.6806661839247,1.0,,,0.9863013698630136,0.0
2015-08-01,2015-10-31,Zip Code: 98104,All Residential,265000.0,713070.0,347.60956175298804,15.0,22.0,18.0,0.9874996146077036,0.2666666666666666
2020-02-01,2020-04-30,Zip Code: 98136,Condo/Co-op,382000.0,312475.0,501.0615989997058,6.0,8.0,6.0,1.0059575450821256,0.5
2013-12-01,2014-02-28,Zip Code: 98108,Single Family Residential,349950.0,319998.0,195.33966258259028,41.0,51.0,31.0,0.999578676798032,0.2195121951219512
2022-11-01,2023-01-31,Zip Code: 98119,Single Family Residential,1325000.0,1307500.0,612.4202258222876,21.0,24.0,14.0,0.9851733193798524,0.238095238095238
2013-04-01,2013-06-30,Zip Code: 98178,Single Family Residential,254500.0,262000.0,140.22135416666666,111.0,135.0,91.0,1.0179233461231934,0.5405405405405405
2015-04-01,2015-06-30,Zip Code: 98102,Townhouse,702000.0,824975.0,414.76404685112885,6.0,14.0,3.0,1.0424518194682444,0.5
2019-06-01,2019-08-31,Zip Code: 98112,Single Family Residential,1262500.0,1398500.0,517.0343137254902,80.0,81.0,38.0,0.9959472161399308,0.325
2020-02-01,2020-04-30,Zip Code: 98121,Condo/Co-op,624500.0,644500.0,751.1117007610696,68.0,96.0,67.0,0.9868020159033336,0.1470588235294117
2017-05-01,2017-07-31,Zip Code: 98106,All Residential,495000.0,469975.0,334.1483292583537,149.0,148.0,23.0,1.060899998422833,0.5973154362416107
2016-02-01,2016-04-30,Zip Code: 98115,Condo/Co-op,280000.0,250000.0,286.9287991498406,29.0,35.0,7.0,1.0722109448208437,0.6551724137931034
2015-04-01,2015-06-30,Zip Code: 98122,All Residential,548000.0,525000.0,410.2411726836032,174.0,201.0,41.0,1.0327049909532138,0.5804597701149425
2023-06-01,2023-08-31,Zip Code: 98106,All Residential,655000.0,650000.0,430.8665197130978,94.0,128.0,45.0,1.0087613529844526,0.4361702127659574
2015-11-01,2016-01-31,Zip Code: 98122,Condo/Co-op,350000.0,298750.0,506.9582504970179,47.0,26.0,6.0,1.0061122917729273,0.3829787234042553
2016-08-01,2016-10-31,Zip Code: 98119,Townhouse,805000.0,795000.0,481.73690932311615,14.0,17.0,3.0,1.0036665606341764,0.1428571428571428
2014-06-01,2014-08-31,Zip Code: 98133,All Residential,350000.0,335000.0,224.47400012636632,202.0,248.0,118.0,1.0047709021933546,0.3811881188118811
2015-08-01,2015-10-31,Zip Code: 98121,All Residential,682180.0,659500.0,673.1804586241276,201.0,196.0,70.0,0.9997276810130212,0.1044776119402985
2022-11-01,2023-01-31,Zip Code: 98112,Condo/Co-op,712500.0,768725.0,838.2352941176471,3.0,6.0,7.0,0.9780203352498456,0.0
2012-07-01,2012-09-30,Zip Code: 98118,Townhouse,200000.0,249250.0,128.58153162255002,8.0,4.0,3.0,1.0017199050777792,0.375
2021-05-01,2021-07-31,Zip Code: 98117,Single Family Residential,1057500.0,899950.0,540.9709338280767,198.0,209.0,19.0,1.1127971214852157,0.7323232323232323
2013-01-01,2013-03-31,Zip Code: 98133,Townhouse,289000.0,279900.0,216.4,11.0,27.0,13.0,0.9870309852287104,0.2727272727272727
2016-04-01,2016-06-30,Zip Code: 98178,Single Family Residential,361950.0,349970.0,206.29750271444084,95.0,128.0,45.0,1.0573814695155026,0.6421052631578947
2013-10-01,2013-12-31,Zip Code: 98119,Single Family Residential,700000.0,729000.0,317.9824561403509,39.0,27.0,13.0,0.9941799695527546,0.2564102564102563
2023-03-01,2023-05-31,Zip Code: 98116,Multi-Family (2-4 Unit),827500.0,1235000.0,325.78740157480314,1.0,1.0,1.0,0.9910179640718562,0.0
2022-08-01,2022-10-31,Zip Code: 98178,Single Family Residential,677500.0,650000.0,354.55228365384613,54.0,67.0,32.0,0.9950302528278848,0.2592592592592592
2022-06-01,2022-08-31,Zip Code: 98117,Condo/Co-op,575000.0,729975.0,574.4644595910419,13.0,20.0,4.0,1.014807043167355,0.3846153846153846
2022-05-01,2022-07-31,Zip Code: 98134,Single Family Residential,1050000.0,1050000.0,582.3627287853577,1.0,1.0,,1.0,0.0
2012-09-01,2012-11-30,Zip Code: 98175,All Residential,520000.0,,129.03225806451613,1.0,,,0.912280701754386,0.0
2020-02-01,2020-04-30,Zip Code: 98178,Multi-Family (2-4 Unit),563000.0,775000.0,341.2121212121212,1.0,1.0,1.0,1.0724830936279646,1.0
2013-02-01,2013-04-30,Zip Code: 98133,Single Family Residential,369500.0,330000.0,194.95357085923803,70.0,119.0,56.0,1.0022326389613023,0.4714285714285714
2022-06-01,2022-08-31,Zip Code: 98107,All Residential,872500.0,865000.0,630.0360815185613,122.0,149.0,45.0,1.0194501271003988,0.3934426229508196
2015-03-01,2015-05-31,Zip Code: 98144,All Residential,476000.0,495000.0,306.41509433962267,137.0,159.0,39.0,1.0320200388795535,0.583941605839416
2021-08-01,2021-10-31,Zip Code: 98119,Single Family Residential,1417500.0,1350000.0,648.0634339737725,57.0,45.0,11.0,1.039451220796472,0.4736842105263157
2018-06-01,2018-08-31,Zip Code: 98136,All Residential,729900.0,745000.0,404.36137071651086,89.0,128.0,59.0,1.0158418943555707,0.4606741573033708
2013-06-01,2013-08-31,Zip Code: 98102,Townhouse,577500.0,634000.0,347.5783475783476,9.0,13.0,12.0,0.9917528228862844,0.3333333333333333
2021-03-01,2021-05-31,Zip Code: 98102,Townhouse,1022500.0,962475.0,672.2872425997425,38.0,44.0,20.0,1.0062403579770616,0.2894736842105263
2022-12-01,2023-02-28,Zip Code: 98122,Townhouse,954999.5,799950.0,598.1879017537061,48.0,31.0,19.0,0.9964454519163488,0.2083333333333333
2021-04-01,2021-06-30,Zip Code: 98116,Condo/Co-op,595000.0,548800.0,553.9454143177547,30.0,47.0,24.0,1.0006087549114124,0.2666666666666666
2012-05-01,2012-07-31,Zip Code: 98112,Condo/Co-op,347500.0,385000.0,356.0186513629842,16.0,21.0,17.0,0.962550802404694,0.0625
2016-03-01,2016-05-31,Zip Code: 98102,Condo/Co-op,418750.0,377250.0,537.1663259426189,74.0,92.0,25.0,1.0551360704474342,0.635135135135135
2016-07-01,2016-09-30,Zip Code: 98119,Condo/Co-op,370003.5,359500.0,459.55338127572605,44.0,50.0,12.0,1.0201618070916132,0.4772727272727272
2018-04-01,2018-06-30,Zip Code: 98122,Townhouse,832500.0,799900.0,584.6913457944768,30.0,37.0,11.0,1.0471438323008186,0.5333333333333333
2017-11-01,2018-01-31,Zip Code: 98117,Multi-Family (2-4 Unit),1350000.0,1245000.0,422.4806201550388,3.0,2.0,,0.962169312169312,0.0
2019-05-01,2019-07-31,Zip Code: 98112,Single Family Residential,1272500.0,1342000.0,532.4594383354895,76.0,102.0,48.0,1.0007894423275996,0.3552631578947368
2015-08-01,2015-10-31,Zip Code: 98136,Single Family Residential,570000.0,602500.0,286.0091743119266,67.0,76.0,30.0,1.0287836956802798,0.4925373134328358
2016-02-01,2016-04-30,Zip Code: 98125,Townhouse,406500.0,395000.0,318.1137724550898,13.0,15.0,5.0,1.0951725562785182,0.7692307692307692
2023-09-01,2023-11-30,Zip Code: 98144,Multi-Family (2-4 Unit),1175000.0,990000.0,362.65432098765433,3.0,5.0,3.0,0.9313022700119474,0.0
2022-02-01,2022-04-30,Zip Code: 98112,Multi-Family (2-4 Unit),1050000.0,1522500.0,394.7368421052632,1.0,2.0,1.0,0.9333333333333332,0.0
2017-09-01,2017-11-30,Zip Code: 98144,All Residential,705000.0,699950.0,449.65354562877775,144.0,153.0,41.0,1.0343246289116468,0.4583333333333333
2016-03-01,2016-05-31,Zip Code: 98178,Condo/Co-op,90000.0,94900.0,110.29411764705884,1.0,3.0,2.0,0.9483667017913592,0.0
2023-02-01,2023-04-30,Zip Code: 98104,All Residential,401450.0,402450.0,684.2301988075151,22.0,30.0,26.0,0.9860507013665072,0.1818181818181818
2012-10-01,2012-12-31,Zip Code: 98175,All Residential,520000.0,,129.03225806451613,1.0,,,0.912280701754386,0.0
2016-10-01,2016-12-31,Zip Code: 98119,Townhouse,750000.0,899000.0,443.79084967320256,13.0,9.0,3.0,0.9955744294849606,0.1538461538461538
2013-01-01,2013-03-31,Zip Code: 98115,All Residential,422750.0,432000.0,235.6908059821339,150.0,167.0,50.0,1.0030010781490168,0.4066666666666666
2017-12-01,2018-02-28,Zip Code: 98107,All Residential,778500.0,734475.0,539.090776520313,68.0,66.0,9.0,1.042824907660565,0.5441176470588234
2017-12-01,2018-02-28,Zip Code: 98134,Condo/Co-op,355000.0,299950.0,356.18423278633054,4.0,1.0,,1.071840128444021,0.75
2015-07-01,2015-09-30,Zip Code: 98112,Single Family Residential,1180000.0,1264500.0,454.03301886792445,59.0,68.0,34.0,1.0513289930476395,0.5254237288135593
2015-05-01,2015-07-31,Zip Code: 98118,Townhouse,290750.0,284000.0,223.4513274336283,17.0,10.0,2.0,1.037583549369561,0.588235294117647
2014-04-01,2014-06-30,Zip Code: 98117,Multi-Family (2-4 Unit),602500.0,649000.0,225.85404986389284,6.0,7.0,3.0,1.03367501895468,0.6666666666666666
2016-03-01,2016-05-31,Zip Code: 98107,Townhouse,650000.0,620000.0,438.029197080292,35.0,39.0,8.0,1.0323821223162386,0.5142857142857142
2019-11-01,2020-01-31,Zip Code: 98121,Single Family Residential,559500.0,559500.0,722.8682170542636,1.0,1.0,,1.0,0.0
2023-02-01,2023-04-30,Zip Code: 98122,Condo/Co-op,482500.0,475000.0,643.2231049488918,28.0,38.0,13.0,0.9906739626700612,0.0357142857142857
2022-04-01,2022-06-30,Zip Code: 98144,Multi-Family (2-4 Unit),850000.0,1600000.0,303.6423841059603,3.0,3.0,4.0,1.1125832215724456,1.0
2014-09-01,2014-11-30,Zip Code: 98134,Condo/Co-op,219000.0,199500.0,190.43478260869568,1.0,2.0,1.0,1.0,0.0
2019-08-01,2019-10-31,Zip Code: 98107,Single Family Residential,862000.0,899000.0,474.4318181818182,57.0,54.0,12.0,1.010816291741724,0.3859649122807017
2023-11-01,2024-01-31,Zip Code: 98125,Condo/Co-op,342500.0,659999.0,381.8061088977424,9.0,13.0,6.0,0.9943428753753552,0.2222222222222222
2023-10-01,2023-12-31,Zip Code: 98116,Townhouse,759000.0,912475.0,589.7435897435897,7.0,8.0,5.0,0.990471778039019,0.1428571428571428
2019-08-01,2019-10-31,Zip Code: 98112,Multi-Family (2-4 Unit),1143000.0,769950.0,497.96225280096246,2.0,3.0,,1.115902577036417,1.0
2012-02-01,2012-04-30,Zip Code: 98115,All Residential,423333.0,450000.0,230.1350360445295,133.0,187.0,94.0,0.9895092874561496,0.3007518796992481
2020-10-01,2020-12-31,Zip Code: 98103,Multi-Family (2-4 Unit),830000.0,869000.0,367.7685950413223,15.0,11.0,4.0,0.9636307061789188,0.1333333333333333
2020-12-01,2021-02-28,Zip Code: 98106,All Residential,575000.0,579950.0,356.4793130366901,150.0,103.0,17.0,1.0080436034699598,0.3266666666666666
2014-09-01,2014-11-30,Zip Code: 98178,All Residential,294000.0,269950.0,163.16355140186917,97.0,99.0,62.0,0.9941738614447072,0.2989690721649484
2019-11-01,2020-01-31,Zip Code: 98103,All Residential,750000.0,704495.0,463.2930943380889,166.0,118.0,49.0,0.9979278208646086,0.216867469879518
2020-09-01,2020-11-30,Zip Code: 98115,Multi-Family (2-4 Unit),902500.0,1025000.0,343.7549981824791,2.0,3.0,4.0,0.996544673825908,0.5
2016-12-01,2017-02-28,Zip Code: 98107,Single Family Residential,765000.0,764800.0,416.89672771549033,34.0,29.0,9.0,1.016133123719538,0.4117647058823529
2020-08-01,2020-10-31,Zip Code: 98104,All Residential,615000.0,618000.0,664.2857142857143,21.0,53.0,46.0,0.9845965741862148,0.0952380952380952
2022-04-01,2022-06-30,Zip Code: 98117,All Residential,1105000.0,907500.0,630.1686685407615,210.0,300.0,66.0,1.1216162358800867,0.6571428571428571
2020-12-01,2021-02-28,Zip Code: 98112,Multi-Family (2-4 Unit),1000000.0,1150000.0,373.13432835820896,1.0,1.0,,0.8695652173913043,0.0
2020-09-01,2020-11-30,Zip Code: 98119,Townhouse,1123747.5,825000.0,641.7371388301622,38.0,33.0,18.0,1.007738932894466,0.3684210526315789
2016-04-01,2016-06-30,Zip Code: 98118,All Residential,444250.0,442500.0,282.1499013806706,200.0,214.0,58.0,1.058678129469495,0.52
2022-07-01,2022-09-30,Zip Code: 98112,Single Family Residential,1800000.0,1695000.0,714.2857142857143,53.0,65.0,29.0,0.9891615488576084,0.1886792452830188
2014-02-01,2014-04-30,Zip Code: 98133,Single Family Residential,365000.0,377000.0,210.22598870056493,110.0,152.0,43.0,1.005686014164371,0.4181818181818181
2015-11-01,2016-01-31,Zip Code: 98118,Condo/Co-op,165000.0,199950.0,211.65413533834587,5.0,7.0,1.0,1.0069337526428128,0.5999999999999999
2013-12-01,2014-02-28,Zip Code: 98122,Townhouse,504800.0,477000.0,326.858423608517,13.0,18.0,7.0,0.9980840839636114,0.5384615384615384
2022-09-01,2022-11-30,Zip Code: 98107,Townhouse,851500.0,799900.0,606.9072657743785,32.0,49.0,19.0,0.9915138448260182,0.09375
2020-05-01,2020-07-31,Zip Code: 98122,Multi-Family (2-4 Unit),1650000.0,1160000.0,420.8917692429192,2.0,2.0,1.0,0.9526143790849672,0.0
2022-08-01,2022-10-31,Zip Code: 98178,Condo/Co-op,243500.0,225000.0,359.28226735811006,4.0,1.0,,0.9832728831994646,0.0
2022-02-01,2022-04-30,Zip Code: 98119,Townhouse,865000.0,860000.0,708.6058790651233,24.0,25.0,2.0,1.0533503711508414,0.5416666666666666
2023-04-01,2023-06-30,Zip Code: 98136,Townhouse,750000.0,699000.0,538.961038961039,21.0,17.0,2.0,1.0087380433757227,0.4285714285714285
2020-02-01,2020-04-30,Zip Code: 98107,Single Family Residential,939500.0,899000.0,519.1693290734825,39.0,57.0,16.0,1.0359497367834247,0.4871794871794871
2015-11-01,2016-01-31,Zip Code: 98119,Condo/Co-op,322500.0,325000.0,396.93181961765407,32.0,20.0,5.0,1.0203427458530805,0.5
2014-10-01,2014-12-31,Zip Code: 98117,Townhouse,463000.0,459000.0,312.6881970608986,12.0,10.0,5.0,0.9961120869908622,0.0833333333333333
2017-05-01,2017-07-31,Zip Code: 98133,Townhouse,540000.0,494250.0,403.598971722365,33.0,32.0,5.0,1.0794178424023908,0.6363636363636364
2020-09-01,2020-11-30,Zip Code: 98112,Condo/Co-op,635000.0,675000.0,684.1649278780731,30.0,23.0,14.0,0.9907731634401186,0.1333333333333333
2022-07-01,2022-09-30,Zip Code: 98107,Condo/Co-op,489000.0,499000.0,614.9446494464945,27.0,37.0,13.0,0.9887053850935084,0.074074074074074
2023-10-01,2023-12-31,Zip Code: 98105,Single Family Residential,1335000.0,1400000.0,556.3556722116172,30.0,19.0,10.0,1.0002361948770984,0.3333333333333333
2022-12-01,2023-02-28,Zip Code: 98122,Multi-Family (2-4 Unit),1260000.0,939800.0,458.1818181818182,1.0,1.0,,0.9509433962264152,0.0
2020-01-01,2020-03-31,Zip Code: 98108,All Residential,590500.0,609500.0,337.9326021239487,68.0,70.0,23.0,0.9908785427943672,0.2647058823529411
2023-08-01,2023-10-31,Zip Code: 98108,Townhouse,595000.0,595000.0,423.3576642335767,9.0,17.0,11.0,0.9967827433824052,0.2222222222222222
2017-10-01,2017-12-31,Zip Code: 98134,All Residential,360000.0,374497.5,350.1945525291829,5.0,4.0,,1.0249329278721755,0.8
2015-11-01,2016-01-31,Zip Code: 98104,Condo/Co-op,692000.0,384750.0,515.8730158730159,11.0,13.0,15.0,0.9680666632406494,0.0909090909090909
2013-01-01,2013-03-31,Zip Code: 98178,Single Family Residential,227000.0,242450.0,122.38805970149254,67.0,104.0,54.0,1.014598973074002,0.3731343283582089
2014-04-01,2014-06-30,Zip Code: 98103,All Residential,470000.0,525000.0,320.45454545454544,241.0,282.0,74.0,1.0273825702952748,0.5020746887966804
2017-10-01,2017-12-31,Zip Code: 98107,Single Family Residential,882000.0,800000.0,493.79730147445207,46.0,31.0,,1.046453380694227,0.5
2020-12-01,2021-02-28,Zip Code: 98178,Single Family Residential,573000.0,600000.0,317.1641791044776,71.0,52.0,9.0,1.0236622237559858,0.5211267605633803
2018-03-01,2018-05-31,Zip Code: 98115,Single Family Residential,900300.0,799900.0,462.1444549586339,124.0,176.0,39.0,1.098340326300082,0.7258064516129032
2021-01-01,2021-03-31,Zip Code: 98178,Townhouse,542990.0,569900.0,311.1425402107598,5.0,7.0,,1.0,0.0
2015-09-01,2015-11-30,Zip Code: 98134,All Residential,520000.0,754277.5,298.85057471264366,1.0,2.0,1.0,1.0196078431372548,1.0
2021-06-01,2021-08-31,Zip Code: 98107,Condo/Co-op,470500.0,469900.0,604.853707574434,40.0,43.0,10.0,1.0035388512298786,0.375
2022-09-01,2022-11-30,Zip Code: 98117,Condo/Co-op,650000.0,604750.0,613.2075471698113,9.0,8.0,4.0,0.984318277828518,0.0
2018-04-01,2018-06-30,Zip Code: 98103,Condo/Co-op,494000.0,495000.0,628.5714285714286,55.0,80.0,14.0,1.0524977059805447,0.5454545454545454
2013-08-01,2013-10-31,Zip Code: 98136,Condo/Co-op,243600.0,229000.0,272.1787709497207,11.0,9.0,10.0,0.9897761382190704,0.1818181818181818
2017-11-01,2018-01-31,Zip Code: 98103,All Residential,775000.0,709974.5,519.5652173913044,193.0,136.0,24.0,1.0488778254005775,0.6113989637305699
2013-07-01,2013-09-30,Zip Code: 98116,All Residential,456000.0,445000.0,284.0178129638793,143.0,145.0,81.0,1.0019345667842738,0.3356643356643356
2018-11-01,2019-01-31,Zip Code: 98178,Townhouse,221500.0,209975.0,192.44135534317985,3.0,4.0,4.0,0.9832251082251084,0.3333333333333333
2019-02-01,2019-04-30,Zip Code: 98107,Townhouse,741000.0,729925.0,520.5859065716547,48.0,68.0,31.0,0.990804291370578,0.2291666666666666
2016-03-01,2016-05-31,Zip Code: 98105,Townhouse,561800.0,594000.0,425.8676351896691,8.0,8.0,,1.0307257979798865,0.25
2021-07-01,2021-09-30,Zip Code: 98105,All Residential,995000.0,933500.0,550.339588697432,138.0,159.0,52.0,1.0338452009267571,0.3768115942028985
2014-06-01,2014-08-31,Zip Code: 98118,Condo/Co-op,215000.0,212500.0,292.5170068027211,1.0,6.0,4.0,1.0,0.0
2015-03-01,2015-05-31,Zip Code: 98133,Condo/Co-op,160000.0,168000.0,217.02525724976613,43.0,61.0,17.0,0.98280595267706,0.2325581395348837
2018-07-01,2018-09-30,Zip Code: 98112,Townhouse,846000.0,819000.0,571.4285714285713,17.0,21.0,10.0,1.024753396347302,0.588235294117647
2012-12-01,2013-02-28,Zip Code: 98105,Multi-Family (2-4 Unit),475000.0,899000.0,208.3333333333333,3.0,5.0,4.0,0.9518468577892272,0.0
2020-09-01,2020-11-30,Zip Code: 98134,All Residential,405500.0,,352.6086956521739,2.0,,,0.9782388037891576,0.0
2023-09-01,2023-11-30,Zip Code: 98118,All Residential,772000.0,773444.0,462.8687690742625,85.0,123.0,70.0,1.0038022732451692,0.3529411764705882
2012-07-01,2012-09-30,Zip Code: 98108,Single Family Residential,275900.0,315000.0,160.5245289424546,58.0,77.0,63.0,0.9733160767756844,0.2413793103448276
2022-01-01,2022-03-31,Zip Code: 98178,All Residential,627000.0,649000.0,384.95575221238937,67.0,79.0,17.0,1.087838216582779,0.6567164179104477
2021-08-01,2021-10-31,Zip Code: 98119,Multi-Family (2-4 Unit),1351751.0,1312500.0,497.62040467369616,6.0,2.0,2.0,1.016167007755967,0.3333333333333333
2020-11-01,2021-01-31,Zip Code: 98107,All Residential,814950.0,752500.0,541.6666666666665,129.0,124.0,56.0,1.00346354718094,0.2868217054263566
2018-09-01,2018-11-30,Zip Code: 98144,Condo/Co-op,382500.0,440000.0,455.5808656036447,13.0,16.0,12.0,0.97420257846568,0.0
2017-02-01,2017-04-30,Zip Code: 98104,Condo/Co-op,359000.0,505000.0,569.9678308823529,22.0,39.0,20.0,1.0236304649808416,0.4545454545454545
2013-02-01,2013-04-30,Zip Code: 98144,Single Family Residential,464950.0,485000.0,237.6847290640394,60.0,79.0,37.0,1.0040179080516771,0.3333333333333333
2016-11-01,2017-01-31,Zip Code: 98112,Single Family Residential,1050000.0,1145000.0,410.1123595505617,51.0,36.0,15.0,1.021903437086206,0.4509803921568627
2016-09-01,2016-11-30,Zip Code: 98119,All Residential,762450.0,796500.0,457.966856924337,114.0,100.0,23.0,1.00806786828103,0.3508771929824561
2012-11-01,2013-01-31,Zip Code: 98117,Single Family Residential,449950.0,459950.0,243.87755102040816,93.0,65.0,20.0,1.00247064977804,0.3548387096774193
2019-04-01,2019-06-30,Zip Code: 98118,Condo/Co-op,348500.0,322000.0,423.6274052957624,2.0,8.0,4.0,0.934267666798263,0.0
2015-09-01,2015-11-30,Zip Code: 98133,Condo/Co-op,203475.0,210000.0,246.8252547732341,48.0,31.0,9.0,1.0021162793136649,0.2916666666666666
2022-01-01,2022-03-31,Zip Code: 98119,Condo/Co-op,462500.0,524950.0,593.5871124496786,48.0,59.0,10.0,1.0116666203282323,0.4166666666666666
2018-08-01,2018-10-31,Zip Code: 98115,Condo/Co-op,390000.0,399950.0,454.6684709066306,17.0,37.0,19.0,0.995042716180826,0.2352941176470588
2022-06-01,2022-08-31,Zip Code: 98122,All Residential,917500.0,895000.0,656.1241194731444,168.0,209.0,86.0,1.0112690026412257,0.3392857142857143
2021-09-01,2021-11-30,Zip Code: 98121,Condo/Co-op,667500.0,721250.0,835.7497117346184,142.0,128.0,57.0,0.998047814258288,0.1971830985915492
2013-02-01,2013-04-30,Zip Code: 98118,Single Family Residential,324950.0,337000.0,171.875,103.0,132.0,74.0,1.0076385866164257,0.4174757281553397
2016-11-01,2017-01-31,Zip Code: 98122,Multi-Family (2-4 Unit),1050000.0,1150000.0,328.125,5.0,4.0,,0.99712415734014,0.2
2023-08-01,2023-10-31,Zip Code: 98144,Townhouse,669950.0,699950.0,521.4371070211189,36.0,45.0,27.0,0.9954224679910544,0.1944444444444444
2018-05-01,2018-07-31,Zip Code: 98107,Multi-Family (2-4 Unit),1077500.0,1075000.0,485.0746268656716,10.0,8.0,3.0,1.0495717166160374,0.5999999999999999
2023-10-01,2023-12-31,Zip Code: 98102,Condo/Co-op,570000.0,550000.0,651.3362068965516,40.0,26.0,19.0,0.9794259263152358,0.125
2019-03-01,2019-05-31,Zip Code: 98119,Single Family Residential,1212500.0,1295000.0,545.9183673469388,43.0,77.0,32.0,0.99371839840127,0.2325581395348837
2012-05-01,2012-07-31,Zip Code: 98175,All Residential,277000.0,285000.0,200.5792903692976,1.0,3.0,2.0,1.026306039273805,1.0
2013-06-01,2013-08-31,Zip Code: 98117,Condo/Co-op,235000.0,365000.0,271.7391304347826,9.0,11.0,9.0,0.9931895519161982,0.2222222222222222
2020-12-01,2021-02-28,Zip Code: 98106,Townhouse,535250.0,579950.0,358.1967213114754,57.0,54.0,7.0,1.0005344062036332,0.2280701754385964
2017-11-01,2018-01-31,Zip Code: 98122,Single Family Residential,1088000.0,925000.0,471.2121212121212,37.0,25.0,8.0,1.0230523536571248,0.4054054054054054
2015-06-01,2015-08-31,Zip Code: 98112,Condo/Co-op,429950.0,397475.0,516.9385194479297,23.0,16.0,5.0,1.0232636137097848,0.3913043478260869
2016-06-01,2016-08-31,Zip Code: 98105,Single Family Residential,1012750.0,875000.0,429.8217912690242,60.0,65.0,16.0,1.060890654245065,0.6333333333333333
2015-03-01,2015-05-31,Zip Code: 98102,Multi-Family (2-4 Unit),852000.0,922500.0,384.3031123139377,1.0,2.0,1.0,1.002352941176471,1.0
2021-10-01,2021-12-31,Zip Code: 98178,Condo/Co-op,607384.0,287749.5,363.7029940119761,5.0,2.0,1.0,1.0,0.0
2020-01-01,2020-03-31,Zip Code: 98178,Single Family Residential,485000.0,549994.0,285.71428571428567,59.0,82.0,38.0,1.0110231997210517,0.3898305084745762
2022-02-01,2022-04-30,Zip Code: 98121,All Residential,655000.0,693500.0,784.3137254901961,109.0,172.0,62.0,1.0044069295026852,0.2568807339449541
2015-03-01,2015-05-31,Zip Code: 98122,Townhouse,559900.0,609950.0,390.4080171796707,23.0,39.0,8.0,1.0278233038434303,0.608695652173913
2020-03-01,2020-05-31,Zip Code: 98117,Townhouse,629950.0,649000.0,503.33333333333326,29.0,32.0,6.0,1.0023217030371858,0.3793103448275861
2016-05-01,2016-07-31,Zip Code: 98102,All Residential,490000.0,492000.0,525.1989389920425,111.0,116.0,34.0,1.021507031972002,0.4324324324324324
2018-06-01,2018-08-31,Zip Code: 98103,Multi-Family (2-4 Unit),1220000.0,1100000.0,474.3589743589744,7.0,12.0,7.0,1.0438763852297532,0.5714285714285714
2016-09-01,2016-11-30,Zip Code: 98116,Condo/Co-op,480000.0,535000.0,436.8508548770481,28.0,31.0,5.0,1.0047857958866178,0.3214285714285714
2019-01-01,2019-03-31,Zip Code: 98122,Condo/Co-op,465000.0,450000.0,646.8253968253969,35.0,42.0,22.0,0.9871197627985318,0.2571428571428571
2019-12-01,2020-02-29,Zip Code: 98116,Townhouse,685000.0,684950.0,495.5849889624724,29.0,15.0,5.0,0.9986463112074904,0.2413793103448276
2020-09-01,2020-11-30,Zip Code: 98107,Multi-Family (2-4 Unit),975000.0,977500.0,340.1898734177215,5.0,6.0,4.0,0.9675625697008472,0.0
2020-09-01,2020-11-30,Zip Code: 98117,All Residential,870000.0,849000.0,461.6532582067613,208.0,193.0,18.0,1.0286911252686546,0.5528846153846154
2022-10-01,2022-12-31,Zip Code: 98115,All Residential,938000.0,895000.0,513.3079847908746,163.0,121.0,42.0,0.9856547145507302,0.1717791411042944
2019-12-01,2020-02-29,Zip Code: 98104,Condo/Co-op,635000.0,695950.0,593.3852140077821,19.0,22.0,32.0,0.9796583234919491,0.1578947368421052
2015-07-01,2015-09-30,Zip Code: 98122,Multi-Family (2-4 Unit),592000.0,765000.0,335.7738095238095,6.0,3.0,1.0,1.0008150159647402,0.3333333333333333
2012-05-01,2012-07-31,Zip Code: 98134,Condo/Co-op,2091500.0,,795.600539811066,2.0,,2.0,0.9142899365828092,0.0
2019-12-01,2020-02-29,Zip Code: 98112,All Residential,1050000.0,978500.0,565.3594771241832,63.0,64.0,32.0,0.9921612152015472,0.1269841269841269
2018-04-01,2018-06-30,Zip Code: 98112,Single Family Residential,1575000.0,1250000.0,624.7727272727273,83.0,107.0,37.0,1.047828989290339,0.5060240963855421
2018-12-01,2019-02-28,Zip Code: 98119,Townhouse,915000.0,824250.0,560.3735823882588,13.0,20.0,18.0,0.989001021536387,0.2307692307692307
2014-01-01,2014-03-31,Zip Code: 98107,Townhouse,485475.0,479000.0,335.45161290322574,34.0,35.0,6.0,1.004923963370137,0.2941176470588235
2018-09-01,2018-11-30,Zip Code: 98118,Condo/Co-op,254975.0,314749.5,369.9834574028122,2.0,4.0,4.0,0.96875,0.0
2013-09-01,2013-11-30,Zip Code: 98117,All Residential,475000.0,450000.0,254.424778761062,153.0,152.0,45.0,1.010111767595547,0.4183006535947712
2013-08-01,2013-10-31,Zip Code: 98122,Multi-Family (2-4 Unit),564000.0,362888.0,209.0542099192618,3.0,7.0,6.0,0.9872695348628052,0.3333333333333333
2014-07-01,2014-09-30,Zip Code: 98102,Single Family Residential,1097500.0,750000.0,338.6828644501279,14.0,19.0,12.0,0.9634251355479344,0.1428571428571428
2020-01-01,2020-03-31,Zip Code: 98115,All Residential,800000.0,784915.0,474.71823673260826,154.0,216.0,52.0,1.0277257997675322,0.448051948051948
2021-01-01,2021-03-31,Zip Code: 98118,Townhouse,591000.0,649990.0,401.9727891156463,51.0,53.0,20.0,1.0026612729417057,0.2352941176470588
2013-12-01,2014-02-28,Zip Code: 98112,Townhouse,567000.0,629000.0,416.2404092071611,5.0,5.0,3.0,1.0258475793463455,0.4
2023-05-01,2023-07-31,Zip Code: 98115,Townhouse,819975.0,804950.0,617.462775247682,30.0,26.0,11.0,0.99178031313279,0.1666666666666666
2020-08-01,2020-10-31,Zip Code: 98112,All Residential,1022000.0,1150000.0,608.3333333333334,151.0,183.0,85.0,1.007043551276013,0.3245033112582781
2016-01-01,2016-03-31,Zip Code: 98119,Townhouse,753975.0,679950.0,416.5074417177806,18.0,11.0,,1.0042039191011962,0.2777777777777777
2023-02-01,2023-04-30,Zip Code: 98118,Condo/Co-op,450000.0,629950.0,464.7713226205192,7.0,9.0,2.0,0.974150787793817,0.0
2022-11-01,2023-01-31,Zip Code: 98199,Single Family Residential,1365000.0,1322000.0,541.5640749432539,36.0,22.0,12.0,0.9724475798720776,0.1944444444444444
2017-06-01,2017-08-31,Zip Code: 98117,Single Family Residential,795950.0,725000.0,414.58333333333326,193.0,191.0,26.0,1.0661529069024152,0.6373056994818653
2019-02-01,2019-04-30,Zip Code: 98116,All Residential,730000.0,725000.0,453.7366548042705,127.0,160.0,67.0,0.9966773253664954,0.2913385826771653
2017-12-01,2018-02-28,Zip Code: 98122,Townhouse,807000.0,784975.0,545.3794527620031,26.0,24.0,3.0,1.0182805150101113,0.3846153846153846
2017-11-01,2018-01-31,Zip Code: 98136,All Residential,695000.0,677000.0,374.956400418556,65.0,42.0,8.0,1.0140314250555194,0.3846153846153846
2016-05-01,2016-07-31,Zip Code: 98112,Condo/Co-op,477500.0,450000.0,530.7626146788991,34.0,28.0,7.0,1.011966368987147,0.3823529411764705
2021-02-01,2021-04-30,Zip Code: 98107,Condo/Co-op,475000.0,474975.0,574.5017716889786,50.0,58.0,8.0,0.9966729079964708,0.2
2017-07-01,2017-09-30,Zip Code: 98107,Multi-Family (2-4 Unit),1147500.0,975000.0,564.8798997936929,2.0,7.0,2.0,1.0147213147213148,0.5
2014-08-01,2014-10-31,Zip Code: 98112,Townhouse,527500.0,569000.0,415.4813782276837,6.0,6.0,,1.0183162917518744,0.3333333333333333
2012-12-01,2013-02-28,Zip Code: 98122,Single Family Residential,547848.5,525000.0,253.9939332659252,36.0,57.0,25.0,0.9930813805167192,0.3333333333333333
2016-04-01,2016-06-30,Zip Code: 98122,Multi-Family (2-4 Unit),1005000.0,1025000.0,274.914089347079,7.0,9.0,1.0,1.047974596177231,0.5714285714285714
2021-06-01,2021-08-31,Zip Code: 98106,Single Family Residential,680000.0,649000.0,444.3127962085308,121.0,123.0,23.0,1.0551904511927974,0.628099173553719
2014-04-01,2014-06-30,Zip Code: 98107,Single Family Residential,562100.0,559900.0,327.6859504132232,59.0,61.0,11.0,1.0494167124747773,0.6101694915254237
2020-05-01,2020-07-31,Zip Code: 98101,All Residential,797100.0,725000.0,1039.2433250782967,80.0,145.0,103.0,0.9913208062629802,0.05
2012-10-01,2012-12-31,Zip Code: 98106,All Residential,241500.0,250000.0,152.05748449069443,80.0,76.0,54.0,0.9895331194293756,0.2625
2012-01-01,2012-03-31,Zip Code: 98122,Condo/Co-op,171250.0,250000.0,282.06744405925,26.0,31.0,30.0,0.9592379913198597,0.1153846153846153
2022-02-01,2022-04-30,Zip Code: 98119,Multi-Family (2-4 Unit),2035000.0,1300000.0,607.4626865671642,1.0,5.0,1.0,0.969047619047619,0.0
2021-08-01,2021-10-31,Zip Code: 98144,Single Family Residential,905000.0,799950.0,518.0746140651801,72.0,80.0,24.0,1.0559637127733053,0.5555555555555555
2020-10-01,2020-12-31,Zip Code: 98104,All Residential,445000.0,594750.0,580.046403712297,21.0,30.0,39.0,0.9711898251575743,0.0476190476190476
2014-08-01,2014-10-31,Zip Code: 98136,Single Family Residential,525000.0,574475.0,270.2432432432432,75.0,70.0,27.0,0.9918502525877174,0.2666666666666666
2014-04-01,2014-06-30,Zip Code: 98118,Multi-Family (2-4 Unit),572500.0,399000.0,146.80672268907563,2.0,7.0,6.0,0.9698792918198132,0.0
2015-04-01,2015-06-30,Zip Code: 98144,Condo/Co-op,306000.0,279000.0,323.1292517006803,17.0,15.0,6.0,1.0065995211121903,0.5294117647058822
2023-07-01,2023-09-30,Zip Code: 98107,Multi-Family (2-4 Unit),1350000.0,1395000.0,486.76951652251046,4.0,5.0,3.0,0.9697198267557549,0.0
2020-10-01,2020-12-31,Zip Code: 98117,Multi-Family (2-4 Unit),1255000.0,936500.0,429.7945205479452,3.0,4.0,4.0,0.9914579805340312,0.3333333333333333
2018-06-01,2018-08-31,Zip Code: 98116,All Residential,749950.0,775000.0,480.51948051948045,125.0,145.0,52.0,1.0222881705625886,0.456
2021-11-01,2022-01-31,Zip Code: 98102,Single Family Residential,1500000.0,1500000.0,536.5158371040724,17.0,9.0,4.0,1.0002682339419116,0.2352941176470588
2019-07-01,2019-09-30,Zip Code: 98101,Condo/Co-op,700000.0,697000.0,749.3818131813182,46.0,70.0,62.0,0.9810569181374772,0.0869565217391304
2020-03-01,2020-05-31,Zip Code: 98102,Condo/Co-op,445000.0,474500.0,677.710843373494,57.0,68.0,40.0,0.9947730576365468,0.175438596491228
2018-01-01,2018-03-31,Zip Code: 98119,All Residential,841000.0,794500.0,584.6889795299846,50.0,86.0,29.0,1.0454334737806823,0.5
2015-03-01,2015-05-31,Zip Code: 98118,All Residential,408800.0,369999.5,230.70866141732284,177.0,232.0,98.0,1.0469840313312773,0.5706214689265536
2022-08-01,2022-10-31,Zip Code: 98136,Condo/Co-op,495000.0,472475.0,506.226539869415,8.0,10.0,7.0,0.9961595111251011,0.125
2014-02-01,2014-04-30,Zip Code: 98107,Condo/Co-op,280000.0,294975.0,373.7967914438504,39.0,44.0,18.0,0.999226215854384,0.3846153846153846
2018-09-01,2018-11-30,Zip Code: 98101,Condo/Co-op,757250.0,750000.0,795.625,32.0,57.0,50.0,0.9803237543973234,0.125
2014-12-01,2015-02-28,Zip Code: 98178,All Residential,275000.0,289900.0,170.7508346425766,70.0,71.0,50.0,0.9993826681277352,0.3857142857142857
2019-05-01,2019-07-31,Zip Code: 98108,Multi-Family (2-4 Unit),600000.0,810000.0,297.029702970297,1.0,2.0,2.0,0.96,0.0
2012-05-01,2012-07-31,Zip Code: 98108,Townhouse,268250.0,247900.0,184.44578067499003,8.0,11.0,7.0,0.9839996878809328,0.25
2022-08-01,2022-10-31,Zip Code: 98106,Townhouse,607000.0,597475.0,407.4074074074073,13.0,30.0,20.0,1.0038338574345285,0.3076923076923077
2017-03-01,2017-05-31,Zip Code: 98119,Condo/Co-op,442750.0,385000.0,552.4209841454644,58.0,61.0,10.0,1.0716970794244671,0.7241379310344827
2014-10-01,2014-12-31,Zip Code: 98118,Single Family Residential,355000.0,399950.0,213.81578947368425,115.0,112.0,59.0,0.99640791949762,0.3043478260869565
2012-08-01,2012-10-31,Zip Code: 98144,Condo/Co-op,238950.0,229950.0,275.91268380742065,10.0,21.0,27.0,0.9878031875519432,0.2
2020-07-01,2020-09-30,Zip Code: 98102,Townhouse,912500.0,1049000.0,630.2570093457944,20.0,41.0,27.0,0.9862076963329736,0.2
2013-03-01,2013-05-31,Zip Code: 98118,Townhouse,223000.0,253450.0,180.4279541299651,6.0,20.0,11.0,1.000227118175992,0.3333333333333333
2022-05-01,2022-07-31,Zip Code: 98178,Townhouse,458750.0,750000.0,230.47751119372856,2.0,5.0,1.0,0.9552385265700482,0.0
2022-07-01,2022-09-30,Zip Code: 98116,All Residential,900000.0,849900.0,552.0077637775232,114.0,119.0,51.0,0.9953750186134348,0.219298245614035
2012-01-01,2012-03-31,Zip Code: 98106,Single Family Residential,163750.0,204925.0,133.55973745430376,42.0,58.0,60.0,0.9676764694986107,0.1666666666666666
2014-07-01,2014-09-30,Zip Code: 98133,Multi-Family (2-4 Unit),464000.0,479500.0,176.06521739130434,3.0,6.0,6.0,0.9673947777848662,0.0
2017-03-01,2017-05-31,Zip Code: 98112,All Residential,1005500.0,1175000.0,502.26919293643726,92.0,125.0,42.0,1.0473133698475394,0.5
2021-08-01,2021-10-31,Zip Code: 98103,Multi-Family (2-4 Unit),904500.0,1034000.0,542.0171867933061,11.0,12.0,3.0,1.0064439432745789,0.1818181818181818
2013-10-01,2013-12-31,Zip Code: 98119,All Residential,575000.0,499000.0,317.9824561403509,91.0,71.0,57.0,0.986915868191536,0.1978021978021977
2022-01-01,2022-03-31,Zip Code: 98119,All Residential,803000.0,825000.0,653.0448717948718,101.0,128.0,21.0,1.0345461940683394,0.4554455445544554
2012-10-01,2012-12-31,Zip Code: 98105,Townhouse,446750.0,447900.0,281.92640692640686,6.0,3.0,1.0,0.988945564840864,0.1666666666666666
2012-06-01,2012-08-31,Zip Code: 98117,Single Family Residential,443000.0,434500.0,238.45998383185125,109.0,136.0,53.0,1.007311499274803,0.3944954128440367
2022-04-01,2022-06-30,Zip Code: 98133,Townhouse,779880.0,773495.0,545.0029052876233,47.0,60.0,41.0,1.03391499428733,0.5106382978723403
2022-01-01,2022-03-31,Zip Code: 98102,Townhouse,960000.0,941500.0,724.21408608894,28.0,30.0,9.0,1.0244865737776414,0.4285714285714285
2023-03-01,2023-05-31,Zip Code: 98117,Single Family Residential,1004500.0,975000.0,568.7992722862341,86.0,116.0,20.0,1.044079968434036,0.5581395348837209
2014-08-01,2014-10-31,Zip Code: 98107,Multi-Family (2-4 Unit),625000.0,582000.0,248.019955654102,6.0,4.0,2.0,1.0221127154918257,0.3333333333333333
2021-05-01,2021-07-31,Zip Code: 98122,Single Family Residential,1250000.0,1250000.0,595.2191235059761,101.0,87.0,18.0,1.0614244101634802,0.6831683168316832
2015-09-01,2015-11-30,Zip Code: 98134,Single Family Residential,520000.0,754277.5,298.85057471264366,1.0,2.0,1.0,1.0196078431372548,1.0
2020-11-01,2021-01-31,Zip Code: 98116,Condo/Co-op,640500.0,644975.0,525.3164556962025,21.0,16.0,16.0,0.9883336483030156,0.1904761904761904
2016-05-01,2016-07-31,Zip Code: 98118,All Residential,447000.0,440000.0,287.3310810810811,202.0,223.0,84.0,1.0508694462173311,0.5198019801980198
2017-03-01,2017-05-31,Zip Code: 98107,All Residential,750000.0,722500.0,495.3607251392134,155.0,174.0,20.0,1.0749380041541818,0.5677419354838709
2014-05-01,2014-07-31,Zip Code: 98122,Condo/Co-op,281000.0,278000.0,417.35537190082647,63.0,71.0,25.0,1.004174878307733,0.3492063492063491
2015-06-01,2015-08-31,Zip Code: 98107,Condo/Co-op,338200.0,340000.0,448.71794871794873,47.0,67.0,15.0,1.0347205788625902,0.5957446808510638
2012-01-01,2012-03-31,Zip Code: 98134,All Residential,171500.0,212000.0,167.9790631744616,2.0,2.0,3.0,0.9583621014572514,0.0
2015-05-01,2015-07-31,Zip Code: 98104,All Residential,450000.0,383500.0,456.1790668348045,22.0,18.0,12.0,0.9968799639098604,0.3636363636363636
2014-05-01,2014-07-31,Zip Code: 98178,Single Family Residential,269500.0,289500.0,157.59998321373115,86.0,113.0,75.0,0.9970595816748216,0.3953488372093023
2020-04-01,2020-06-30,Zip Code: 98122,Condo/Co-op,425000.0,450000.0,637.5852450086036,30.0,51.0,22.0,0.9979660253982892,0.2333333333333333
2013-10-01,2013-12-31,Zip Code: 98107,All Residential,445000.0,469000.0,311.1888111888112,103.0,76.0,25.0,0.9994128058417552,0.3398058252427184
2015-09-01,2015-11-30,Zip Code: 98116,Single Family Residential,636800.0,659900.0,315.0,75.0,67.0,16.0,1.0189508372767693,0.4666666666666666
2021-11-01,2022-01-31,Zip Code: 98106,Townhouse,610000.0,619000.0,441.0827578138802,54.0,41.0,3.0,1.0039060116841207,0.2222222222222222
2019-11-01,2020-01-31,Zip Code: 98136,All Residential,699000.0,650000.0,411.7464263517713,73.0,61.0,26.0,0.998367556348406,0.273972602739726
2017-11-01,2018-01-31,Zip Code: 98119,All Residential,925000.0,719000.0,553.2560935168297,72.0,45.0,17.0,1.0192009337525405,0.375
2021-12-01,2022-02-28,Zip Code: 98144,Townhouse,736500.0,759990.0,560.0977143837042,60.0,77.0,15.0,1.0102649089805338,0.3499999999999999
2016-02-01,2016-04-30,Zip Code: 98175,Townhouse,485000.0,439000.0,351.1947863866763,1.0,1.0,,1.1047835990888382,1.0
2013-02-01,2013-04-30,Zip Code: 98104,Condo/Co-op,425000.0,410000.0,316.40979147778785,9.0,18.0,15.0,0.98628185373407,0.1111111111111111
2017-10-01,2017-12-31,Zip Code: 98136,Single Family Residential,725000.0,744500.0,352.87379477520324,68.0,40.0,5.0,1.0195265586309876,0.4411764705882352
2014-01-01,2014-03-31,Zip Code: 98117,Single Family Residential,517500.0,535000.0,270.959595959596,101.0,118.0,27.0,1.0301803292107987,0.5445544554455445
2013-01-01,2013-03-31,Zip Code: 98106,Condo/Co-op,214950.0,175000.0,198.76327737597904,2.0,3.0,1.0,0.9857142857142857,0.0
2017-08-01,2017-10-31,Zip Code: 98116,Multi-Family (2-4 Unit),769500.0,979500.0,383.7767014406359,4.0,3.0,1.0,1.0166416498074788,0.25
2023-05-01,2023-07-31,Zip Code: 98117,Multi-Family (2-4 Unit),1125000.0,1514000.0,359.4249201277956,1.0,4.0,4.0,0.97911227154047,0.0
2013-07-01,2013-09-30,Zip Code: 98122,Multi-Family (2-4 Unit),502000.0,376444.0,245.53009559494643,2.0,6.0,7.0,0.9770243604094304,0.0
2023-06-01,2023-08-31,Zip Code: 98117,Single Family Residential,959500.0,925000.0,579.6739130434784,109.0,99.0,18.0,1.0434041708778203,0.5504587155963303
2015-11-01,2016-01-31,Zip Code: 98133,Multi-Family (2-4 Unit),670000.0,,199.20212765957447,3.0,,1.0,0.95150867823765,0.0
2013-08-01,2013-10-31,Zip Code: 98102,Condo/Co-op,328250.0,329500.0,364.0413061433613,60.0,71.0,32.0,1.000523771103326,0.2999999999999999
2019-09-01,2019-11-30,Zip Code: 98121,Condo/Co-op,569500.0,688975.0,714.5827339599831,72.0,84.0,69.0,0.9775334916057448,0.0277777777777777
2012-02-01,2012-04-30,Zip Code: 98112,Townhouse,569995.0,424450.0,356.246875,13.0,4.0,2.0,0.9964940644435784,0.3076923076923077
2012-02-01,2012-04-30,Zip Code: 98104,Single Family Residential,625000.0,,85.82806921175501,1.0,,,0.7822277847309135,0.0
2021-08-01,2021-10-31,Zip Code: 98117,All Residential,917500.0,878750.0,533.9251321917568,252.0,248.0,46.0,1.0448352479326344,0.5277777777777777
2023-12-01,2024-02-29,Zip Code: 98117,Multi-Family (2-4 Unit),1115000.0,,383.16151202749137,3.0,,,0.9264652195782364,0.0
2018-01-01,2018-03-31,Zip Code: 98133,Condo/Co-op,390000.0,319000.0,340.0,33.0,27.0,1.0,1.0552474798518114,0.5757575757575758
2013-06-01,2013-08-31,Zip Code: 98136,All Residential,457500.0,429950.0,242.65043209217964,92.0,99.0,51.0,1.0055107164806198,0.3913043478260869
2015-05-01,2015-07-31,Zip Code: 98136,Single Family Residential,567950.0,564950.0,286.3684210526316,83.0,97.0,22.0,1.03549539814252,0.5421686746987951
2020-05-01,2020-07-31,Zip Code: 98119,Townhouse,991000.0,880000.0,574.566962399662,23.0,34.0,19.0,1.0080511897980935,0.3913043478260869
2016-08-01,2016-10-31,Zip Code: 98122,All Residential,622475.0,637000.0,463.0191060733554,166.0,188.0,46.0,1.0326433641717458,0.4759036144578313
2023-12-01,2024-02-29,Zip Code: 98136,Townhouse,777500.0,800000.0,519.8257372654156,2.0,7.0,5.0,1.0,0.0
2020-12-01,2021-02-28,Zip Code: 98117,Townhouse,712500.0,734500.0,528.6434313021537,30.0,34.0,9.0,1.0025047232293034,0.2
2013-12-01,2014-02-28,Zip Code: 98133,Townhouse,258500.0,299925.0,213.1093346156158,12.0,18.0,7.0,0.9843577485812928,0.1666666666666666
2012-12-01,2013-02-28,Zip Code: 98117,Multi-Family (2-4 Unit),470000.0,489900.0,195.1284511246136,2.0,1.0,3.0,1.0919575423555827,0.5
2021-02-01,2021-04-30,Zip Code: 98107,All Residential,795000.0,799250.0,563.91402644439,204.0,228.0,31.0,1.0262995968537614,0.3774509803921568
2020-04-01,2020-06-30,Zip Code: 98136,Single Family Residential,856036.0,799975.0,426.1363636363636,59.0,86.0,20.0,1.0160945126791097,0.4915254237288135
2023-03-01,2023-05-31,Zip Code: 98102,Single Family Residential,1646500.0,1683500.0,571.2471941638609,20.0,20.0,14.0,1.0034575789125475,0.3499999999999999
2020-03-01,2020-05-31,Zip Code: 98125,Townhouse,497000.0,510000.0,390.5882352941176,7.0,18.0,14.0,0.9980784131085456,0.4285714285714285
2022-01-01,2022-03-31,Zip Code: 98117,Single Family Residential,1145000.0,949490.0,640.625,83.0,114.0,5.0,1.1692101669760502,0.8313253012048192
2018-01-01,2018-03-31,Zip Code: 98136,All Residential,752500.0,682475.0,409.43349753694577,58.0,86.0,14.0,1.0504129293285245,0.586206896551724
2015-10-01,2015-12-31,Zip Code: 98115,Single Family Residential,657500.0,654500.0,336.98088721094854,132.0,76.0,10.0,1.039849011552508,0.5757575757575758
2014-12-01,2015-02-28,Zip Code: 98133,Multi-Family (2-4 Unit),396500.0,345000.0,151.91919191919192,2.0,2.0,3.0,1.0290552584670232,0.5
2017-04-01,2017-06-30,Zip Code: 98106,Condo/Co-op,306000.0,269000.0,301.47424249483606,4.0,5.0,2.0,1.111396052106426,0.75
2013-12-01,2014-02-28,Zip Code: 98178,Single Family Residential,211250.0,255000.0,135.5817610062893,66.0,76.0,64.0,0.9799575075076782,0.1818181818181818
2020-05-01,2020-07-31,Zip Code: 98102,Townhouse,1065000.0,972500.0,608.5714285714286,19.0,36.0,18.0,0.9788719835544863,0.1578947368421052
2019-09-01,2019-11-30,Zip Code: 98122,All Residential,786500.0,795000.0,559.29203539823,122.0,132.0,54.0,0.9953122273267204,0.2377049180327868
2017-03-01,2017-05-31,Zip Code: 98105,Condo/Co-op,460000.0,430000.0,584.7280334728033,21.0,22.0,4.0,1.0750259948741347,0.6666666666666666
2020-12-01,2021-02-28,Zip Code: 98107,Multi-Family (2-4 Unit),900000.0,1085000.0,397.05882352941177,3.0,6.0,2.0,1.0128586413645029,1.0
2016-10-01,2016-12-31,Zip Code: 98119,All Residential,757000.0,787000.0,439.1891891891892,105.0,74.0,20.0,1.0089148434293165,0.3523809523809524
2020-09-01,2020-11-30,Zip Code: 98106,Multi-Family (2-4 Unit),800000.0,590000.0,276.0115606936416,5.0,1.0,,0.97801369215789,0.2
2016-04-01,2016-06-30,Zip Code: 98116,Single Family Residential,695000.0,699000.0,361.271676300578,81.0,103.0,28.0,1.055106055963008,0.6296296296296297
2016-03-01,2016-05-31,Zip Code: 98134,All Residential,310050.0,285000.0,247.90909090909088,2.0,3.0,,1.1652877192982456,1.0
2022-05-01,2022-07-31,Zip Code: 98122,Single Family Residential,1390000.0,1285000.0,661.9318181818181,61.0,95.0,39.0,1.062811230764584,0.5737704918032785
2019-04-01,2019-06-30,Zip Code: 98119,All Residential,911000.0,920000.0,566.1019015114579,133.0,185.0,95.0,0.994205365527197,0.2481203007518796
2014-11-01,2015-01-31,Zip Code: 98144,Multi-Family (2-4 Unit),475000.0,944450.0,198.57859531772576,3.0,2.0,2.0,1.0071916294257175,0.3333333333333333
2016-07-01,2016-09-30,Zip Code: 98112,Townhouse,700000.0,650000.0,493.7928669410151,9.0,10.0,2.0,1.018950933937889,0.4444444444444444
2018-12-01,2019-02-28,Zip Code: 98175,All Residential,473500.0,472500.0,371.81918963429086,2.0,2.0,,0.989514279758182,0.5
2016-03-01,2016-05-31,Zip Code: 98107,Single Family Residential,720000.0,694000.0,417.1717171717172,53.0,62.0,9.0,1.0800886750204608,0.5849056603773584
2013-08-01,2013-10-31,Zip Code: 98118,All Residential,320000.0,319925.0,187.6215953307393,170.0,178.0,111.0,1.0077058975786048,0.3588235294117647
2015-06-01,2015-08-31,Zip Code: 98136,Condo/Co-op,240909.0,259000.0,288.00540573128086,14.0,11.0,2.0,1.0192463454439638,0.5
2017-11-01,2018-01-31,Zip Code: 98121,All Residential,643000.0,589950.0,757.9273008507347,47.0,47.0,20.0,1.0252240696824124,0.4468085106382978
2012-10-01,2012-12-31,Zip Code: 98136,Single Family Residential,421500.0,410000.0,214.0400604686319,62.0,32.0,23.0,0.9836794333275292,0.2258064516129032
2017-10-01,2017-12-31,Zip Code: 98102,Condo/Co-op,490000.0,429950.0,651.685393258427,65.0,28.0,5.0,1.0416412052953763,0.5846153846153846
2014-11-01,2015-01-31,Zip Code: 98119,Multi-Family (2-4 Unit),485000.0,1200000.0,285.29411764705884,1.0,1.0,,0.941747572815534,0.0
2016-05-01,2016-07-31,Zip Code: 98115,All Residential,700000.0,649000.0,355.1829608938548,252.0,250.0,41.0,1.0681553873260918,0.6507936507936508
2023-09-01,2023-11-30,Zip Code: 98117,Townhouse,794000.0,774950.0,574.7422680412371,36.0,44.0,34.0,0.997027138515339,0.1944444444444444
2016-11-01,2017-01-31,Zip Code: 98118,Townhouse,414800.0,559000.0,335.4938271604938,31.0,20.0,6.0,0.9999397754332232,0.1612903225806451
2021-02-01,2021-04-30,Zip Code: 98178,Townhouse,534133.0,589900.0,311.44659815145087,6.0,11.0,4.0,1.050249144747999,0.3333333333333333
2016-06-01,2016-08-31,Zip Code: 98122,Townhouse,682500.0,689000.0,457.8712714857591,40.0,34.0,8.0,1.022426336135076,0.525
2013-10-01,2013-12-31,Zip Code: 98105,Multi-Family (2-4 Unit),526500.0,525000.0,169.83870967741936,1.0,3.0,2.0,1.002857142857143,1.0
2020-04-01,2020-06-30,Zip Code: 98119,All Residential,949000.0,949999.0,549.645390070922,77.0,111.0,63.0,0.9992279266736696,0.3116883116883116
2019-10-01,2019-12-31,Zip Code: 98119,Single Family Residential,1167000.0,1078000.0,489.4467100187369,44.0,25.0,4.0,0.982966052116978,0.2272727272727272
2018-06-01,2018-08-31,Zip Code: 98106,Multi-Family (2-4 Unit),660000.0,,340.2061855670103,1.0,,,1.056,1.0
2015-08-01,2015-10-31,Zip Code: 98144,Single Family Residential,602835.0,619950.0,309.2105263157895,83.0,105.0,32.0,1.0391332447765531,0.4819277108433734
2018-08-01,2018-10-31,Zip Code: 98118,Multi-Family (2-4 Unit),958750.0,950000.0,266.4141414141414,2.0,2.0,4.0,0.9625,0.0
2022-04-01,2022-06-30,Zip Code: 98133,All Residential,815000.0,769950.0,522.3004694835681,245.0,293.0,92.0,1.0730351448429365,0.6448979591836734
2018-05-01,2018-07-31,Zip Code: 98119,Single Family Residential,1220000.0,1195000.0,546.4601769911504,45.0,65.0,25.0,1.0333990088590186,0.4666666666666666
2018-08-01,2018-10-31,Zip Code: 98112,Multi-Family (2-4 Unit),1113500.0,2997500.0,542.5481932856858,4.0,2.0,1.0,0.988296332046332,0.25
2013-02-01,2013-04-30,Zip Code: 98199,All Residential,566500.0,549000.0,270.17543859649123,89.0,151.0,65.0,1.0148748843338629,0.4382022471910112
2022-08-01,2022-10-31,Zip Code: 98178,All Residential,659950.0,649000.0,354.296875,61.0,73.0,36.0,0.9932340399729676,0.2295081967213114
2016-10-01,2016-12-31,Zip Code: 98119,Single Family Residential,935000.0,988000.0,388.3248730964467,45.0,31.0,11.0,0.9933385206932084,0.2666666666666666
2012-12-01,2013-02-28,Zip Code: 98119,Townhouse,440000.0,499900.0,339.5415115067985,10.0,7.0,5.0,0.96579949951522,0.1
2014-10-01,2014-12-31,Zip Code: 98194,Condo/Co-op,595000.0,,479.8387096774193,1.0,,,1.0,0.0
2012-03-01,2012-05-31,Zip Code: 98178,Condo/Co-op,33000.0,89900.0,40.44117647058823,1.0,1.0,2.0,0.8270676691729322,0.0
2022-05-01,2022-07-31,Zip Code: 98102,Townhouse,1187950.0,925900.0,779.9005661581288,16.0,17.0,10.0,1.0080293170281631,0.5
2016-10-01,2016-12-31,Zip Code: 98144,Condo/Co-op,300000.0,319997.5,378.4530386740332,9.0,12.0,7.0,1.0038612486773504,0.3333333333333333
2013-03-01,2013-05-31,Zip Code: 98133,Townhouse,303000.0,300000.0,218.75,19.0,40.0,16.0,1.0006144990082573,0.5789473684210527
2018-11-01,2019-01-31,Zip Code: 98177,All Residential,720000.0,689950.0,316.79389312977094,55.0,45.0,34.0,0.9681029741273464,0.1818181818181818
2020-10-01,2020-12-31,Zip Code: 98107,Condo/Co-op,430000.0,448000.0,569.6807041342078,32.0,27.0,20.0,0.9932418735978746,0.15625
2020-06-01,2020-08-31,Zip Code: 98115,Townhouse,735800.0,704880.0,512.8083623693379,47.0,35.0,13.0,0.999412069386182,0.1702127659574468
2015-02-01,2015-04-30,Zip Code: 98112,Single Family Residential,1100000.0,1282000.0,397.09302325581393,51.0,84.0,31.0,1.038488216237191,0.5294117647058822
2021-07-01,2021-09-30,Zip Code: 98136,Townhouse,630000.0,627450.0,488.3805374001452,25.0,28.0,4.0,1.009803211043888,0.44
2018-08-01,2018-10-31,Zip Code: 98136,Multi-Family (2-4 Unit),639000.0,,361.0169491525424,1.0,,,1.0,0.0
2020-06-01,2020-08-31,Zip Code: 98118,Single Family Residential,676000.0,685000.0,368.05555555555554,137.0,173.0,52.0,1.0217850610186787,0.4525547445255474
2016-08-01,2016-10-31,Zip Code: 98175,All Residential,505000.0,469900.0,365.6770456191166,1.0,1.0,,1.0746967439880826,1.0
2023-03-01,2023-05-31,Zip Code: 98105,All Residential,1200500.0,995000.0,575.5813953488372,77.0,101.0,38.0,1.0162822641942857,0.4025974025974026
2018-06-01,2018-08-31,Zip Code: 98118,Condo/Co-op,392000.0,362500.0,504.72972972972974,9.0,12.0,6.0,1.0433196700582723,0.7777777777777777
2015-06-01,2015-08-31,Zip Code: 98119,Multi-Family (2-4 Unit),791500.0,734975.0,257.84933819557,4.0,2.0,1.0,1.0307488162729304,0.75
2016-03-01,2016-05-31,Zip Code: 98101,All Residential,640000.0,637450.0,666.3645951056856,50.0,102.0,39.0,1.0073295175525852,0.28
2012-03-01,2012-05-31,Zip Code: 98121,Condo/Co-op,288000.0,339975.0,377.7707808564232,55.0,94.0,66.0,0.968244844218958,0.0909090909090909
2012-04-01,2012-06-30,Zip Code: 98104,All Residential,210600.0,289450.0,290.0,21.0,20.0,24.0,0.9919687633696666,0.1904761904761904
2021-09-01,2021-11-30,Zip Code: 98175,Single Family Residential,805000.0,600000.0,1409.0199750312108,2.0,1.0,,1.0084723719860786,1.0
2012-03-01,2012-05-31,Zip Code: 98115,Single Family Residential,478000.0,489950.0,234.4823276508524,126.0,157.0,54.0,0.996515311229022,0.3968253968253968
2020-10-01,2020-12-31,Zip Code: 98178,Single Family Residential,567000.0,579000.0,292.5908626794986,94.0,71.0,16.0,1.0239898363056863,0.5212765957446808
2017-04-01,2017-06-30,Zip Code: 98107,Multi-Family (2-4 Unit),1100000.0,995000.0,381.94444444444446,5.0,5.0,1.0,1.1605225701155353,0.5999999999999999
2023-04-01,2023-06-30,Zip Code: 98117,Townhouse,827500.0,799900.0,571.1799134660977,36.0,51.0,28.0,1.003031050330878,0.2777777777777777
2018-10-01,2018-12-31,Zip Code: 98116,Multi-Family (2-4 Unit),918000.0,855000.0,386.2902947172028,4.0,4.0,2.0,1.012021597132644,0.25
2020-11-01,2021-01-31,Zip Code: 98107,Single Family Residential,968000.0,950000.0,522.4809120201737,50.0,39.0,10.0,1.0149218755078735,0.4
2016-03-01,2016-05-31,Zip Code: 98106,Townhouse,382000.0,365000.0,263.78169790518194,35.0,39.0,7.0,1.0290182350667847,0.5999999999999999
2019-10-01,2019-12-31,Zip Code: 98119,Condo/Co-op,413750.0,455000.0,552.2465869473135,32.0,27.0,15.0,0.9843624630847124,0.125
2016-04-01,2016-06-30,Zip Code: 98118,Townhouse,387000.0,414800.0,294.6428571428572,33.0,27.0,6.0,1.0189526762063363,0.303030303030303
2022-11-01,2023-01-31,Zip Code: 98117,Multi-Family (2-4 Unit),1000000.0,1050000.0,522.0994475138122,3.0,1.0,1.0,0.966108966108966,0.0
2020-12-01,2021-02-28,Zip Code: 98119,Multi-Family (2-4 Unit),1100000.0,1050000.0,368.8876179582499,5.0,4.0,4.0,0.91566252754932,0.0
2016-10-01,2016-12-31,Zip Code: 98106,Condo/Co-op,232250.0,215000.0,245.05016149487057,10.0,6.0,2.0,1.02930455437949,0.8
2020-02-01,2020-04-30,Zip Code: 98105,Townhouse,809000.0,800000.0,601.047358834244,5.0,11.0,8.0,0.9947368421052633,0.0
2020-10-01,2020-12-31,Zip Code: 98104,Condo/Co-op,445000.0,590000.0,580.046403712297,21.0,29.0,39.0,0.9711898251575748,0.0476190476190476
2018-06-01,2018-08-31,Zip Code: 98116,Single Family Residential,834000.0,842500.0,433.75,73.0,88.0,32.0,1.0344762882926255,0.5342465753424657
2013-06-01,2013-08-31,Zip Code: 98103,Single Family Residential,574000.0,529000.0,286.53890824622533,172.0,161.0,36.0,1.0283178665088366,0.5348837209302325
2022-11-01,2023-01-31,Zip Code: 98102,All Residential,680000.0,680000.0,610.4129263913824,33.0,37.0,33.0,0.9731140201338072,0.0606060606060606
2012-05-01,2012-07-31,Zip Code: 98117,Single Family Residential,439000.0,437000.0,243.2835159297486,116.0,133.0,52.0,1.0087100240058895,0.4482758620689655
2014-02-01,2014-04-30,Zip Code: 98119,All Residential,507750.0,499475.0,362.7595296025953,98.0,112.0,41.0,0.998579304995876,0.2959183673469387
2019-03-01,2019-05-31,Zip Code: 98133,Townhouse,525000.0,469250.0,380.1169590643274,19.0,28.0,18.0,0.989922848063988,0.0526315789473684
2012-08-01,2012-10-31,Zip Code: 98119,Multi-Family (2-4 Unit),750000.0,791500.0,223.88059701492537,1.0,4.0,2.0,1.0344827586206895,1.0
2014-04-01,2014-06-30,Zip Code: 98121,All Residential,387500.0,435000.0,490.2942749450646,112.0,167.0,75.0,0.9921016752193708,0.25
2021-05-01,2021-07-31,Zip Code: 98107,Townhouse,810000.0,785000.0,594.4700460829494,80.0,88.0,19.0,1.019897219855856,0.375
2022-03-01,2022-05-31,Zip Code: 98122,Single Family Residential,1204975.0,1200000.0,658.0687128292268,60.0,69.0,14.0,1.0976486818144635,0.7333333333333332
2023-02-01,2023-04-30,Zip Code: 98107,Multi-Family (2-4 Unit),1235000.0,1312500.0,364.0625,5.0,6.0,3.0,0.9349428519593614,0.0
2013-02-01,2013-04-30,Zip Code: 98102,Multi-Family (2-4 Unit),664125.0,669000.0,227.6700191570881,4.0,3.0,1.0,1.0532875429519697,0.75
2020-01-01,2020-03-31,Zip Code: 98119,Multi-Family (2-4 Unit),1122500.0,1335000.0,433.5402397260274,4.0,4.0,1.0,0.99020176472468,0.25
2019-06-01,2019-08-31,Zip Code: 98102,All Residential,582000.0,540000.0,615.8318425760286,112.0,139.0,83.0,0.9862712755956672,0.1339285714285714
2016-07-01,2016-09-30,Zip Code: 98118,Condo/Co-op,301500.0,279950.0,410.0849992703925,4.0,7.0,2.0,1.0106755147015398,0.5
2016-11-01,2017-01-31,Zip Code: 98112,Multi-Family (2-4 Unit),1102250.0,725000.0,343.8719890140424,2.0,1.0,,1.0858620689655172,0.5
2020-04-01,2020-06-30,Zip Code: 98121,Condo/Co-op,675000.0,629975.0,776.7756482525366,55.0,132.0,97.0,0.9865872397912918,0.1272727272727272
2013-07-01,2013-09-30,Zip Code: 98116,Townhouse,429500.0,433000.0,291.4398812469075,21.0,21.0,6.0,0.9951413815855225,0.1904761904761904
2014-12-01,2015-02-28,Zip Code: 98119,Townhouse,599950.0,629950.0,352.9117647058824,11.0,18.0,6.0,0.9927646929999212,0.0909090909090909
2014-12-01,2015-02-28,Zip Code: 98102,Multi-Family (2-4 Unit),800000.0,,293.984260370815,2.0,,,0.8951048951048951,0.0
2023-04-01,2023-06-30,Zip Code: 98136,All Residential,822500.0,795000.0,532.8201144900088,80.0,76.0,16.0,1.0290450528506303,0.4874999999999999
2022-08-01,2022-10-31,Zip Code: 98102,Condo/Co-op,495000.0,525000.0,658.6538461538462,57.0,49.0,24.0,0.9882782504417528,0.1228070175438596
2013-07-01,2013-09-30,Zip Code: 98119,Single Family Residential,720000.0,675000.0,322.4378881987578,50.0,53.0,26.0,1.0092317113978782,0.4199999999999999
2021-05-01,2021-07-31,Zip Code: 98106,Single Family Residential,680000.0,625000.0,450.3105590062112,125.0,137.0,26.0,1.0597581422080669,0.656
2019-08-01,2019-10-31,Zip Code: 98136,Townhouse,586900.0,610000.0,409.8199672667757,18.0,23.0,12.0,0.9904762806247368,0.1111111111111111
2013-06-01,2013-08-31,Zip Code: 98122,Townhouse,464500.0,469000.0,292.7932576539388,30.0,39.0,13.0,1.0122051911843717,0.2999999999999999
2020-06-01,2020-08-31,Zip Code: 98136,Single Family Residential,850000.0,847250.0,426.02647431832594,86.0,104.0,30.0,1.0075539424340236,0.4186046511627907
2021-12-01,2022-02-28,Zip Code: 98117,Condo/Co-op,440000.0,654950.0,620.5357142857143,7.0,4.0,1.0,0.9834156947120372,0.2857142857142857
2023-05-01,2023-07-31,Zip Code: 98175,All Residential,475000.0,424000.0,471.23015873015873,1.0,1.0,,1.1202830188679245,1.0
2013-07-01,2013-09-30,Zip Code: 98122,Single Family Residential,572500.0,499000.0,273.9194650831935,56.0,68.0,28.0,1.0170689286696886,0.4285714285714285
2016-07-01,2016-09-30,Zip Code: 98116,Single Family Residential,695000.0,659000.0,343.2432432432432,81.0,93.0,38.0,1.0326583487951653,0.5432098765432098
2023-02-01,2023-04-30,Zip Code: 98108,All Residential,584975.0,639975.0,445.31719664610034,64.0,98.0,44.0,1.0063111169311738,0.359375
2018-11-01,2019-01-31,Zip Code: 98116,Townhouse,711250.0,729000.0,434.6210376902813,16.0,11.0,8.0,0.9879749505840116,0.25
2017-12-01,2018-02-28,Zip Code: 98106,Townhouse,535000.0,508975.0,360.77319587628864,29.0,28.0,2.0,1.024168867407132,0.3793103448275861
2013-10-01,2013-12-31,Zip Code: 98115,All Residential,475000.0,482475.0,252.4271844660194,163.0,104.0,37.0,1.0053683244223082,0.3803680981595092
2021-05-01,2021-07-31,Zip Code: 98185,Single Family Residential,459000.0,,628.7671232876712,1.0,,,1.0,0.0
2015-01-01,2015-03-31,Zip Code: 98118,Townhouse,349225.0,294000.0,223.5954186658412,6.0,23.0,13.0,1.0312717777440814,0.5
2018-06-01,2018-08-31,Zip Code: 98122,Townhouse,817150.0,795000.0,576.586401348198,28.0,35.0,14.0,1.018545225033922,0.4642857142857143
2020-12-01,2021-02-28,Zip Code: 98116,All Residential,796950.0,765000.0,485.53665261953074,114.0,108.0,44.0,1.009042612520879,0.3333333333333333
2013-04-01,2013-06-30,Zip Code: 98178,Condo/Co-op,74000.0,99900.0,70.56464018191546,4.0,3.0,2.0,0.967166572300626,0.0
2021-09-01,2021-11-30,Zip Code: 98118,Multi-Family (2-4 Unit),1100000.0,722500.0,334.1433778857837,3.0,2.0,1.0,0.9649122807017544,0.0
2022-03-01,2022-05-31,Zip Code: 98121,Condo/Co-op,650000.0,663500.0,809.5455634576042,124.0,182.0,75.0,1.010190251007474,0.3306451612903225
2021-06-01,2021-08-31,Zip Code: 98112,Condo/Co-op,667000.0,550000.0,659.1639871382637,25.0,23.0,9.0,1.0063969482248365,0.32
2018-11-01,2019-01-31,Zip Code: 98133,Condo/Co-op,280000.0,284894.0,314.20765027322403,29.0,24.0,14.0,0.98609661363545,0.1724137931034482
2014-11-01,2015-01-31,Zip Code: 98112,Townhouse,874000.0,694999.0,440.7775768535262,3.0,8.0,3.0,0.9859473707029764,0.0
2018-04-01,2018-06-30,Zip Code: 98106,Single Family Residential,604000.0,552500.0,375.75757575757575,97.0,120.0,37.0,1.0656855374679404,0.7010309278350515
2013-02-01,2013-04-30,Zip Code: 98178,Condo/Co-op,64500.0,85250.0,83.02209360943074,4.0,4.0,2.0,1.0306306919931092,0.25
2016-02-01,2016-04-30,Zip Code: 98175,All Residential,485000.0,439000.0,351.1947863866763,1.0,1.0,,1.1047835990888382,1.0
2015-08-01,2015-10-31,Zip Code: 98122,Single Family Residential,695000.0,725000.0,317.4157303370786,63.0,65.0,20.0,1.040813718402266,0.4285714285714285
2017-11-01,2018-01-31,Zip Code: 98119,Single Family Residential,1244000.0,1100000.0,535.1375145487025,34.0,16.0,9.0,0.9981334917881206,0.2352941176470588
2012-08-01,2012-10-31,Zip Code: 98106,Single Family Residential,235000.0,249000.0,135.84350972410675,62.0,79.0,51.0,0.9957880969595718,0.3870967741935483
2018-09-01,2018-11-30,Zip Code: 98113,Single Family Residential,640000.0,629500.0,359.55056179775283,1.0,1.0,,1.016679904686259,1.0
2018-10-01,2018-12-31,Zip Code: 98122,Single Family Residential,869950.0,900000.0,459.4424412393162,48.0,34.0,15.0,0.9776361801707248,0.1875
2021-08-01,2021-10-31,Zip Code: 98122,Condo/Co-op,417500.0,467500.0,638.2211538461538,54.0,58.0,31.0,0.9900740526249155,0.2037037037037036
2015-08-01,2015-10-31,Zip Code: 98115,Townhouse,550000.0,581975.0,386.7009132420091,15.0,12.0,2.0,1.0241979018055614,0.4666666666666666
2014-02-01,2014-04-30,Zip Code: 98115,Single Family Residential,534000.0,539999.0,280.5890137496355,124.0,153.0,30.0,1.0380526815239135,0.5725806451612903
2022-09-01,2022-11-30,Zip Code: 98117,Single Family Residential,976000.0,924499.5,547.3668981481482,110.0,120.0,33.0,0.997930767703171,0.3454545454545454
2019-09-01,2019-11-30,Zip Code: 98107,Multi-Family (2-4 Unit),899975.0,1185000.0,391.6396103896104,4.0,5.0,3.0,0.9682983682983684,0.0
2016-01-01,2016-03-31,Zip Code: 98136,Townhouse,421000.0,433725.0,330.81081081081084,5.0,10.0,,1.0396329493059628,0.8
2016-06-01,2016-08-31,Zip Code: 98118,Townhouse,405400.0,417800.0,304.78395061728395,30.0,34.0,14.0,1.023127608538578,0.4
2016-09-01,2016-11-30,Zip Code: 98105,Multi-Family (2-4 Unit),1297500.0,899900.0,358.58359480053787,4.0,7.0,1.0,1.0176470588235291,0.25
2017-03-01,2017-05-31,Zip Code: 98122,Condo/Co-op,432500.0,399499.5,634.8122434838228,54.0,76.0,6.0,1.0778033372117537,0.8148148148148147
2014-04-01,2014-06-30,Zip Code: 98119,Single Family Residential,840500.0,857500.0,358.74439461883406,37.0,48.0,12.0,1.0167931697033648,0.5135135135135134
2021-11-01,2022-01-31,Zip Code: 98115,Townhouse,740000.0,897499.5,600.328330206379,25.0,24.0,7.0,1.0068659262814947,0.2
2013-04-01,2013-06-30,Zip Code: 98117,Single Family Residential,452500.0,450000.0,255.08819538670284,159.0,187.0,33.0,1.0245912415702254,0.5849056603773584
2012-02-01,2012-04-30,Zip Code: 98105,Townhouse,442000.0,387400.0,275.1937984496124,3.0,4.0,1.0,0.9666600695424394,0.0
2022-09-01,2022-11-30,Zip Code: 98116,Townhouse,800500.0,765000.0,552.0,15.0,11.0,4.0,0.9946921374549212,0.1333333333333333
2023-02-01,2023-04-30,Zip Code: 98136,Townhouse,732497.5,734000.0,519.3373925501432,14.0,22.0,6.0,1.0016557173356744,0.3571428571428571
2019-02-01,2019-04-30,Zip Code: 98125,Single Family Residential,695000.0,698800.0,373.03108808290153,71.0,105.0,49.0,1.0072007156046383,0.3661971830985915
2014-08-01,2014-10-31,Zip Code: 98119,Single Family Residential,717475.0,799000.0,366.6625083166999,28.0,37.0,27.0,1.0224790656700629,0.3571428571428571
2019-01-01,2019-03-31,Zip Code: 98144,Townhouse,657999.5,659000.0,480.5955883931063,36.0,56.0,20.0,0.9975650995777045,0.1388888888888889
2023-05-01,2023-07-31,Zip Code: 98119,Single Family Residential,1520000.0,1470000.0,657.8947368421053,29.0,42.0,20.0,1.0058992837086111,0.3448275862068965
2018-05-01,2018-07-31,Zip Code: 98119,All Residential,897000.0,889975.0,558.1351021652944,113.0,178.0,73.0,1.0336730804487906,0.5221238938053097
2020-07-01,2020-09-30,Zip Code: 98112,Condo/Co-op,670000.0,658000.0,700.9345794392524,29.0,41.0,18.0,1.0006692996312927,0.1724137931034482
2020-08-01,2020-10-31,Zip Code: 98122,Single Family Residential,965000.0,949000.0,513.0597014925373,87.0,89.0,31.0,1.0293427255914835,0.5057471264367815
2019-11-01,2020-01-31,Zip Code: 98112,Single Family Residential,1739000.0,1399000.0,574.8407643312102,53.0,31.0,23.0,0.989530145670774,0.2264150943396226
2013-07-01,2013-09-30,Zip Code: 98122,Townhouse,469000.0,454000.0,294.7368421052632,32.0,26.0,10.0,1.0098019613574285,0.28125
2019-01-01,2019-03-31,Zip Code: 98107,Condo/Co-op,437500.0,475000.0,607.2876260016376,16.0,43.0,30.0,0.9855048224718336,0.125
2015-09-01,2015-11-30,Zip Code: 98122,Condo/Co-op,366250.0,377000.0,513.5112279772409,56.0,46.0,7.0,1.0201317607213656,0.5
2016-01-01,2016-03-31,Zip Code: 98107,Multi-Family (2-4 Unit),814500.0,1022500.0,252.1655977682552,4.0,2.0,1.0,1.034233034515612,0.75
2019-09-01,2019-11-30,Zip Code: 98144,Condo/Co-op,386000.0,412500.0,462.3292844634176,10.0,16.0,12.0,0.9949110165771377,0.2999999999999999
2023-10-01,2023-12-31,Zip Code: 98134,All Residential,475000.0,,413.0434782608696,1.0,,1.0,0.979381443298969,0.0
2017-03-01,2017-05-31,Zip Code: 98122,Multi-Family (2-4 Unit),1155000.0,975000.0,410.6529209621993,3.0,11.0,2.0,1.0745819397993313,0.6666666666666666
2018-05-01,2018-07-31,Zip Code: 98112,Multi-Family (2-4 Unit),1312500.0,1297500.0,1280.45878545593,2.0,6.0,2.0,1.0,0.0
2023-09-01,2023-11-30,Zip Code: 98108,Condo/Co-op,588000.0,585000.0,491.40893470790377,5.0,3.0,2.0,0.9622743917305128,0.0
2021-06-01,2021-08-31,Zip Code: 98121,All Residential,604900.0,629000.0,752.3849440108504,134.0,128.0,65.0,0.993693109595294,0.1865671641791044
2014-03-01,2014-05-31,Zip Code: 98115,Multi-Family (2-4 Unit),551250.0,450000.0,170.99405805571791,4.0,1.0,1.0,0.966382097407123,0.25
2023-08-01,2023-10-31,Zip Code: 98122,All Residential,900000.0,825000.0,618.3091787439613,95.0,143.0,82.0,1.0011100531676136,0.3473684210526316
2013-05-01,2013-07-31,Zip Code: 98144,Single Family Residential,468000.0,465000.0,252.8022407043146,78.0,113.0,49.0,1.003698705033879,0.3589743589743589
2018-07-01,2018-09-30,Zip Code: 98133,Townhouse,503500.0,500000.0,372.17315427157047,16.0,31.0,17.0,0.9927547449967192,0.1875
2023-04-01,2023-06-30,Zip Code: 98178,All Residential,625000.0,700000.0,380.28169014084506,65.0,67.0,27.0,1.0057033555418502,0.4153846153846154
2020-05-01,2020-07-31,Zip Code: 98144,Single Family Residential,831000.0,877450.0,439.3611710739342,76.0,86.0,25.0,1.0294637466309693,0.4473684210526315
2013-04-01,2013-06-30,Zip Code: 98103,All Residential,465250.0,460000.0,289.8612903725579,258.0,341.0,92.0,1.0278375801608808,0.5310077519379846
2020-07-01,2020-09-30,Zip Code: 98115,Single Family Residential,950000.0,922475.0,470.2464580342025,178.0,198.0,31.0,1.03939091358096,0.5730337078651685
2023-04-01,2023-06-30,Zip Code: 98136,Condo/Co-op,500000.0,472500.0,516.1290322580645,13.0,10.0,1.0,1.0425736938125711,0.7692307692307692
2020-04-01,2020-06-30,Zip Code: 98106,Townhouse,544548.5,525000.0,366.44199657403885,22.0,30.0,23.0,0.999335517778218,0.2272727272727272
2018-05-01,2018-07-31,Zip Code: 98108,Condo/Co-op,455000.0,395000.0,325.0,1.0,1.0,1.0,0.9381443298969072,0.0
2019-03-01,2019-05-31,Zip Code: 98106,Townhouse,517000.0,537375.0,346.8992248062016,39.0,58.0,38.0,0.994863735640076,0.1538461538461538
2017-09-01,2017-11-30,Zip Code: 98117,Multi-Family (2-4 Unit),1002500.0,1090000.0,405.5546913484224,4.0,3.0,,1.0722452702711784,0.5
2013-08-01,2013-10-31,Zip Code: 98102,All Residential,393250.0,399000.0,354.16526312122323,96.0,110.0,57.0,1.0027241434999437,0.3333333333333333
2019-07-01,2019-09-30,Zip Code: 98104,All Residential,579000.0,610000.0,581.0126582278481,17.0,27.0,49.0,0.9937096239926844,0.3529411764705882
2013-01-01,2013-03-31,Zip Code: 98117,Multi-Family (2-4 Unit),360000.0,489900.0,163.8418079096045,3.0,1.0,2.0,1.035161237387382,0.3333333333333333
2013-01-01,2013-03-31,Zip Code: 98116,Townhouse,392500.0,410000.0,229.93827160493828,4.0,12.0,6.0,1.0122759261776073,0.5
2014-02-01,2014-04-30,Zip Code: 98112,Condo/Co-op,435500.0,410000.0,430.20389686567546,14.0,14.0,6.0,1.01093602529923,0.4285714285714285
2022-12-01,2023-02-28,Zip Code: 98113,All Residential,925000.0,,471.9387755102041,1.0,,,0.925000925000925,0.0
2015-08-01,2015-10-31,Zip Code: 98102,All Residential,540000.0,489950.0,466.278101582015,93.0,97.0,31.0,1.0064696881451878,0.3225806451612903
2019-07-01,2019-09-30,Zip Code: 98105,Multi-Family (2-4 Unit),1597500.0,1395000.0,896.6417910447761,2.0,3.0,1.0,1.0,0.0
2020-06-01,2020-08-31,Zip Code: 98119,Townhouse,862000.0,822000.0,550.6337412587412,28.0,30.0,14.0,1.0057082385836622,0.3928571428571428
2021-05-01,2021-07-31,Zip Code: 98118,Multi-Family (2-4 Unit),960000.0,1037500.0,394.2181340341656,3.0,8.0,6.0,1.0222734712769286,1.0
2012-10-01,2012-12-31,Zip Code: 98144,Multi-Family (2-4 Unit),257000.0,539475.0,106.19469026548671,3.0,2.0,1.0,0.911697060971514,0.3333333333333333
2018-12-01,2019-02-28,Zip Code: 98102,Condo/Co-op,457500.0,447475.0,604.2039706859632,30.0,64.0,36.0,0.9855470407170962,0.1
2022-02-01,2022-04-30,Zip Code: 98125,Condo/Co-op,375000.0,350000.0,433.9051463168517,23.0,27.0,2.0,1.0945259240119745,0.782608695652174
2023-11-01,2024-01-31,Zip Code: 98112,Condo/Co-op,449950.0,623975.0,704.2253521126761,5.0,8.0,7.0,0.977436658854444,0.0
2012-11-01,2013-01-31,Zip Code: 98136,Condo/Co-op,227500.0,200000.0,212.1746887484001,6.0,9.0,7.0,0.9792271303265812,0.0
2023-08-01,2023-10-31,Zip Code: 98144,Condo/Co-op,539000.0,527275.0,625.0,15.0,20.0,11.0,0.995516670379434,0.1333333333333333
2018-01-01,2018-03-31,Zip Code: 98105,All Residential,989250.0,967450.0,531.0210005247379,62.0,84.0,20.0,1.0743801170886331,0.5645161290322581
2014-11-01,2015-01-31,Zip Code: 98122,Townhouse,569000.0,569999.0,401.2482084499133,30.0,31.0,8.0,0.9941054705396272,0.1666666666666666
2012-01-01,2012-03-31,Zip Code: 98108,Single Family Residential,197450.0,264875.0,103.9594972067039,30.0,72.0,65.0,0.9847655860650076,0.2333333333333333
2012-04-01,2012-06-30,Zip Code: 98122,All Residential,392500.0,419000.0,273.95335768474285,113.0,125.0,72.0,0.9990208377150818,0.3008849557522124
2013-03-01,2013-05-31,Zip Code: 98122,Townhouse,465975.0,399950.0,328.2547604886522,18.0,25.0,8.0,1.03463627284816,0.6666666666666666
2018-10-01,2018-12-31,Zip Code: 98118,Condo/Co-op,300000.0,289725.0,288.46153846153845,1.0,4.0,4.0,0.9375,0.0
2012-09-01,2012-11-30,Zip Code: 98108,Single Family Residential,272400.0,303000.0,140.4656862745098,52.0,62.0,50.0,0.985500984167082,0.1923076923076923
2018-05-01,2018-07-31,Zip Code: 98105,Multi-Family (2-4 Unit),1400000.0,945000.0,471.38047138047136,3.0,7.0,2.0,0.9888610414926204,0.0
2023-08-01,2023-10-31,Zip Code: 98115,All Residential,994225.0,965000.0,596.1538461538462,168.0,185.0,60.0,1.017622594828402,0.3988095238095238
2012-11-01,2013-01-31,Zip Code: 98144,All Residential,350000.0,349950.0,211.15459336746696,72.0,67.0,61.0,0.981780344427498,0.3055555555555555
2016-10-01,2016-12-31,Zip Code: 98118,Multi-Family (2-4 Unit),559000.0,599000.0,179.67044627698277,4.0,3.0,,0.9699303024828946,0.0
2022-12-01,2023-02-28,Zip Code: 98113,Single Family Residential,925000.0,,471.9387755102041,1.0,,,0.925000925000925,0.0
2014-10-01,2014-12-31,Zip Code: 98102,Single Family Residential,925000.0,845000.0,361.7051921193413,18.0,7.0,4.0,1.0237882340138107,0.3333333333333333
2014-07-01,2014-09-30,Zip Code: 98116,Townhouse,460000.0,450000.0,302.67668776371306,16.0,29.0,14.0,0.9939358053516129,0.0625
2017-08-01,2017-10-31,Zip Code: 98105,Townhouse,844500.0,800000.0,660.0881500899791,10.0,13.0,5.0,0.9983166974667363,0.2
2023-03-01,2023-05-31,Zip Code: 98118,Condo/Co-op,600000.0,549950.0,576.2894736842105,8.0,11.0,2.0,0.9798910791059828,0.125
2013-07-01,2013-09-30,Zip Code: 98107,Multi-Family (2-4 Unit),668800.0,625000.0,214.25742574257427,7.0,7.0,5.0,0.9742235547488348,0.1428571428571428
2013-08-01,2013-10-31,Zip Code: 98112,Condo/Co-op,380000.0,366975.0,403.0600734804375,18.0,16.0,11.0,0.996055806490278,0.4444444444444444
2022-06-01,2022-08-31,Zip Code: 98119,Townhouse,925000.0,983000.0,685.1851851851852,17.0,24.0,6.0,0.9988008648091586,0.2352941176470588
2012-02-01,2012-04-30,Zip Code: 98115,Townhouse,302000.0,322000.0,228.19472616632856,13.0,18.0,8.0,0.9816078393541476,0.1538461538461538
2012-03-01,2012-05-31,Zip Code: 98122,All Residential,375000.0,417500.0,269.29460580912865,103.0,119.0,65.0,0.9908576375010416,0.29126213592233
2018-06-01,2018-08-31,Zip Code: 98122,Condo/Co-op,447000.0,455000.0,651.4782852796291,34.0,54.0,23.0,1.015223871520618,0.3823529411764705
2016-01-01,2016-03-31,Zip Code: 98136,Single Family Residential,560000.0,587000.0,342.7956371986223,42.0,48.0,14.0,1.0350049882108427,0.6428571428571429
2016-04-01,2016-06-30,Zip Code: 98133,Townhouse,425000.0,429950.0,312.7125850340136,42.0,43.0,5.0,1.026391465042974,0.5476190476190476
2019-02-01,2019-04-30,Zip Code: 98126,Single Family Residential,655000.0,674950.0,354.679802955665,93.0,129.0,47.0,1.00427978912826,0.3548387096774193
2015-06-01,2015-08-31,Zip Code: 98134,Condo/Co-op,325000.0,275000.0,270.83333333333326,1.0,1.0,,1.181818181818182,1.0
2021-10-01,2021-12-31,Zip Code: 98121,All Residential,696475.0,696475.0,801.1654557876102,128.0,104.0,44.0,0.9971191038303604,0.140625
2014-04-01,2014-06-30,Zip Code: 98136,Condo/Co-op,218000.0,262500.0,257.1428571428572,9.0,11.0,5.0,0.9797513829909736,0.1111111111111111
2020-03-01,2020-05-31,Zip Code: 98117,All Residential,820000.0,825000.0,467.12802768166085,133.0,166.0,43.0,1.036789583094044,0.5563909774436089
2013-10-01,2013-12-31,Zip Code: 98106,Townhouse,249900.0,279000.0,186.37747336377475,11.0,11.0,17.0,0.9975374756461454,0.2727272727272727
2021-05-01,2021-07-31,Zip Code: 98122,Condo/Co-op,460650.0,450000.0,640.8758914193697,66.0,71.0,39.0,1.0005005142904757,0.2272727272727272
2013-11-01,2014-01-31,Zip Code: 98136,All Residential,435000.0,425000.0,263.1578947368421,53.0,45.0,25.0,0.994238449750714,0.2641509433962264
2021-02-01,2021-04-30,Zip Code: 98144,Townhouse,619000.0,629950.0,520.528967254408,75.0,102.0,31.0,0.9996076272631068,0.2266666666666666
2023-08-01,2023-10-31,Zip Code: 98136,All Residential,852142.5,894975.0,546.4966509278577,64.0,66.0,27.0,1.0144780550167982,0.390625
2014-03-01,2014-05-31,Zip Code: 98122,Condo/Co-op,255000.0,275000.0,399.4330724463175,52.0,65.0,20.0,1.0052115294634625,0.3269230769230769
2021-11-01,2022-01-31,Zip Code: 98175,All Residential,1000000.0,,1123.5955056179776,1.0,,,1.000278077305491,1.0
2014-05-01,2014-07-31,Zip Code: 98136,Condo/Co-op,240000.0,255000.0,306.51340996168585,11.0,11.0,6.0,1.0031639454706058,0.1818181818181818
2022-08-01,2022-10-31,Zip Code: 98126,Condo/Co-op,372000.0,407500.0,497.8662873399716,15.0,24.0,12.0,0.9958544291384396,0.2666666666666666
2014-10-01,2014-12-31,Zip Code: 98134,Condo/Co-op,219000.0,,190.43478260869568,1.0,,1.0,1.0,0.0
2012-06-01,2012-08-31,Zip Code: 98105,Condo/Co-op,253000.0,281000.0,318.2461103253182,21.0,18.0,15.0,0.9738327368138564,0.1428571428571428
2014-05-01,2014-07-31,Zip Code: 98144,Multi-Family (2-4 Unit),355000.0,562500.0,165.77008346374544,2.0,8.0,8.0,1.0507238370152456,1.0
2018-02-01,2018-04-30,Zip Code: 98118,All Residential,612400.0,599000.0,361.01752313247,146.0,174.0,49.0,1.0592261765038062,0.6301369863013698
2018-02-01,2018-04-30,Zip Code: 98106,All Residential,568750.0,525000.0,359.5173795456192,114.0,133.0,34.0,1.0638566742902904,0.6491228070175438
2019-11-01,2020-01-31,Zip Code: 98136,Single Family Residential,780000.0,744250.0,394.9843260188088,46.0,32.0,15.0,0.9972830950300728,0.3043478260869565
2022-09-01,2022-11-30,Zip Code: 98144,Condo/Co-op,475000.0,474975.0,602.0065206111718,8.0,12.0,3.0,0.9921324964879918,0.375
2023-08-01,2023-10-31,Zip Code: 98178,Townhouse,635000.0,470000.0,360.655737704918,3.0,4.0,2.0,1.0021582400614273,0.6666666666666666
2021-01-01,2021-03-31,Zip Code: 98116,Condo/Co-op,615000.0,544995.0,555.7206537890045,23.0,34.0,15.0,0.9947009547064484,0.2608695652173913
2023-05-01,2023-07-31,Zip Code: 98107,Single Family Residential,1210000.0,1212000.0,580.110497237569,35.0,32.0,9.0,1.003254175383156,0.2571428571428571
2017-02-01,2017-04-30,Zip Code: 98185,Single Family Residential,260000.0,,317.0731707317073,1.0,,,0.9454545454545454,0.0
2012-07-01,2012-09-30,Zip Code: 98112,Condo/Co-op,300000.0,389500.0,350.84289813486373,14.0,18.0,17.0,0.9575278930453957,0.0714285714285714
2022-04-01,2022-06-30,Zip Code: 98177,All Residential,1125000.0,989975.0,572.2222222222222,87.0,122.0,33.0,1.1029035827598062,0.7586206896551723
2022-06-01,2022-08-31,Zip Code: 98102,Condo/Co-op,527500.0,495000.0,671.7779503105589,80.0,85.0,30.0,0.9996438591654484,0.25
2018-08-01,2018-10-31,Zip Code: 98117,Multi-Family (2-4 Unit),960000.0,1147500.0,384.20093795093794,4.0,6.0,4.0,0.974405574015413,0.0
2023-06-01,2023-08-31,Zip Code: 98178,Multi-Family (2-4 Unit),765000.0,724000.0,463.6363636363636,1.0,2.0,1.0,1.0213618157543392,1.0
2018-03-01,2018-05-31,Zip Code: 98119,Multi-Family (2-4 Unit),1028000.0,1070000.0,549.890035297312,2.0,4.0,2.0,1.1370543541788427,0.5
2014-01-01,2014-03-31,Zip Code: 98106,Single Family Residential,262000.0,307475.0,205.8823529411765,55.0,80.0,56.0,0.9947499246843082,0.4181818181818181
2021-02-01,2021-04-30,Zip Code: 98175,All Residential,345000.0,,348.133198789102,1.0,,,0.9858551221603084,0.0
2017-05-01,2017-07-31,Zip Code: 98117,Single Family Residential,801000.0,749450.0,407.024351083757,178.0,210.0,26.0,1.07242577340848,0.6629213483146067
2013-11-01,2014-01-31,Zip Code: 98107,Townhouse,470000.0,489900.0,331.45161290322574,27.0,29.0,7.0,1.0010791789400313,0.3703703703703703
2012-03-01,2012-05-31,Zip Code: 98107,Single Family Residential,490000.0,450000.0,245.5621301775148,33.0,51.0,10.0,1.0052324886926307,0.3939393939393939
2019-05-01,2019-07-31,Zip Code: 98121,Condo/Co-op,595000.0,599000.0,741.296798999095,108.0,127.0,99.0,0.9813308620914872,0.0925925925925925
2016-01-01,2016-03-31,Zip Code: 98107,Condo/Co-op,396900.0,374000.0,534.8280346820809,131.0,77.0,7.0,1.018693448609788,0.3969465648854961
2013-02-01,2013-04-30,Zip Code: 98122,All Residential,420000.0,445000.0,311.70336037079954,125.0,139.0,37.0,1.002383622752998,0.432
2022-05-01,2022-07-31,Zip Code: 98107,Multi-Family (2-4 Unit),1125000.0,1350000.0,453.21637426900577,7.0,11.0,3.0,1.0067860591869209,0.2857142857142857
2022-07-01,2022-09-30,Zip Code: 98121,All Residential,608000.0,612500.0,749.7984954325632,86.0,132.0,97.0,0.9913696305212124,0.2325581395348837
2014-08-01,2014-10-31,Zip Code: 98101,Condo/Co-op,426500.0,502300.0,521.8038302277432,50.0,56.0,27.0,0.9827132024397612,0.2399999999999999
2018-11-01,2019-01-31,Zip Code: 98122,Single Family Residential,869000.0,950000.0,480.0109553817181,36.0,26.0,19.0,0.97991614601347,0.1944444444444444
2013-05-01,2013-07-31,Zip Code: 98116,Townhouse,430000.0,472450.0,272.27272727272725,13.0,26.0,13.0,0.9995871627261822,0.3076923076923077
2015-01-01,2015-03-31,Zip Code: 98107,Single Family Residential,623500.0,619950.0,380.22741375031023,22.0,39.0,9.0,1.0206035621574434,0.3636363636363636
2019-06-01,2019-08-31,Zip Code: 98144,Condo/Co-op,396250.0,399750.0,471.1655011655012,12.0,16.0,12.0,0.9903003012796516,0.25
2017-09-01,2017-11-30,Zip Code: 98115,Condo/Co-op,437875.0,459000.0,464.528,48.0,41.0,13.0,1.0382254576852654,0.5
2023-04-01,2023-06-30,Zip Code: 98144,All Residential,740000.0,735000.0,551.040560276155,144.0,163.0,73.0,1.0086662809968765,0.3333333333333333
2019-10-01,2019-12-31,Zip Code: 98102,Single Family Residential,1225000.0,1200000.0,512.3762376237624,21.0,15.0,6.0,0.9829613177297554,0.1428571428571428
2012-05-01,2012-07-31,Zip Code: 98112,Single Family Residential,745000.0,942000.0,304.60416666666663,70.0,84.0,58.0,0.9849883176613486,0.2571428571428571
2013-11-01,2014-01-31,Zip Code: 98134,Condo/Co-op,230000.0,199900.0,200.0,3.0,3.0,2.0,0.9817360570909276,0.6666666666666666
2017-04-01,2017-06-30,Zip Code: 98133,All Residential,540000.0,499500.0,349.4318181818182,215.0,251.0,32.0,1.0864559615229816,0.7162790697674418
2012-12-01,2013-02-28,Zip Code: 98144,All Residential,340000.0,349950.0,235.40282283700247,74.0,85.0,66.0,0.994186063933466,0.2837837837837837
2017-05-01,2017-07-31,Zip Code: 98178,Townhouse,276000.0,254950.0,176.44645055395978,3.0,1.0,,1.102874767521297,1.0
2023-11-01,2024-01-31,Zip Code: 98122,Single Family Residential,1199000.0,999950.0,554.7406733393995,34.0,25.0,13.0,1.0056338628679204,0.2647058823529411
2021-08-01,2021-10-31,Zip Code: 98118,Single Family Residential,784000.0,784000.0,465.1178451178452,142.0,158.0,33.0,1.0540514722749266,0.5774647887323943
2015-11-01,2016-01-31,Zip Code: 98117,Townhouse,595000.0,549950.0,419.23925925925926,12.0,15.0,4.0,1.016108394018975,0.3333333333333333
2015-07-01,2015-09-30,Zip Code: 98121,Condo/Co-op,609900.0,690800.0,609.250398724083,285.0,185.0,57.0,1.000484617718867,0.0947368421052631
2014-07-01,2014-09-30,Zip Code: 98122,All Residential,493000.0,432499.5,346.02076124567475,151.0,166.0,86.0,1.0087919825856926,0.3973509933774834
2017-02-01,2017-04-30,Zip Code: 98133,All Residential,511875.0,479950.0,336.95144724556485,176.0,190.0,30.0,1.0612720417104902,0.6306818181818182
2023-01-01,2023-03-31,Zip Code: 98122,Multi-Family (2-4 Unit),1000000.0,1052400.0,500.0,1.0,2.0,1.0,1.0640561821664185,1.0
2021-07-01,2021-09-30,Zip Code: 98122,Single Family Residential,1200000.0,1025000.0,576.3319672131148,61.0,64.0,22.0,1.0388184054036302,0.5245901639344261
2016-03-01,2016-05-31,Zip Code: 98136,All Residential,570000.0,585000.0,345.25277435265104,93.0,116.0,23.0,1.0657690186156128,0.7311827956989247
2016-03-01,2016-05-31,Zip Code: 98122,Townhouse,634975.0,637450.0,409.8847006584037,42.0,44.0,11.0,1.019620123926229,0.3333333333333333
2019-02-01,2019-04-30,Zip Code: 98118,Townhouse,579400.0,510000.0,378.2479591836735,16.0,19.0,15.0,0.9922935239120972,0.0625
2014-04-01,2014-06-30,Zip Code: 98108,Townhouse,305000.0,304475.0,222.25158049289536,18.0,10.0,4.0,0.9916055104847988,0.0
2012-07-01,2012-09-30,Zip Code: 98102,Multi-Family (2-4 Unit),648500.0,749000.0,187.5,3.0,1.0,3.0,0.967821298516742,0.3333333333333333
2019-02-01,2019-04-30,Zip Code: 98136,All Residential,723000.0,722475.0,390.2522601341498,72.0,102.0,36.0,1.007811343949775,0.3472222222222222
2018-11-01,2019-01-31,Zip Code: 98175,Townhouse,587000.0,585000.0,425.0543084721217,1.0,1.0,,1.0034188034188034,1.0
2019-08-01,2019-10-31,Zip Code: 98117,Condo/Co-op,352500.0,344950.0,413.49455525458967,4.0,5.0,3.0,0.9902550753843856,0.25
2020-11-01,2021-01-31,Zip Code: 98121,All Residential,615000.0,599000.0,681.3020439061318,59.0,97.0,98.0,0.9770014534107374,0.0677966101694915
2022-02-01,2022-04-30,Zip Code: 98117,All Residential,1100000.0,937000.0,633.6756525459991,164.0,224.0,34.0,1.147908751817322,0.774390243902439
2014-10-01,2014-12-31,Zip Code: 98101,All Residential,495000.0,587475.0,518.7282757189548,49.0,40.0,18.0,0.994558947804507,0.2040816326530612
2017-08-01,2017-10-31,Zip Code: 98133,Condo/Co-op,293750.0,284950.0,364.6254990755124,48.0,59.0,16.0,1.0353507445223016,0.5625
2019-02-01,2019-04-30,Zip Code: 98136,Single Family Residential,783000.0,799950.0,370.2592454814833,48.0,60.0,19.0,1.0155621378959243,0.4375
2020-03-01,2020-05-31,Zip Code: 98116,All Residential,775000.0,799000.0,457.66590389016017,85.0,131.0,53.0,1.016956870914005,0.4705882352941176
2018-06-01,2018-08-31,Zip Code: 98116,Townhouse,756475.0,738888.0,528.0609284332688,20.0,27.0,8.0,0.9888919538515076,0.1
2023-02-01,2023-04-30,Zip Code: 98134,All Residential,413000.0,375000.0,409.8778503443818,4.0,5.0,1.0,1.0211783589498031,0.5
2016-04-01,2016-06-30,Zip Code: 98112,Single Family Residential,1250000.0,1225000.0,464.0522875816994,91.0,97.0,36.0,1.0392983354636338,0.4725274725274725
2021-04-01,2021-06-30,Zip Code: 98185,Single Family Residential,459000.0,459000.0,628.7671232876712,1.0,1.0,,1.0,0.0
2019-03-01,2019-05-31,Zip Code: 98119,Multi-Family (2-4 Unit),1360000.0,1295000.0,424.74916387959865,4.0,5.0,2.0,0.9426800586510264,0.0
2017-12-01,2018-02-28,Zip Code: 98119,Multi-Family (2-4 Unit),1080000.0,769950.0,369.8630136986301,1.0,1.0,,1.1191709844559583,1.0
2016-03-01,2016-05-31,Zip Code: 98117,Single Family Residential,708000.0,662500.0,359.43775100401604,145.0,192.0,27.0,1.0751490901581624,0.6896551724137931
2023-04-01,2023-06-30,Zip Code: 98112,Townhouse,915000.0,1054500.0,686.2745098039215,15.0,6.0,1.0,0.9911194728958536,0.2
2012-01-01,2012-03-31,Zip Code: 98118,Single Family Residential,255000.0,254000.0,138.28996282527882,87.0,139.0,119.0,0.966075873482734,0.2068965517241379
2016-12-01,2017-02-28,Zip Code: 98133,Townhouse,455000.0,458888.0,327.6784185739163,26.0,20.0,3.0,1.0319180748831112,0.5
2019-08-01,2019-10-31,Zip Code: 98175,Townhouse,540000.0,,391.0209992758871,1.0,,,0.9818181818181818,0.0
2013-03-01,2013-05-31,Zip Code: 98106,Multi-Family (2-4 Unit),229075.0,342472.5,139.01592627026153,4.0,2.0,2.0,1.0753101929030722,0.5
2015-08-01,2015-10-31,Zip Code: 98136,All Residential,487500.0,525000.0,293.8578748651564,94.0,98.0,36.0,1.0240461310743276,0.5
2013-08-01,2013-10-31,Zip Code: 98103,All Residential,462000.0,450000.0,286.98939393939395,224.0,237.0,79.0,1.0116539514027327,0.4151785714285714
2018-02-01,2018-04-30,Zip Code: 98106,Townhouse,550000.0,509950.0,355.0295857988166,33.0,33.0,10.0,1.0368764865299107,0.5454545454545454
2018-06-01,2018-08-31,Zip Code: 98108,Multi-Family (2-4 Unit),412500.0,650000.0,263.88888888888886,2.0,1.0,,1.0002427060048138,1.0
2015-11-01,2016-01-31,Zip Code: 98121,Condo/Co-op,456000.0,585000.0,592.049782033447,78.0,82.0,47.0,0.9940096431079368,0.2948717948717948
2013-04-01,2013-06-30,Zip Code: 98102,Multi-Family (2-4 Unit),742500.0,849000.0,241.31944444444449,4.0,5.0,4.0,1.085564575393538,0.5
2012-12-01,2013-02-28,Zip Code: 98117,Townhouse,372000.0,379950.0,264.7058823529412,7.0,17.0,4.0,1.0134508915612452,0.5714285714285714
2014-10-01,2014-12-31,Zip Code: 98107,Single Family Residential,580000.0,614950.0,322.72727272727275,51.0,30.0,12.0,1.014570315058016,0.4705882352941176
2017-02-01,2017-04-30,Zip Code: 98112,All Residential,883750.0,1175000.0,495.8530107776809,82.0,103.0,37.0,1.0448177800866787,0.4634146341463414
2014-09-01,2014-11-30,Zip Code: 98106,Townhouse,280000.0,340900.0,212.5896358543417,18.0,31.0,19.0,0.9929923903243624,0.1111111111111111
2016-04-01,2016-06-30,Zip Code: 98108,Condo/Co-op,346000.0,,230.66666666666663,1.0,,,0.9226666666666666,0.0
2021-07-01,2021-09-30,Zip Code: 98102,Condo/Co-op,489500.0,499950.0,636.7924528301887,85.0,73.0,39.0,0.9915680018664108,0.2117647058823529
2017-10-01,2017-12-31,Zip Code: 98118,Townhouse,431250.0,486900.0,349.999,11.0,10.0,2.0,1.0305554949886273,0.3636363636363636
2014-10-01,2014-12-31,Zip Code: 98107,Condo/Co-op,277475.0,326000.0,397.4354532477792,22.0,22.0,18.0,0.9908428649738616,0.1818181818181818
2016-08-01,2016-10-31,Zip Code: 98133,Condo/Co-op,232000.0,230000.0,282.3315118397086,43.0,47.0,14.0,1.0179367941395476,0.3953488372093023
2016-06-01,2016-08-31,Zip Code: 98106,Townhouse,373500.0,369450.0,273.92666549249253,44.0,40.0,13.0,1.035737152691658,0.5909090909090909
2012-01-01,2012-03-31,Zip Code: 98104,Single Family Residential,625000.0,,85.82806921175501,1.0,,,0.7822277847309135,0.0
2019-04-01,2019-06-30,Zip Code: 98126,Multi-Family (2-4 Unit),890000.0,890000.0,385.28138528138527,1.0,1.0,,1.0,0.0
2021-05-01,2021-07-31,Zip Code: 98102,Townhouse,894500.0,879450.0,645.5026455026455,22.0,38.0,21.0,0.9948220426133512,0.2272727272727272
2019-09-01,2019-11-30,Zip Code: 98117,Townhouse,602500.0,674974.5,441.5672562731386,20.0,38.0,23.0,0.9875058712193828,0.1499999999999999
2021-12-01,2022-02-28,Zip Code: 98116,Condo/Co-op,475000.0,622500.0,583.0058729553583,28.0,30.0,7.0,0.9969318970637104,0.25
2023-02-01,2023-04-30,Zip Code: 98119,All Residential,889975.0,847440.0,589.0021735926908,64.0,78.0,39.0,1.0032303130848423,0.21875
2013-02-01,2013-04-30,Zip Code: 98112,All Residential,725750.0,774000.0,329.2887569381696,104.0,141.0,67.0,0.9822135624564978,0.2211538461538461
2019-05-01,2019-07-31,Zip Code: 98102,Multi-Family (2-4 Unit),1062500.0,2035000.0,451.6465677179962,2.0,5.0,3.0,1.0,0.0
2017-11-01,2018-01-31,Zip Code: 98118,Townhouse,492500.0,549750.0,358.05487024683123,12.0,13.0,10.0,1.0342445987668345,0.3333333333333333
2023-02-01,2023-04-30,Zip Code: 98136,Multi-Family (2-4 Unit),992500.0,1100000.0,351.60872528970685,2.0,3.0,1.0,1.0909090909090908,0.5
2017-11-01,2018-01-31,Zip Code: 98177,Condo/Co-op,441000.0,487500.0,323.0118985228751,12.0,4.0,1.0,1.014055434820588,0.5
2021-03-01,2021-05-31,Zip Code: 98107,Single Family Residential,1050000.0,975000.0,572.5368956588336,74.0,86.0,12.0,1.0791064764300338,0.581081081081081
2016-01-01,2016-03-31,Zip Code: 98106,Multi-Family (2-4 Unit),355000.0,,158.33333333333334,3.0,,,0.9930408365126464,0.3333333333333333
2019-04-01,2019-06-30,Zip Code: 98117,Townhouse,664500.0,649950.0,457.21116315378606,22.0,39.0,15.0,0.9938198219576913,0.1363636363636363
2016-01-01,2016-03-31,Zip Code: 98119,Multi-Family (2-4 Unit),670000.0,800000.0,332.4429771908764,2.0,6.0,1.0,0.9966519092418372,0.5
2022-01-01,2022-03-31,Zip Code: 98115,Townhouse,800000.0,797000.0,644.3129520052597,25.0,56.0,9.0,1.0413540766366065,0.4799999999999999
2022-04-01,2022-06-30,Zip Code: 98122,Multi-Family (2-4 Unit),1300000.0,1325000.0,492.4195330484772,10.0,7.0,6.0,0.982591910851851,0.2999999999999999
2017-02-01,2017-04-30,Zip Code: 98107,All Residential,750000.0,699900.0,488.7870751368896,124.0,156.0,16.0,1.0594721872855712,0.5806451612903226
2022-10-01,2022-12-31,Zip Code: 98122,Condo/Co-op,449500.0,475000.0,610.2979842243648,26.0,22.0,13.0,0.99186582289704,0.0769230769230769
2015-08-01,2015-10-31,Zip Code: 98105,Townhouse,572475.0,550000.0,382.01231884057967,12.0,7.0,,1.0276271842144515,0.25
2013-03-01,2013-05-31,Zip Code: 98105,All Residential,585000.0,599950.0,286.5056861723324,114.0,149.0,42.0,1.0135654081310908,0.4298245614035087
2012-12-01,2013-02-28,Zip Code: 98178,Condo/Co-op,50000.0,59500.0,93.6329588014981,1.0,6.0,5.0,1.1337868480725624,1.0
2012-09-01,2012-11-30,Zip Code: 98112,Single Family Residential,883225.0,949950.0,326.77342454394693,74.0,69.0,43.0,0.9766906121330594,0.2297297297297297
2018-12-01,2019-02-28,Zip Code: 98144,Multi-Family (2-4 Unit),1073050.0,1112500.0,370.7362298195632,2.0,4.0,4.0,0.945600893811328,0.0
2017-10-01,2017-12-31,Zip Code: 98106,Condo/Co-op,291500.0,317499.5,351.69319222699426,6.0,2.0,,0.9928762593440598,0.3333333333333333
2013-01-01,2013-03-31,Zip Code: 98133,Multi-Family (2-4 Unit),230000.0,459000.0,153.84615384615384,3.0,3.0,1.0,0.975756370102042,0.3333333333333333
2021-07-01,2021-09-30,Zip Code: 98117,Townhouse,715000.0,722000.0,529.3823529411765,65.0,56.0,18.0,1.0082181943995918,0.2769230769230769
2023-06-01,2023-08-31,Zip Code: 98112,All Residential,1499950.0,1499950.0,714.4122383252818,83.0,73.0,34.0,0.9854314554518748,0.216867469879518
2013-10-01,2013-12-31,Zip Code: 98112,All Residential,732500.0,619975.0,354.72266633870373,96.0,54.0,35.0,0.9921129700864272,0.2708333333333333
2022-10-01,2022-12-31,Zip Code: 98112,Townhouse,925000.0,975000.0,653.757283504119,4.0,4.0,2.0,0.9668656102955264,0.0
2017-11-01,2018-01-31,Zip Code: 98122,All Residential,770000.0,776975.0,535.2760736196319,106.0,76.0,19.0,1.0245792086690302,0.490566037735849
2015-01-01,2015-03-31,Zip Code: 98134,All Residential,180000.0,,238.7267904509284,1.0,,,1.0,0.0
2022-11-01,2023-01-31,Zip Code: 98102,Single Family Residential,1732500.0,1850000.0,622.3573756290734,8.0,7.0,9.0,0.9442876237614448,0.0
2020-07-01,2020-09-30,Zip Code: 98112,All Residential,1100000.0,1099000.0,599.9993333333333,147.0,211.0,92.0,1.0181213810063987,0.3673469387755102
2015-08-01,2015-10-31,Zip Code: 98118,Multi-Family (2-4 Unit),649000.0,659500.0,135.678496868476,3.0,4.0,6.0,0.9688411168766988,0.0
2015-03-01,2015-05-31,Zip Code: 98136,Condo/Co-op,266125.0,268500.0,309.32262569832403,12.0,15.0,4.0,0.9885509773394252,0.1666666666666666
2015-10-01,2015-12-31,Zip Code: 98117,Multi-Family (2-4 Unit),450000.0,725000.0,312.5,1.0,1.0,,1.0,0.0
2017-04-01,2017-06-30,Zip Code: 98133,Townhouse,579475.0,497000.0,403.2533054975644,36.0,36.0,,1.0712094595739816,0.5
2019-11-01,2020-01-31,Zip Code: 98119,Condo/Co-op,450000.0,480000.0,553.1914893617021,33.0,23.0,12.0,0.9864829511646822,0.1212121212121212
2019-12-01,2020-02-29,Zip Code: 98121,Condo/Co-op,599950.0,574000.0,700.5649717514125,77.0,67.0,48.0,0.9724419090924018,0.0779220779220779
2014-11-01,2015-01-31,Zip Code: 98115,Single Family Residential,600000.0,539500.0,291.6666666666667,97.0,50.0,20.0,1.004953641507352,0.3402061855670103
2017-11-01,2018-01-31,Zip Code: 98133,All Residential,554000.0,550000.0,340.95142776163823,166.0,112.0,29.0,1.0186070957351137,0.4518072289156626
2018-09-01,2018-11-30,Zip Code: 98101,All Residential,757250.0,750000.0,795.625,32.0,57.0,50.0,0.9803237543973234,0.125
2020-08-01,2020-10-31,Zip Code: 98177,Single Family Residential,930000.0,900000.0,412.25961538461536,105.0,106.0,18.0,1.0319374478499228,0.4952380952380952
2017-12-01,2018-02-28,Zip Code: 98102,Multi-Family (2-4 Unit),1900000.0,2199995.0,598.0861244019137,3.0,3.0,3.0,1.034775101441768,0.3333333333333333
2019-08-01,2019-10-31,Zip Code: 98105,Townhouse,788000.0,775000.0,521.8446601941748,8.0,7.0,7.0,0.9817437550536402,0.125
2017-09-01,2017-11-30,Zip Code: 98112,Townhouse,737000.0,735000.0,542.2535211267606,18.0,15.0,1.0,1.0208056812982331,0.4444444444444444
2021-08-01,2021-10-31,Zip Code: 98119,Condo/Co-op,494250.0,475000.0,586.1736590547,78.0,67.0,29.0,1.0040173255244176,0.2692307692307692
2016-04-01,2016-06-30,Zip Code: 98112,All Residential,949950.0,885000.0,478.4110535405872,139.0,157.0,53.0,1.0285792501686255,0.4676258992805755
2017-07-01,2017-09-30,Zip Code: 98112,All Residential,950000.0,996725.0,537.00698206332,112.0,122.0,41.0,1.0338309080230976,0.4732142857142857
2019-07-01,2019-09-30,Zip Code: 98144,Condo/Co-op,391000.0,396500.0,470.3030303030303,9.0,16.0,10.0,0.999442738068226,0.3333333333333333
2020-04-01,2020-06-30,Zip Code: 98115,Townhouse,754880.0,709880.0,522.2578397212544,30.0,45.0,23.0,1.0042338060852256,0.2333333333333333
2018-04-01,2018-06-30,Zip Code: 98106,Townhouse,510500.0,510000.0,390.68682871678914,30.0,32.0,10.0,1.0313549780105014,0.5
2018-11-01,2019-01-31,Zip Code: 98136,Condo/Co-op,360000.0,399000.0,366.5511265164645,7.0,5.0,5.0,0.988346342705008,0.1428571428571428
2014-08-01,2014-10-31,Zip Code: 98122,Townhouse,506888.0,499975.0,355.08474576271186,23.0,30.0,17.0,0.9991990848058168,0.3478260869565217
2015-07-01,2015-09-30,Zip Code: 98125,Single Family Residential,478000.0,456750.0,268.69158878504675,121.0,132.0,31.0,1.026834358067744,0.5123966942148759
2012-11-01,2013-01-31,Zip Code: 98122,Condo/Co-op,259950.0,259925.0,343.2882414151925,31.0,32.0,22.0,0.991161203854856,0.2258064516129032
2017-03-01,2017-05-31,Zip Code: 98104,All Residential,326000.0,515000.0,555.5555555555555,27.0,53.0,24.0,1.0567968826967644,0.5925925925925924
2023-05-01,2023-07-31,Zip Code: 98118,Multi-Family (2-4 Unit),750000.0,1050000.0,315.12605042016804,1.0,2.0,1.0,1.0,0.0
2019-06-01,2019-08-31,Zip Code: 98115,Townhouse,711000.0,695000.0,475.829596412556,23.0,31.0,22.0,0.9932271861784436,0.0434782608695652
2012-08-01,2012-10-31,Zip Code: 98144,Townhouse,317000.0,339450.0,221.23053338905063,16.0,18.0,13.0,0.9924641567806692,0.0625
2017-03-01,2017-05-31,Zip Code: 98133,Single Family Residential,576250.0,538500.0,338.93762757104724,118.0,135.0,15.0,1.0911745522499552,0.7457627118644067
2018-06-01,2018-08-31,Zip Code: 98117,Condo/Co-op,508000.0,477000.0,453.3479692645445,11.0,8.0,3.0,1.011011439917756,0.5454545454545454
2017-10-01,2017-12-31,Zip Code: 98118,Condo/Co-op,338000.0,282500.0,520.9835295471105,4.0,6.0,1.0,1.0097852839615018,0.25
2015-04-01,2015-06-30,Zip Code: 98104,All Residential,395500.0,502000.0,462.2507122507122,22.0,20.0,11.0,1.0022122724270917,0.3636363636363636
2018-12-01,2019-02-28,Zip Code: 98121,Condo/Co-op,568888.0,684000.0,743.9824945295405,63.0,74.0,84.0,0.975654242737428,0.1269841269841269
2021-02-01,2021-04-30,Zip Code: 98119,Single Family Residential,1415000.0,1367500.0,576.9230769230769,51.0,58.0,11.0,1.043980208045841,0.5490196078431373
2023-12-01,2024-02-29,Zip Code: 98122,Townhouse,890000.0,799925.0,631.1689063948099,32.0,34.0,14.0,1.0022830813361243,0.28125
2015-06-01,2015-08-31,Zip Code: 98101,Condo/Co-op,625000.0,600000.0,668.9483509645302,103.0,89.0,57.0,1.0075809322782887,0.1844660194174757
2014-04-01,2014-06-30,Zip Code: 98106,Multi-Family (2-4 Unit),375000.0,,143.51320321469575,1.0,,,0.8721944412140946,0.0
2020-11-01,2021-01-31,Zip Code: 98136,Single Family Residential,857500.0,822249.5,407.25629791894846,56.0,44.0,10.0,1.0071951964244346,0.3928571428571428
2020-01-01,2020-03-31,Zip Code: 98106,Townhouse,537450.0,549950.0,344.027457556068,38.0,51.0,25.0,1.0007574321775443,0.2105263157894736
2021-08-01,2021-10-31,Zip Code: 98117,Condo/Co-op,491000.0,495000.0,507.56738900634247,8.0,10.0,4.0,1.0022847114409488,0.25
2013-12-01,2014-02-28,Zip Code: 98112,All Residential,727500.0,734500.0,342.6684173669468,68.0,56.0,41.0,0.9998292448396936,0.338235294117647
2021-03-01,2021-05-31,Zip Code: 98133,All Residential,682440.0,639000.0,436.3097414568002,230.0,276.0,53.0,1.062521258856473,0.5826086956521738
2016-11-01,2017-01-31,Zip Code: 98108,All Residential,475000.0,478888.0,308.641975308642,53.0,51.0,21.0,1.045598658977298,0.5283018867924528
2018-01-01,2018-03-31,Zip Code: 98116,Single Family Residential,887500.0,832000.0,428.4647435897436,40.0,51.0,11.0,1.0573253989581424,0.525
2020-05-01,2020-07-31,Zip Code: 98122,All Residential,773000.0,749475.0,550.5248797632261,134.0,210.0,84.0,1.0055149307772548,0.2313432835820895
2023-05-01,2023-07-31,Zip Code: 98117,Condo/Co-op,720000.0,744725.0,688.9556377079482,28.0,32.0,10.0,0.9963146586255422,0.1785714285714285
2019-12-01,2020-02-29,Zip Code: 98178,All Residential,482495.0,500000.0,268.9878639942242,76.0,73.0,33.0,0.9969972048423296,0.3026315789473684
2020-01-01,2020-03-31,Zip Code: 98178,Condo/Co-op,132000.0,229000.0,230.7692307692308,1.0,5.0,3.0,1.056,1.0
2021-11-01,2022-01-31,Zip Code: 98122,Condo/Co-op,477500.0,474000.0,614.637785008634,50.0,31.0,14.0,1.0053934948437526,0.34
2014-09-01,2014-11-30,Zip Code: 98118,Condo/Co-op,200000.0,242500.0,284.1541910754321,8.0,8.0,5.0,0.95327083677623,0.125
2012-04-01,2012-06-30,Zip Code: 98121,Single Family Residential,330000.0,,372.04058624577226,1.0,,1.0,0.9428571428571428,0.0
2021-11-01,2022-01-31,Zip Code: 98101,All Residential,755000.0,859500.0,869.3931398416886,65.0,64.0,36.0,0.9969396125401274,0.2615384615384615
2013-07-01,2013-09-30,Zip Code: 98122,All Residential,428750.0,435000.0,310.0639194886441,140.0,143.0,60.0,1.0106198797216308,0.3499999999999999
2014-10-01,2014-12-31,Zip Code: 98115,Multi-Family (2-4 Unit),789250.0,792750.0,274.0996811748225,2.0,2.0,2.0,0.995879929370218,0.0
2023-03-01,2023-05-31,Zip Code: 98119,Townhouse,1175000.0,1140000.0,716.374269005848,13.0,9.0,1.0,0.986523457889002,0.0769230769230769
2018-05-01,2018-07-31,Zip Code: 98118,Townhouse,578800.0,674800.0,462.03703703703695,19.0,19.0,8.0,1.0170106562628287,0.263157894736842
2020-06-01,2020-08-31,Zip Code: 98102,Townhouse,945000.0,999950.0,625.6663113006397,20.0,39.0,21.0,0.9819044788259848,0.1499999999999999
2016-02-01,2016-04-30,Zip Code: 98144,Townhouse,519975.0,527474.5,371.0854044405983,20.0,42.0,10.0,1.0424068918922198,0.5
2017-08-01,2017-10-31,Zip Code: 98117,Condo/Co-op,430000.0,429950.0,507.1428571428572,9.0,8.0,1.0,1.1821708109476623,0.8888888888888888
2013-07-01,2013-09-30,Zip Code: 98108,All Residential,320000.0,342000.0,194.634402945818,73.0,89.0,49.0,1.0131970775245502,0.4520547945205479
2022-01-01,2022-03-31,Zip Code: 98118,Condo/Co-op,489000.0,469000.0,590.7323945739809,4.0,4.0,,1.013421052631579,0.25
2015-02-01,2015-04-30,Zip Code: 98144,Single Family Residential,577500.0,599950.0,276.92978630614914,73.0,83.0,20.0,1.023789149316551,0.4794520547945205
2015-02-01,2015-04-30,Zip Code: 98105,All Residential,656375.0,747500.0,379.22395332222726,62.0,108.0,25.0,1.050156873403136,0.5806451612903226
2019-08-01,2019-10-31,Zip Code: 98119,Multi-Family (2-4 Unit),1025000.0,1044380.0,519.9383124036132,4.0,6.0,3.0,0.940479624136684,0.0
2013-10-01,2013-12-31,Zip Code: 98133,Single Family Residential,358000.0,375000.0,204.01193264190923,114.0,97.0,39.0,0.99062049494429,0.263157894736842
2019-07-01,2019-09-30,Zip Code: 98136,Condo/Co-op,393750.0,369000.0,474.66998114177954,10.0,9.0,5.0,0.9857255676709474,0.0
2018-10-01,2018-12-31,Zip Code: 98106,Single Family Residential,510000.0,548475.0,332.60869565217394,67.0,60.0,37.0,0.9876599164275196,0.2537313432835821
2020-10-01,2020-12-31,Zip Code: 98102,Multi-Family (2-4 Unit),1200000.0,1487500.0,517.1380144920028,2.0,2.0,3.0,0.9101075268817204,0.0
2017-06-01,2017-08-31,Zip Code: 98102,Single Family Residential,1130000.0,1250000.0,484.13957688338496,16.0,17.0,4.0,1.0132542046218291,0.3125
2022-09-01,2022-11-30,Zip Code: 98133,Multi-Family (2-4 Unit),1130000.0,937000.0,248.02458296751536,1.0,1.0,1.0,0.8773291925465838,0.0
2022-05-01,2022-07-31,Zip Code: 98117,All Residential,1055000.0,929500.0,595.7113946579019,204.0,292.0,88.0,1.0850196314616232,0.5784313725490196
2016-02-01,2016-04-30,Zip Code: 98108,All Residential,446750.0,449950.0,273.7191745633063,86.0,93.0,22.0,1.051924604097782,0.5465116279069767
2020-07-01,2020-09-30,Zip Code: 98107,Multi-Family (2-4 Unit),998800.0,995000.0,394.44444444444446,7.0,9.0,4.0,1.0188223299952557,0.2857142857142857
2023-11-01,2024-01-31,Zip Code: 98116,Single Family Residential,972050.0,975000.0,538.7144073666908,40.0,33.0,13.0,0.9946123342050426,0.1749999999999999
2017-08-01,2017-10-31,Zip Code: 98178,Multi-Family (2-4 Unit),414000.0,700000.0,257.1428571428572,1.0,3.0,1.0,0.9880668257756564,0.0
2023-03-01,2023-05-31,Zip Code: 98136,Townhouse,729000.0,727000.0,529.1970802919708,21.0,26.0,7.0,1.0079699517934786,0.3809523809523809
2023-02-01,2023-04-30,Zip Code: 98144,Multi-Family (2-4 Unit),755000.0,720000.0,401.5957446808511,3.0,4.0,2.0,0.9790826105924322,0.3333333333333333
2020-06-01,2020-08-31,Zip Code: 98119,Single Family Residential,1288000.0,1300000.0,563.8766519823788,57.0,69.0,22.0,1.0037292529570294,0.2807017543859649
2015-10-01,2015-12-31,Zip Code: 98118,Single Family Residential,441000.0,399950.0,237.28813559322035,123.0,95.0,42.0,1.0175586979565894,0.4390243902439024
2018-12-01,2019-02-28,Zip Code: 98134,Single Family Residential,660000.0,,331.65829145728645,1.0,,,0.9777777777777776,0.0
2018-11-01,2019-01-31,Zip Code: 98119,Multi-Family (2-4 Unit),1160500.0,1125000.0,410.58956916099766,2.0,5.0,3.0,1.0040010908524233,0.5
2013-10-01,2013-12-31,Zip Code: 98122,Townhouse,504444.0,529900.0,359.2878053113065,24.0,14.0,2.0,0.9969530521288156,0.2916666666666666
2014-07-01,2014-09-30,Zip Code: 98102,All Residential,399000.0,447500.0,390.1442307692308,87.0,90.0,45.0,0.9877255331927016,0.1954022988505747
2013-02-01,2013-04-30,Zip Code: 98116,Townhouse,380000.0,427000.0,261.1111111111111,7.0,10.0,4.0,1.0070770410606715,0.4285714285714285
2015-05-01,2015-07-31,Zip Code: 98119,All Residential,650000.0,662500.0,408.7193460490463,129.0,134.0,39.0,1.0172991348911529,0.4108527131782945
2020-07-01,2020-09-30,Zip Code: 98119,Townhouse,863000.0,815000.0,574.566962399662,31.0,33.0,17.0,1.0153741784121086,0.5483870967741935
2020-02-01,2020-04-30,Zip Code: 98112,Multi-Family (2-4 Unit),1190000.0,1635000.0,653.8461538461538,1.0,2.0,,0.9153846153846152,0.0
2021-04-01,2021-06-30,Zip Code: 98178,All Residential,625000.0,598800.0,345.5247005988024,118.0,158.0,29.0,1.0791466212873742,0.6864406779661016
2016-11-01,2017-01-31,Zip Code: 98116,Single Family Residential,651000.0,700000.0,322.54080756013747,50.0,31.0,17.0,1.0083018714268868,0.4
2015-10-01,2015-12-31,Zip Code: 98144,Townhouse,450000.0,499950.0,333.0044400592008,31.0,27.0,7.0,1.0278584032952,0.6451612903225806
2023-12-01,2024-02-29,Zip Code: 98118,All Residential,728900.0,777000.0,500.39508340649695,85.0,94.0,47.0,0.9899062040912618,0.2117647058823529
2018-10-01,2018-12-31,Zip Code: 98102,All Residential,650000.0,659950.0,610.2362204724409,65.0,80.0,45.0,0.9842990888280316,0.1846153846153846
2018-08-01,2018-10-31,Zip Code: 98136,All Residential,740000.0,699475.0,377.1428571428572,79.0,102.0,53.0,0.9937229638857769,0.2278481012658227
2018-07-01,2018-09-30,Zip Code: 98144,All Residential,707500.0,702450.0,474.8281572638202,96.0,146.0,90.0,1.015122810994413,0.3333333333333333
2020-05-01,2020-07-31,Zip Code: 98102,Single Family Residential,1687500.0,1788000.0,571.6363738121321,16.0,15.0,7.0,1.009563682060904,0.375
2019-06-01,2019-08-31,Zip Code: 98122,Single Family Residential,965000.0,985000.0,483.4176503653738,61.0,69.0,35.0,1.01261647979679,0.3770491803278688
2019-08-01,2019-10-31,Zip Code: 98133,Townhouse,566500.0,505000.0,358.472172988302,12.0,28.0,24.0,0.9672026158331288,0.0
2013-08-01,2013-10-31,Zip Code: 98108,Single Family Residential,340900.0,359950.0,219.99267050969672,56.0,70.0,39.0,1.0104443062731256,0.375
2015-02-01,2015-04-30,Zip Code: 98107,Townhouse,560000.0,527500.0,391.36690647482015,29.0,40.0,2.0,1.049622019637348,0.6206896551724138
2019-10-01,2019-12-31,Zip Code: 98107,Condo/Co-op,450000.0,475475.0,550.6298708231025,28.0,16.0,8.0,0.9883873293866456,0.1071428571428571
2017-06-01,2017-08-31,Zip Code: 98102,Townhouse,917490.0,899000.0,644.8958193715046,18.0,27.0,10.0,1.010745827537424,0.2777777777777777
2016-03-01,2016-05-31,Zip Code: 98115,Condo/Co-op,280000.0,250000.0,301.6323987538941,31.0,39.0,5.0,1.0814402016074778,0.7096774193548387
2019-04-01,2019-06-30,Zip Code: 98107,Townhouse,745000.0,734975.0,514.6496815286624,63.0,86.0,37.0,0.9956493277585508,0.1746031746031745
2017-09-01,2017-11-30,Zip Code: 98136,Townhouse,599000.0,589000.0,433.33333333333326,13.0,17.0,1.0,1.0170164001639108,0.3846153846153846
2012-07-01,2012-09-30,Zip Code: 98116,Townhouse,344550.0,374000.0,231.47974273508285,6.0,14.0,10.0,1.0068096927974723,0.1666666666666666
2021-04-01,2021-06-30,Zip Code: 98112,Condo/Co-op,582000.0,634500.0,652.6601421467335,24.0,22.0,10.0,1.003115346510473,0.25
2022-05-01,2022-07-31,Zip Code: 98144,All Residential,854000.0,799000.0,579.7014925373135,138.0,189.0,90.0,1.051458625228378,0.5579710144927535
2023-08-01,2023-10-31,Zip Code: 98115,Single Family Residential,1146475.0,1132800.0,594.6625712250712,118.0,131.0,34.0,1.0241478118469542,0.4322033898305084
2020-06-01,2020-08-31,Zip Code: 98144,Condo/Co-op,400000.0,421500.0,510.6382978723405,11.0,26.0,12.0,0.9879319031279066,0.2727272727272727
2016-08-01,2016-10-31,Zip Code: 98101,All Residential,609950.0,624950.0,750.531914893617,181.0,71.0,18.0,1.0015703862820289,0.0718232044198895
2012-06-01,2012-08-31,Zip Code: 98108,Townhouse,275000.0,249925.0,180.9278350515464,13.0,12.0,5.0,0.9901369280364508,0.0769230769230769
2012-09-01,2012-11-30,Zip Code: 98101,Condo/Co-op,499750.0,500000.0,490.72577996715927,60.0,63.0,43.0,0.9711663624417516,0.0833333333333333
2023-10-01,2023-12-31,Zip Code: 98178,Condo/Co-op,270000.0,299950.0,293.1596091205212,1.0,3.0,3.0,0.9001500250041674,0.0
2019-12-01,2020-02-29,Zip Code: 98112,Condo/Co-op,537000.0,549975.0,611.6722783389449,11.0,14.0,5.0,0.989176845159842,0.0909090909090909
2014-04-01,2014-06-30,Zip Code: 98134,All Residential,199000.0,238500.0,173.04347826086956,1.0,1.0,1.0,1.0,0.0
2015-03-01,2015-05-31,Zip Code: 98106,Single Family Residential,344800.0,360000.0,216.8341708542713,101.0,95.0,22.0,1.0277293033549193,0.5841584158415841
2017-11-01,2018-01-31,Zip Code: 98144,All Residential,713475.0,746000.0,449.6567505720824,132.0,108.0,21.0,1.0261954590045783,0.3939393939393939
2022-06-01,2022-08-31,Zip Code: 98112,Multi-Family (2-4 Unit),1460000.0,1589500.0,385.49127640036727,2.0,2.0,,0.9613914373088684,0.0
2019-11-01,2020-01-31,Zip Code: 98178,All Residential,470000.0,476950.0,253.98936170212767,94.0,62.0,31.0,0.9884930957688712,0.276595744680851
2015-01-01,2015-03-31,Zip Code: 98104,Condo/Co-op,383500.0,270000.0,402.2102747909199,16.0,23.0,12.0,0.976917896617354,0.0625
2022-08-01,2022-10-31,Zip Code: 98118,Single Family Residential,810000.0,717475.0,433.648748955271,88.0,94.0,53.0,1.0031835956880035,0.3295454545454545
2013-10-01,2013-12-31,Zip Code: 98112,Condo/Co-op,336500.0,369900.0,419.81227467711005,12.0,9.0,8.0,0.9829369290551672,0.3333333333333333
2021-03-01,2021-05-31,Zip Code: 98108,Townhouse,549975.0,584150.0,447.1023613074983,34.0,34.0,7.0,1.008288523050789,0.3529411764705882
2019-04-01,2019-06-30,Zip Code: 98125,Condo/Co-op,382500.0,349974.5,338.7953941541187,17.0,34.0,16.0,0.9914966473490746,0.2941176470588235
2020-03-01,2020-05-31,Zip Code: 98102,Multi-Family (2-4 Unit),1433500.0,1550000.0,417.59106189440377,2.0,1.0,2.0,1.0053125,0.5
2014-12-01,2015-02-28,Zip Code: 98118,All Residential,356750.0,399900.0,219.74358974358967,114.0,123.0,70.0,0.9951976934386204,0.3157894736842105
2023-10-01,2023-12-31,Zip Code: 98102,All Residential,742500.0,825000.0,639.5557222638993,62.0,51.0,32.0,0.9811172634122468,0.1451612903225806
2020-01-01,2020-03-31,Zip Code: 98107,Multi-Family (2-4 Unit),855000.0,1100000.0,421.2280701754386,7.0,11.0,5.0,1.0318472976163942,0.5714285714285714
2017-10-01,2017-12-31,Zip Code: 98112,Condo/Co-op,537500.0,505000.0,643.8863814756671,16.0,9.0,2.0,1.041195213966726,0.5
2013-03-01,2013-05-31,Zip Code: 98134,All Residential,207400.0,5359400.0,177.4833759590793,2.0,2.0,2.0,0.9780487804878047,0.0
2019-12-01,2020-02-29,Zip Code: 98178,Multi-Family (2-4 Unit),699000.0,815000.0,288.6773275743864,2.0,1.0,,1.0485114854642892,1.0
2013-11-01,2014-01-31,Zip Code: 98121,Condo/Co-op,355000.0,436600.0,465.1916262623963,58.0,72.0,52.0,0.980476489805528,0.1379310344827586
2015-04-01,2015-06-30,Zip Code: 98119,Condo/Co-op,365000.0,357500.0,420.46605876393113,63.0,56.0,16.0,1.0183373679359706,0.4285714285714285
2019-12-01,2020-02-29,Zip Code: 98102,All Residential,639250.0,582000.0,626.4130434782609,102.0,106.0,45.0,0.993303274718694,0.1666666666666666
2017-09-01,2017-11-30,Zip Code: 98122,Single Family Residential,1002000.0,1043000.0,483.14606741573033,57.0,54.0,10.0,1.0478497857942384,0.5087719298245614
2020-12-01,2021-02-28,Zip Code: 98144,Condo/Co-op,372000.0,394475.0,527.7204907419732,18.0,22.0,9.0,0.9969203404782156,0.2222222222222222
2017-02-01,2017-04-30,Zip Code: 98119,Condo/Co-op,447500.0,419000.0,576.254074830925,42.0,53.0,9.0,1.051724988475487,0.6904761904761904
2021-05-01,2021-07-31,Zip Code: 98112,All Residential,1310500.0,1235000.0,651.0363517428277,176.0,168.0,39.0,1.034702532062848,0.4261363636363636
2012-04-01,2012-06-30,Zip Code: 98178,Multi-Family (2-4 Unit),74000.0,,37.755102040816325,1.0,,,0.8926417370325693,0.0
2023-09-01,2023-11-30,Zip Code: 98136,Single Family Residential,1010000.0,1150000.0,535.2043912610482,38.0,37.0,16.0,1.0130683018097573,0.3947368421052631
2022-09-01,2022-11-30,Zip Code: 98115,Multi-Family (2-4 Unit),1837500.0,1772500.0,467.2503849723777,2.0,2.0,1.0,0.9570746675758608,0.0
2015-09-01,2015-11-30,Zip Code: 98113,All Residential,567500.0,,411.29539733908666,2.0,,,1.1500722302478057,0.5
2018-11-01,2019-01-31,Zip Code: 98133,Single Family Residential,588750.0,599900.0,334.97504011410234,80.0,55.0,36.0,0.9854752833908,0.1625
2018-06-01,2018-08-31,Zip Code: 98112,Single Family Residential,1290000.0,1235000.0,588.017503805175,82.0,96.0,38.0,1.0199926871906495,0.4268292682926829
2020-12-01,2021-02-28,Zip Code: 98117,Single Family Residential,836900.0,884900.0,505.98802395209583,103.0,89.0,9.0,1.043600949000429,0.4466019417475728
2019-11-01,2020-01-31,Zip Code: 98116,Townhouse,535450.0,691475.0,490.295944847084,20.0,18.0,3.0,0.9915854077745389,0.1
2012-10-01,2012-12-31,Zip Code: 98136,All Residential,410000.0,410000.0,212.46875,77.0,45.0,33.0,0.9842675364593382,0.2077922077922078
2013-12-01,2014-02-28,Zip Code: 98106,Single Family Residential,237475.0,284925.0,191.2577452399857,52.0,58.0,46.0,0.9869459057562444,0.3269230769230769
2018-08-01,2018-10-31,Zip Code: 98133,Townhouse,525000.0,535000.0,358.28946443199834,20.0,25.0,12.0,0.9828250409734892,0.1
2021-07-01,2021-09-30,Zip Code: 98178,Single Family Residential,625000.0,604950.0,365.8536585365854,105.0,104.0,22.0,1.049337055559329,0.6666666666666666
2015-11-01,2016-01-31,Zip Code: 98134,Single Family Residential,520000.0,,298.85057471264366,1.0,,1.0,1.0196078431372548,1.0
2022-01-01,2022-03-31,Zip Code: 98101,Condo/Co-op,750000.0,750000.0,894.240837696335,67.0,116.0,49.0,0.9984562790693818,0.2388059701492537
2018-07-01,2018-09-30,Zip Code: 98119,Townhouse,880000.0,973750.0,634.7397214854111,24.0,30.0,18.0,1.0012382105903592,0.2083333333333333
2021-08-01,2021-10-31,Zip Code: 98136,All Residential,780000.0,724950.0,488.3805374001452,105.0,101.0,18.0,1.0403229855984937,0.4857142857142857
2016-07-01,2016-09-30,Zip Code: 98108,All Residential,447500.0,424900.0,294.87179487179486,83.0,105.0,34.0,1.038925120111729,0.5301204819277108
2013-06-01,2013-08-31,Zip Code: 98136,Condo/Co-op,289625.0,224500.0,288.33692178446773,6.0,16.0,12.0,0.990710313766582,0.3333333333333333
2023-07-01,2023-09-30,Zip Code: 98112,All Residential,1412500.0,1281500.0,687.4437443744375,70.0,64.0,38.0,0.9819456519240576,0.2571428571428571
2019-03-01,2019-05-31,Zip Code: 98118,Condo/Co-op,250000.0,305000.0,332.409972299169,3.0,7.0,5.0,0.9205867734835432,0.3333333333333333
2013-01-01,2013-03-31,Zip Code: 98119,Townhouse,549994.0,639950.0,326.13856879695663,8.0,11.0,8.0,0.9600202913600832,0.125
2015-08-01,2015-10-31,Zip Code: 98178,Single Family Residential,320000.0,329475.0,182.73809523809524,85.0,104.0,51.0,1.0153497869331594,0.4470588235294117
2016-11-01,2017-01-31,Zip Code: 98134,Condo/Co-op,950000.0,,657.8947368421053,1.0,,1.0,0.9547738693467336,0.0
2023-05-01,2023-07-31,Zip Code: 98112,All Residential,1193250.0,1550000.0,706.8331587896805,100.0,91.0,37.0,1.0005849678954288,0.25
2016-12-01,2017-02-28,Zip Code: 98115,Multi-Family (2-4 Unit),800000.0,699000.0,253.16455696202533,1.0,1.0,,1.000062503906494,1.0
2021-11-01,2022-01-31,Zip Code: 98109,Townhouse,1085000.0,1150000.0,643.7768240343347,7.0,5.0,2.0,0.9714879922528352,0.2857142857142857
2020-04-01,2020-06-30,Zip Code: 98105,Multi-Family (2-4 Unit),1100000.0,1100000.0,380.6228373702422,3.0,9.0,5.0,0.9859649122807016,0.0
2019-08-01,2019-10-31,Zip Code: 98106,Single Family Residential,553500.0,549000.0,352.9117647058824,85.0,83.0,44.0,0.990375290281772,0.2235294117647058
2023-11-01,2024-01-31,Zip Code: 98144,Single Family Residential,750000.0,869950.0,543.859649122807,35.0,29.0,15.0,1.0102935917472493,0.3428571428571428
2015-02-01,2015-04-30,Zip Code: 98134,Condo/Co-op,180000.0,,238.7267904509284,1.0,,,1.0,0.0
2018-09-01,2018-11-30,Zip Code: 98136,Condo/Co-op,367500.0,394950.0,395.3220040091204,8.0,10.0,4.0,0.9919360672878804,0.125
2014-03-01,2014-05-31,Zip Code: 98104,All Residential,279000.0,384000.0,404.7619047619048,19.0,20.0,18.0,0.96002033640723,0.1578947368421052
2015-09-01,2015-11-30,Zip Code: 98108,Townhouse,380975.0,375000.0,312.32753732753736,10.0,13.0,3.0,1.031960348381149,0.4
2022-03-01,2022-05-31,Zip Code: 98119,Single Family Residential,1676975.0,1550000.0,681.0183498393561,50.0,65.0,17.0,1.0987337354879034,0.6999999999999998
2020-04-01,2020-06-30,Zip Code: 98117,Multi-Family (2-4 Unit),1390000.0,874474.5,229.8280423280424,1.0,4.0,3.0,0.9266666666666666,0.0
2016-03-01,2016-05-31,Zip Code: 98122,Condo/Co-op,384000.0,349000.0,547.8731942215088,49.0,59.0,9.0,1.0773767135234014,0.693877551020408
2015-08-01,2015-10-31,Zip Code: 98122,Townhouse,609999.0,574500.0,422.7678571428572,33.0,29.0,12.0,1.0374161537029096,0.606060606060606
2023-09-01,2023-11-30,Zip Code: 98119,All Residential,955000.0,1180000.0,604.7647527910685,64.0,77.0,46.0,0.9893216921203332,0.125
2017-12-01,2018-02-28,Zip Code: 98118,Multi-Family (2-4 Unit),762000.0,824563.0,277.2586303319945,2.0,6.0,3.0,1.008212717515043,0.5
2015-11-01,2016-01-31,Zip Code: 98118,Single Family Residential,450000.0,449888.0,232.2274881516588,95.0,69.0,44.0,1.0228747293046974,0.4421052631578947
2015-01-01,2015-03-31,Zip Code: 98125,Condo/Co-op,193475.0,213500.0,193.1190253045924,10.0,16.0,8.0,0.9898426491392776,0.2
2021-07-01,2021-09-30,Zip Code: 98107,Single Family Residential,960000.0,975000.0,585.3333333333334,59.0,57.0,9.0,1.0601807796730047,0.5423728813559322
2020-05-01,2020-07-31,Zip Code: 98121,Condo/Co-op,649950.0,650000.0,758.1967213114754,71.0,187.0,133.0,0.985939603889096,0.1690140845070422
2015-12-01,2016-02-29,Zip Code: 98106,Townhouse,326500.0,415900.0,223.9644970414201,20.0,23.0,8.0,1.024999155219854,0.5
2019-11-01,2020-01-31,Zip Code: 98144,Townhouse,650150.0,679950.0,487.358145230471,40.0,27.0,13.0,0.994564739895412,0.1499999999999999
2019-02-01,2019-04-30,Zip Code: 98133,Condo/Co-op,307025.0,290000.0,376.222004976893,26.0,37.0,23.0,0.9833445501068738,0.2307692307692307
2019-08-01,2019-10-31,Zip Code: 98122,Single Family Residential,915000.0,899975.0,497.7029096477795,45.0,68.0,35.0,0.9998257717728264,0.2444444444444444
2013-03-01,2013-05-31,Zip Code: 98107,All Residential,425000.0,412444.0,297.3978919631094,119.0,152.0,36.0,1.0119735646911994,0.3865546218487395
2016-01-01,2016-03-31,Zip Code: 98105,All Residential,714000.0,750000.0,416.4383561643836,55.0,99.0,22.0,1.0638864055150654,0.6363636363636364
2015-07-01,2015-09-30,Zip Code: 98136,Townhouse,425000.0,395000.0,317.5967823026647,10.0,11.0,1.0,1.0251204592488297,0.6999999999999998
2021-12-01,2022-02-28,Zip Code: 98136,Multi-Family (2-4 Unit),1450000.0,1350000.0,464.74358974358967,1.0,1.0,,0.9666666666666666,0.0
2021-05-01,2021-07-31,Zip Code: 98116,Single Family Residential,1000000.0,949500.0,528.765625,102.0,97.0,22.0,1.07080189386206,0.6372549019607842
2012-06-01,2012-08-31,Zip Code: 98121,Single Family Residential,330000.0,,372.04058624577226,1.0,,,0.9428571428571428,0.0
2018-03-01,2018-05-31,Zip Code: 98102,All Residential,783475.0,777475.0,646.0152224448038,110.0,146.0,36.0,1.0512211177289033,0.5181818181818181
2012-08-01,2012-10-31,Zip Code: 98144,All Residential,345000.0,359900.0,220.36729306854863,88.0,117.0,86.0,1.0142171711814325,0.3295454545454545
2012-11-01,2013-01-31,Zip Code: 98119,Single Family Residential,710000.0,779950.0,273.7368229734642,32.0,17.0,16.0,0.9756895236399552,0.21875
2020-08-01,2020-10-31,Zip Code: 98178,Townhouse,510592.5,541219.5,307.23532934131737,8.0,6.0,2.0,0.999838326540276,0.0
2023-10-01,2023-12-31,Zip Code: 98107,Condo/Co-op,440000.0,464950.0,618.848167539267,13.0,11.0,6.0,0.9966345512996712,0.1538461538461538
2021-03-01,2021-05-31,Zip Code: 98133,Condo/Co-op,317500.0,310000.0,371.900826446281,43.0,49.0,10.0,1.0175488207252594,0.4651162790697674
2013-05-01,2013-07-31,Zip Code: 98136,Townhouse,392000.0,364475.0,246.10591900311528,14.0,4.0,2.0,0.9933255072694868,0.1428571428571428
2015-06-01,2015-08-31,Zip Code: 98102,Multi-Family (2-4 Unit),950000.0,1293750.0,395.83333333333326,1.0,2.0,,0.9547738693467336,0.0
2016-03-01,2016-05-31,Zip Code: 98136,Multi-Family (2-4 Unit),1005500.0,1265000.0,285.14310906131306,2.0,1.0,,1.0277899296590072,1.0
2023-11-01,2024-01-31,Zip Code: 98117,Townhouse,798500.0,819950.0,574.3708200665503,36.0,41.0,21.0,0.9943469301805544,0.2222222222222222
2012-08-01,2012-10-31,Zip Code: 98199,Condo/Co-op,180900.0,250000.0,202.44663591706893,12.0,15.0,16.0,0.9900244502325248,0.25
2014-01-01,2014-03-31,Zip Code: 98134,Condo/Co-op,230000.0,219925.0,185.45454545454547,3.0,2.0,,1.0234787896290454,0.6666666666666666
2015-05-01,2015-07-31,Zip Code: 98101,Condo/Co-op,583150.0,584950.0,577.2930648769575,75.0,119.0,56.0,1.0082534547064967,0.2666666666666666
2020-06-01,2020-08-31,Zip Code: 98116,Multi-Family (2-4 Unit),1089750.0,1067500.0,560.2077627975564,2.0,10.0,9.0,0.9990003910142404,0.5
2015-11-01,2016-01-31,Zip Code: 98107,Multi-Family (2-4 Unit),782000.0,750000.0,243.20630877742943,4.0,4.0,,1.003058654099259,0.75
2015-03-01,2015-05-31,Zip Code: 98133,Multi-Family (2-4 Unit),410000.0,449000.0,198.63013698630132,5.0,7.0,4.0,0.98204463426743,0.4
2023-07-01,2023-09-30,Zip Code: 98101,All Residential,594999.0,644500.0,741.989881956155,43.0,68.0,75.0,0.9818915752897166,0.0930232558139534
2016-01-01,2016-03-31,Zip Code: 98178,All Residential,319850.0,339725.0,199.70598297730305,62.0,78.0,37.0,1.018204672539028,0.4677419354838709
2021-01-01,2021-03-31,Zip Code: 98122,Multi-Family (2-4 Unit),1130000.0,1299777.0,351.0626288406793,2.0,1.0,1.0,0.989247311827957,0.0
2023-01-01,2023-03-31,Zip Code: 98107,Condo/Co-op,486600.0,477000.0,601.2332990750257,11.0,16.0,7.0,0.9899938563884466,0.0909090909090909
2015-08-01,2015-10-31,Zip Code: 98101,All Residential,739100.0,649250.0,743.523957266502,88.0,64.0,54.0,1.00146611789603,0.125
2021-10-01,2021-12-31,Zip Code: 98107,Townhouse,764950.0,775000.0,607.8177257525084,79.0,59.0,3.0,1.011769155202776,0.3417721518987341
2023-08-01,2023-10-31,Zip Code: 98107,Multi-Family (2-4 Unit),1500000.0,1395000.0,499.001996007984,5.0,5.0,5.0,0.975775861404604,0.0
2012-02-01,2012-04-30,Zip Code: 98106,Single Family Residential,169750.0,225000.0,130.16304347826087,34.0,66.0,56.0,0.9549135807473036,0.1764705882352941
2021-07-01,2021-09-30,Zip Code: 98134,Condo/Co-op,408000.0,427000.0,354.7826086956522,3.0,5.0,1.0,0.9964872146815108,0.3333333333333333
2019-10-01,2019-12-31,Zip Code: 98121,Condo/Co-op,604000.0,617000.0,711.2150158038892,80.0,62.0,48.0,0.9711710615171232,0.025
2021-03-01,2021-05-31,Zip Code: 98112,All Residential,1370000.0,1295000.0,668.4350132625995,161.0,196.0,43.0,1.031476123966255,0.453416149068323
2016-05-01,2016-07-31,Zip Code: 98112,All Residential,975000.0,882500.0,497.77777777777777,139.0,142.0,42.0,1.0301855226022805,0.4676258992805755
2019-04-01,2019-06-30,Zip Code: 98115,Multi-Family (2-4 Unit),848000.0,,347.5409836065574,1.0,,1.0,1.0241545893719808,1.0
2017-08-01,2017-10-31,Zip Code: 98118,Single Family Residential,560000.0,500000.0,319.2821782178218,153.0,152.0,62.0,1.0387821909811854,0.522875816993464
2023-03-01,2023-05-31,Zip Code: 98107,Townhouse,790000.0,799925.0,599.3000874890639,65.0,82.0,26.0,1.0013322579121868,0.1692307692307692
2017-12-01,2018-02-28,Zip Code: 98177,Townhouse,435500.0,525000.0,290.57754010695186,2.0,3.0,3.0,1.0930015295917166,1.0
2013-04-01,2013-06-30,Zip Code: 98118,Multi-Family (2-4 Unit),495500.0,450000.0,118.30971506074106,2.0,7.0,5.0,1.0981050357964373,1.0
2014-05-01,2014-07-31,Zip Code: 98144,Single Family Residential,570000.0,565900.0,278.84615384615387,95.0,113.0,46.0,1.0064792627807724,0.3894736842105263
2019-03-01,2019-05-31,Zip Code: 98133,All Residential,568804.5,550000.0,362.58524607829554,152.0,263.0,101.0,1.0056890579962667,0.3289473684210526
2012-01-01,2012-03-31,Zip Code: 98115,Townhouse,312475.0,304950.0,230.2231237322515,10.0,16.0,9.0,0.9763056759392864,0.0
2019-04-01,2019-06-30,Zip Code: 98117,Single Family Residential,825000.0,799000.0,432.8358208955224,165.0,194.0,60.0,1.025052618315858,0.503030303030303
2020-10-01,2020-12-31,Zip Code: 98122,All Residential,769500.0,750000.0,555.1864156515319,156.0,131.0,73.0,0.99651322865642,0.2179487179487179
2016-03-01,2016-05-31,Zip Code: 98119,Multi-Family (2-4 Unit),997700.0,900000.0,374.68589377498574,6.0,8.0,3.0,1.0284588054769446,0.3333333333333333
2017-04-01,2017-06-30,Zip Code: 98122,All Residential,700000.0,695000.0,522.0588235294117,177.0,201.0,25.0,1.0767469403610197,0.7005649717514124
2013-01-01,2013-03-31,Zip Code: 98104,All Residential,387500.0,470000.0,360.6687098070739,10.0,15.0,16.0,0.9613422486166648,0.1
2014-12-01,2015-02-28,Zip Code: 98119,Multi-Family (2-4 Unit),899000.0,1150000.0,282.0313475708755,2.0,2.0,,1.0676919682259487,0.5
2018-10-01,2018-12-31,Zip Code: 98122,Condo/Co-op,497206.0,499225.0,698.4126984126984,45.0,34.0,16.0,0.9787149375974518,0.0888888888888888
2020-07-01,2020-09-30,Zip Code: 98117,Condo/Co-op,502365.0,587450.0,554.8705302096178,3.0,10.0,8.0,1.0051117729011685,0.3333333333333333
2015-01-01,2015-03-31,Zip Code: 98119,Single Family Residential,650000.0,822000.0,351.9074874170416,27.0,34.0,13.0,1.016346112141835,0.4444444444444444
2014-08-01,2014-10-31,Zip Code: 98118,Multi-Family (2-4 Unit),277750.0,274750.0,113.6212161008602,2.0,4.0,8.0,1.0460615262867687,0.5
2018-08-01,2018-10-31,Zip Code: 98115,Townhouse,767500.0,724999.0,502.0294111944784,18.0,27.0,15.0,0.994632444203098,0.2222222222222222
2021-09-01,2021-11-30,Zip Code: 98119,Condo/Co-op,494250.0,456000.0,587.471264367816,68.0,49.0,21.0,1.0047876565186171,0.2647058823529411
2013-06-01,2013-08-31,Zip Code: 98106,All Residential,253900.0,250000.0,176.0211267605634,107.0,125.0,101.0,1.0080902629177568,0.3738317757009345
2018-10-01,2018-12-31,Zip Code: 98178,Single Family Residential,430000.0,485000.0,269.91150442477874,73.0,65.0,39.0,0.9947396950235156,0.3424657534246575
2014-03-01,2014-05-31,Zip Code: 98102,Townhouse,612500.0,599000.0,418.0041870202373,8.0,23.0,6.0,1.0033671005165647,0.5
2012-02-01,2012-04-30,Zip Code: 98101,Condo/Co-op,474500.0,573750.0,456.7517112632234,54.0,92.0,59.0,0.964294829417362,0.074074074074074
2012-05-01,2012-07-31,Zip Code: 98144,Single Family Residential,415000.0,419475.0,211.95652173913044,65.0,94.0,54.0,1.0035998535967094,0.3538461538461538
2021-05-01,2021-07-31,Zip Code: 98102,All Residential,627500.0,777450.0,625.9777899810849,136.0,160.0,83.0,0.9913888907389372,0.1838235294117647
2023-11-01,2024-01-31,Zip Code: 98107,Multi-Family (2-4 Unit),2837500.0,,694.1569684188602,2.0,,2.0,0.9531401371917873,0.0
2019-02-01,2019-04-30,Zip Code: 98133,All Residential,580000.0,559950.0,364.92054149499705,137.0,198.0,96.0,1.0007484928106585,0.2773722627737226
2017-08-01,2017-10-31,Zip Code: 98112,Single Family Residential,1387500.0,1295000.0,531.3863914566714,64.0,73.0,27.0,1.037692894847414,0.5
2022-12-01,2023-02-28,Zip Code: 98102,Condo/Co-op,490000.0,495000.0,609.4182825484764,21.0,23.0,18.0,0.9792153423916689,0.0
2022-07-01,2022-09-30,Zip Code: 98133,Condo/Co-op,365000.0,384500.0,457.6701463754336,30.0,28.0,15.0,0.9969608417247722,0.2333333333333333
2014-03-01,2014-05-31,Zip Code: 98116,All Residential,480000.0,522500.0,315.9921011772864,120.0,168.0,66.0,1.0163513024077195,0.4166666666666666
2016-01-01,2016-03-31,Zip Code: 98115,Multi-Family (2-4 Unit),490000.0,724975.0,203.4134447927552,2.0,2.0,1.0,0.9574468085106382,0.0
2016-10-01,2016-12-31,Zip Code: 98102,Multi-Family (2-4 Unit),1400000.0,,418.6602870813397,3.0,,1.0,1.0259173723376958,0.3333333333333333
2016-12-01,2017-02-28,Zip Code: 98144,Condo/Co-op,291775.0,297500.0,348.29651323853653,6.0,6.0,2.0,0.9800134398779276,0.0
2012-07-01,2012-09-30,Zip Code: 98144,Townhouse,310000.0,329000.0,220.82717872968985,17.0,21.0,12.0,0.9929725313634724,0.0588235294117647
2012-09-01,2012-11-30,Zip Code: 98136,Townhouse,315000.0,425000.0,210.0,5.0,9.0,8.0,0.9834471578158808,0.2
2016-07-01,2016-09-30,Zip Code: 98115,All Residential,680000.0,640000.0,350.46728971962614,211.0,271.0,72.0,1.0485580410354287,0.5971563981042654
2019-05-01,2019-07-31,Zip Code: 98122,Condo/Co-op,448000.0,435000.0,667.6602086438152,47.0,59.0,30.0,0.9906833600193272,0.1914893617021276
2018-04-01,2018-06-30,Zip Code: 98126,Condo/Co-op,445000.0,499990.0,399.9018867924528,34.0,35.0,12.0,1.0305986938541225,0.4411764705882352
2013-12-01,2014-02-28,Zip Code: 98119,Townhouse,555450.0,314900.0,391.4563106796117,8.0,9.0,6.0,0.9774232362607914,0.0
2017-06-01,2017-08-31,Zip Code: 98104,All Residential,448750.0,487500.0,576.6392578536792,22.0,20.0,16.0,1.04567824666853,0.6363636363636364
2023-06-01,2023-08-31,Zip Code: 98144,Single Family Residential,930000.0,774500.0,549.1071428571429,65.0,74.0,31.0,1.013582233534349,0.3384615384615384
2012-01-01,2012-03-31,Zip Code: 98112,Townhouse,569995.0,487450.0,353.4183082271147,13.0,6.0,3.0,0.9937921089036076,0.3076923076923077
2015-11-01,2016-01-31,Zip Code: 98144,All Residential,549900.0,519950.0,334.5498783454988,103.0,69.0,30.0,1.0083046664384,0.3300970873786408
2015-02-01,2015-04-30,Zip Code: 98117,Condo/Co-op,525000.0,309461.5,468.75,7.0,6.0,,0.9981009806384749,0.4285714285714285
2022-08-01,2022-10-31,Zip Code: 98105,Single Family Residential,1420000.0,1475000.0,622.7029933468052,54.0,57.0,31.0,0.9918151151934164,0.2962962962962962
2022-02-01,2022-04-30,Zip Code: 98122,Single Family Residential,1204975.0,1160000.0,664.4144144144144,58.0,62.0,10.0,1.0855197328647606,0.6551724137931034
2013-06-01,2013-08-31,Zip Code: 98178,Single Family Residential,257500.0,250000.0,144.12997903563942,101.0,130.0,85.0,1.028200008494221,0.5148514851485148
2023-08-01,2023-10-31,Zip Code: 98108,Condo/Co-op,624000.0,780000.0,510.73551592582737,4.0,2.0,1.0,0.9759970472735302,0.0
2021-04-01,2021-06-30,Zip Code: 98122,Single Family Residential,1250000.0,1198000.0,575.4004718490083,102.0,106.0,12.0,1.0648574531500057,0.6274509803921569
2017-06-01,2017-08-31,Zip Code: 98117,Condo/Co-op,448550.0,365000.0,522.7257698778436,10.0,6.0,,1.0615659742904098,0.5
2023-03-01,2023-05-31,Zip Code: 98112,Condo/Co-op,555000.0,721500.0,669.9346405228758,19.0,30.0,13.0,1.0039454607186418,0.2105263157894736
2013-04-01,2013-06-30,Zip Code: 98136,Single Family Residential,500900.0,468500.0,249.3496733183868,68.0,86.0,32.0,1.012764637803806,0.4558823529411764
2022-11-01,2023-01-31,Zip Code: 98133,All Residential,647500.0,699925.0,445.60635641028887,102.0,92.0,68.0,0.9912182058254526,0.2450980392156862
2012-04-01,2012-06-30,Zip Code: 98134,Condo/Co-op,4000000.0,,1403.508771929825,1.0,,2.0,0.8898776418242491,0.0
2017-01-01,2017-03-31,Zip Code: 98117,Condo/Co-op,545000.0,687000.0,486.6071428571428,5.0,4.0,1.0,0.9897206570339911,0.2
2017-04-01,2017-06-30,Zip Code: 98118,Condo/Co-op,294500.0,292350.0,389.14373088685016,13.0,12.0,1.0,1.0282196721959145,0.3846153846153846
2015-11-01,2016-01-31,Zip Code: 98118,Multi-Family (2-4 Unit),430000.0,419900.0,176.95473251028807,1.0,1.0,3.0,1.0240533460347705,1.0
2018-04-01,2018-06-30,Zip Code: 98107,Multi-Family (2-4 Unit),985000.0,874500.0,478.3654757841241,13.0,14.0,4.0,1.031035363600041,0.4615384615384615
2022-03-01,2022-05-31,Zip Code: 98136,Condo/Co-op,462500.0,449950.0,589.2847122201231,8.0,13.0,2.0,1.0354028664999952,0.75
2014-03-01,2014-05-31,Zip Code: 98119,Condo/Co-op,300900.0,292000.0,370.96774193548384,55.0,55.0,25.0,0.9935146134757908,0.309090909090909
2017-11-01,2018-01-31,Zip Code: 98119,Multi-Family (2-4 Unit),1080000.0,965000.0,510.86956521739125,3.0,1.0,,1.152420586092617,1.0
2023-03-01,2023-05-31,Zip Code: 98134,Condo/Co-op,365000.0,352500.0,387.3949579831933,3.0,4.0,1.0,1.011143273648216,0.3333333333333333
2017-05-01,2017-07-31,Zip Code: 98108,Townhouse,551000.0,587499.5,374.8299319727891,9.0,18.0,2.0,1.0867448152995285,0.8888888888888888
2019-04-01,2019-06-30,Zip Code: 98104,Condo/Co-op,637000.0,566425.0,652.6711575311679,24.0,44.0,47.0,0.9967430592107166,0.2083333333333333
2013-03-01,2013-05-31,Zip Code: 98122,Condo/Co-op,265250.0,264500.0,384.020618556701,54.0,50.0,18.0,1.0077350776427267,0.4259259259259259
2022-07-01,2022-09-30,Zip Code: 98117,Single Family Residential,1050000.0,992475.0,560.4938271604939,131.0,162.0,54.0,1.0185956151986444,0.4274809160305343
2022-07-01,2022-09-30,Zip Code: 98119,Townhouse,927000.0,998000.0,659.7048591507644,16.0,13.0,9.0,0.9827617214215362,0.0
2018-01-01,2018-03-31,Zip Code: 98108,Multi-Family (2-4 Unit),583000.0,649990.0,236.704520137634,4.0,1.0,,1.0178976449508328,0.5
2022-11-01,2023-01-31,Zip Code: 98102,Townhouse,850000.0,999900.0,597.3597359735974,7.0,7.0,5.0,0.9898626531070912,0.1428571428571428
2016-11-01,2017-01-31,Zip Code: 98112,Condo/Co-op,475000.0,495000.0,622.5425950196592,9.0,12.0,3.0,1.0264121926347751,0.5555555555555555
2022-07-01,2022-09-30,Zip Code: 98118,Condo/Co-op,364000.0,459000.0,415.3739612188365,9.0,13.0,6.0,0.9769820440847116,0.3333333333333333
2014-04-01,2014-06-30,Zip Code: 98178,Condo/Co-op,98500.0,89900.0,100.007162386881,2.0,3.0,2.0,0.9503249839506882,0.5
2021-11-01,2022-01-31,Zip Code: 98144,Townhouse,753000.0,729000.0,559.5794392523364,54.0,71.0,17.0,1.008572251089134,0.3703703703703703
2019-02-01,2019-04-30,Zip Code: 98102,Townhouse,958500.0,999500.0,625.046977440504,24.0,19.0,10.0,0.9911297016926238,0.0833333333333333
2022-01-01,2022-03-31,Zip Code: 98178,Condo/Co-op,300000.0,200000.0,289.85507246376807,1.0,1.0,1.0,1.07143239797285,1.0
2012-10-01,2012-12-31,Zip Code: 98105,Condo/Co-op,245000.0,245000.0,294.7481243301179,13.0,13.0,11.0,1.011295681262711,0.3076923076923077
2015-12-01,2016-02-29,Zip Code: 98116,Townhouse,621975.0,622470.0,379.67051502293793,26.0,38.0,10.0,1.0043959261456314,0.3076923076923077
2015-01-01,2015-03-31,Zip Code: 98144,Single Family Residential,581999.0,604475.0,273.9251040221914,49.0,72.0,19.0,1.0029889103201566,0.3673469387755102
2021-01-01,2021-03-31,Zip Code: 98144,Townhouse,629950.0,625975.0,524.9343832020998,57.0,76.0,33.0,0.9993422776067654,0.1929824561403508
2021-05-01,2021-07-31,Zip Code: 98119,Townhouse,892475.0,957000.0,679.6546432147677,20.0,28.0,5.0,1.0184977715901942,0.5
2012-09-01,2012-11-30,Zip Code: 98133,Single Family Residential,315000.0,321750.0,188.4422110552764,93.0,68.0,43.0,0.9957743931960912,0.3333333333333333
2021-05-01,2021-07-31,Zip Code: 98106,Condo/Co-op,322000.0,339950.0,373.03149606299206,7.0,9.0,4.0,0.9834096059576848,0.1428571428571428
2022-08-01,2022-10-31,Zip Code: 98136,All Residential,887500.0,845000.0,490.9695042400522,76.0,83.0,33.0,0.9946647117260076,0.25
2014-04-01,2014-06-30,Zip Code: 98133,Condo/Co-op,148250.0,168700.0,174.85833350775815,38.0,40.0,20.0,0.9877699767861742,0.263157894736842
2023-02-01,2023-04-30,Zip Code: 98107,Townhouse,800000.0,799999.0,586.7354196301565,63.0,67.0,22.0,0.9993156097555156,0.1904761904761904
2016-09-01,2016-11-30,Zip Code: 98175,Townhouse,505000.0,469900.0,365.6770456191166,1.0,1.0,,1.0746967439880826,1.0
2021-02-01,2021-04-30,Zip Code: 98104,All Residential,517500.0,687472.5,682.3483778661414,18.0,50.0,44.0,0.9776396160276368,0.0555555555555555
2021-05-01,2021-07-31,Zip Code: 98133,Condo/Co-op,325000.0,329000.0,389.8809523809524,43.0,57.0,15.0,1.0193106079366927,0.441860465116279
2014-10-01,2014-12-31,Zip Code: 98122,All Residential,453000.0,489000.0,363.09090909090907,141.0,87.0,39.0,0.9956049441550952,0.2907801418439716
2016-02-01,2016-04-30,Zip Code: 98106,Condo/Co-op,226500.0,230000.0,182.76008492569,2.0,3.0,1.0,1.0073122529644267,0.5
2015-02-01,2015-04-30,Zip Code: 98118,Townhouse,420000.0,294000.0,253.05164319248823,9.0,28.0,14.0,1.02864534374589,0.4444444444444444
2017-07-01,2017-09-30,Zip Code: 98118,All Residential,570000.0,538800.0,338.46153846153845,205.0,201.0,75.0,1.043598371337348,0.5463414634146341
2013-07-01,2013-09-30,Zip Code: 98177,All Residential,505000.0,481250.0,227.5862068965517,93.0,112.0,60.0,0.9992773516689352,0.3763440860215053
2019-09-01,2019-11-30,Zip Code: 98133,Townhouse,534950.0,479950.0,355.4590570719603,13.0,29.0,16.0,0.971966797354242,0.0769230769230769
2020-10-01,2020-12-31,Zip Code: 98101,Condo/Co-op,647907.0,609450.0,751.7084282460138,47.0,60.0,73.0,0.978083733322246,0.1063829787234042
2014-11-01,2015-01-31,Zip Code: 98116,Single Family Residential,570000.0,575000.0,281.6442532338025,54.0,41.0,22.0,0.9983500305876924,0.3148148148148148
2016-06-01,2016-08-31,Zip Code: 98144,Townhouse,549900.0,559950.0,385.0081821707504,50.0,61.0,20.0,1.0096010782582594,0.38
2023-08-01,2023-10-31,Zip Code: 98119,Townhouse,950000.0,1087500.0,582.4647455548743,9.0,8.0,3.0,0.994154104727687,0.1111111111111111
2021-02-01,2021-04-30,Zip Code: 98119,Multi-Family (2-4 Unit),1225000.0,1137500.0,429.8245614035088,1.0,8.0,4.0,0.9245283018867924,0.0
2023-09-01,2023-11-30,Zip Code: 98117,Condo/Co-op,690000.0,675000.0,636.7924528301887,17.0,11.0,9.0,0.985382948814122,0.1764705882352941
2023-11-01,2024-01-31,Zip Code: 98106,Townhouse,636499.5,624950.0,379.8550419055151,6.0,11.0,7.0,0.991111448714722,0.0
2021-01-01,2021-03-31,Zip Code: 98136,Townhouse,559950.0,569950.0,470.86795937211446,37.0,38.0,3.0,1.0046414589058963,0.1891891891891892
2019-10-01,2019-12-31,Zip Code: 98125,Single Family Residential,695000.0,685000.0,366.6666666666666,83.0,51.0,19.0,0.9962998422006571,0.3253012048192771
2023-07-01,2023-09-30,Zip Code: 98117,Condo/Co-op,779950.0,787475.0,653.8821328344249,27.0,18.0,8.0,0.9890728123415932,0.1851851851851851
2022-06-01,2022-08-31,Zip Code: 98112,Single Family Residential,1895000.0,1947500.0,707.0895522388059,53.0,78.0,24.0,1.0105337172317626,0.2452830188679245
2020-01-01,2020-03-31,Zip Code: 98178,Townhouse,424990.0,515381.0,288.0179640718563,9.0,17.0,10.0,0.9965244479855444,0.1111111111111111
2023-06-01,2023-08-31,Zip Code: 98102,Condo/Co-op,525000.0,497500.0,645.1612903225806,43.0,55.0,39.0,0.9920445910008237,0.2093023255813953
2018-01-01,2018-03-31,Zip Code: 98144,Condo/Co-op,415000.0,388250.0,489.1304347826088,11.0,12.0,1.0,1.0371926122470223,0.5454545454545454
2018-11-01,2019-01-31,Zip Code: 98113,Single Family Residential,640000.0,,359.55056179775283,1.0,,,1.016679904686259,1.0
2013-01-01,2013-03-31,Zip Code: 98101,All Residential,664000.0,650000.0,616.4230769230769,60.0,56.0,37.0,0.984573074167812,0.1166666666666666
2020-10-01,2020-12-31,Zip Code: 98136,Condo/Co-op,392375.0,474990.0,411.02461011810647,10.0,9.0,3.0,0.9860596532280514,0.2
2021-06-01,2021-08-31,Zip Code: 98178,Condo/Co-op,559134.0,,325.3447703375761,5.0,,,1.031181434599156,0.4
2015-02-01,2015-04-30,Zip Code: 98121,Townhouse,745000.0,644950.0,589.8653998416469,1.0,2.0,1.0,0.9933333333333332,0.0
2022-07-01,2022-09-30,Zip Code: 98118,Multi-Family (2-4 Unit),707500.0,1350000.0,307.53291524553487,2.0,1.0,2.0,0.897645885527464,0.0
2019-08-01,2019-10-31,Zip Code: 98106,Multi-Family (2-4 Unit),799950.0,817500.0,392.13235294117646,1.0,2.0,1.0,1.0,0.0
2019-08-01,2019-10-31,Zip Code: 98115,All Residential,750000.0,767475.0,436.4406779661017,207.0,224.0,101.0,0.9965793089521134,0.2560386473429952
2016-12-01,2017-02-28,Zip Code: 98102,Single Family Residential,1195000.0,1050000.0,464.8565393416652,14.0,5.0,2.0,1.00833927276987,0.3571428571428571
2014-06-01,2014-08-31,Zip Code: 98136,All Residential,436500.0,459000.0,271.99148931801614,84.0,111.0,52.0,1.0055568225631335,0.3809523809523809
2018-11-01,2019-01-31,Zip Code: 98178,Multi-Family (2-4 Unit),500000.0,370000.0,253.4986225895317,2.0,1.0,,0.9565548228132472,0.0
2019-03-01,2019-05-31,Zip Code: 98102,Townhouse,1075000.0,999500.0,643.881245474294,17.0,25.0,14.0,0.9898041598800748,0.0588235294117647
2018-08-01,2018-10-31,Zip Code: 98118,Condo/Co-op,373500.0,315000.0,504.72972972972974,3.0,7.0,6.0,1.0326031746031747,0.6666666666666666
2017-03-01,2017-05-31,Zip Code: 98119,Single Family Residential,1082500.0,925000.0,483.43942152678994,42.0,67.0,14.0,1.0704584222393043,0.6904761904761904
2012-11-01,2013-01-31,Zip Code: 98112,Townhouse,601660.0,420000.0,405.3255845410628,2.0,9.0,2.0,0.9992074592074592,0.0
2020-05-01,2020-07-31,Zip Code: 98107,All Residential,749950.0,769950.0,546.4071856287425,151.0,191.0,58.0,1.0096724745351755,0.4039735099337748
2014-01-01,2014-03-31,Zip Code: 98121,All Residential,419975.0,504750.0,462.5950647614576,60.0,148.0,65.0,0.9925427781910776,0.2333333333333333
2014-07-01,2014-09-30,Zip Code: 98104,All Residential,255000.0,339000.0,392.464678178964,18.0,17.0,14.0,0.960721263756978,0.0555555555555555
2014-11-01,2015-01-31,Zip Code: 98107,Single Family Residential,596000.0,599725.0,329.4965675057208,35.0,22.0,6.0,1.014538089742075,0.4857142857142857
2022-03-01,2022-05-31,Zip Code: 98117,Condo/Co-op,719000.0,669500.0,800.1850138760407,7.0,10.0,1.0,1.0571007130255257,0.5714285714285714
2014-03-01,2014-05-31,Zip Code: 98106,All Residential,275000.0,315825.0,192.88888888888889,117.0,132.0,72.0,0.9997107418799452,0.3931623931623931
2022-03-01,2022-05-31,Zip Code: 98117,Single Family Residential,1152500.0,969475.0,649.0988804762828,158.0,184.0,17.0,1.1875189163025628,0.8037974683544303
2022-01-01,2022-03-31,Zip Code: 98136,All Residential,870000.0,820000.0,564.8148148148148,63.0,80.0,8.0,1.104870389836889,0.7301587301587301
2017-01-01,2017-03-31,Zip Code: 98118,Single Family Residential,470000.0,475000.0,278.5632800475139,117.0,118.0,39.0,1.0553932703987785,0.5555555555555555
2013-03-01,2013-05-31,Zip Code: 98178,All Residential,243975.0,259900.0,136.11788314509843,116.0,135.0,76.0,1.0105633993153418,0.4482758620689655
2014-12-01,2015-02-28,Zip Code: 98121,All Residential,375000.0,599000.0,489.498393943724,52.0,85.0,51.0,0.9842605313930012,0.173076923076923
2018-01-01,2018-03-31,Zip Code: 98125,Single Family Residential,741250.0,712449.5,424.489276300024,66.0,90.0,12.0,1.0668433717421866,0.6363636363636364
2016-04-01,2016-06-30,Zip Code: 98121,All Residential,552650.0,497450.0,587.8822418716036,218.0,172.0,58.0,1.011929062400005,0.2385321100917431
2022-03-01,2022-05-31,Zip Code: 98119,Townhouse,860000.0,999880.0,694.4444444444445,23.0,19.0,6.0,1.0590081750958658,0.5652173913043477
2022-06-01,2022-08-31,Zip Code: 98102,Single Family Residential,2147812.0,2150000.0,622.1343873517785,15.0,23.0,16.0,0.9782550043018649,0.2
2014-12-01,2015-02-28,Zip Code: 98116,Condo/Co-op,322500.0,366925.0,379.5286852376624,22.0,22.0,11.0,0.9918164468798146,0.1818181818181818
2016-04-01,2016-06-30,Zip Code: 98104,Condo/Co-op,394950.0,399950.0,491.8032786885246,25.0,35.0,17.0,1.0142475364247523,0.4
2018-01-01,2018-03-31,Zip Code: 98178,Multi-Family (2-4 Unit),416500.0,500000.0,164.12721893491124,2.0,1.0,,1.018,0.5
2012-08-01,2012-10-31,Zip Code: 98136,Single Family Residential,420000.0,459000.0,207.38636363636363,63.0,71.0,38.0,0.9884336179426912,0.2698412698412698
2012-12-01,2013-02-28,Zip Code: 98122,All Residential,382000.0,450000.0,283.9753086419753,71.0,105.0,53.0,0.988706152315302,0.2816901408450704
2023-11-01,2024-01-31,Zip Code: 98175,All Residential,572500.0,,465.0079116045807,2.0,,,0.9432231442527832,0.0
2017-01-01,2017-03-31,Zip Code: 98112,Townhouse,799950.0,820800.0,533.3291666666667,21.0,19.0,1.0,1.0103312387086745,0.2857142857142857
2014-03-01,2014-05-31,Zip Code: 98107,All Residential,452200.0,442250.0,346.42688121154754,133.0,154.0,41.0,1.0222965657585057,0.5037593984962406
2016-06-01,2016-08-31,Zip Code: 98107,Single Family Residential,705000.0,734875.0,433.7505045277945,58.0,58.0,7.0,1.0595929682871574,0.5689655172413793
2013-06-01,2013-08-31,Zip Code: 98144,Condo/Co-op,241950.0,225000.0,300.9435117411771,22.0,23.0,21.0,1.0566696386890513,0.2727272727272727
2016-01-01,2016-03-31,Zip Code: 98125,Single Family Residential,528000.0,499950.0,310.5263157894737,57.0,77.0,17.0,1.0628752558842942,0.7192982456140351
2013-01-01,2013-03-31,Zip Code: 98122,Multi-Family (2-4 Unit),315000.0,439000.0,140.0,1.0,3.0,1.0,0.9692307692307692,0.0
2022-07-01,2022-09-30,Zip Code: 98112,All Residential,1482750.0,1395000.0,716.8101233299076,82.0,99.0,45.0,0.9881782246745656,0.1829268292682926
2013-07-01,2013-09-30,Zip Code: 98118,Condo/Co-op,249900.0,172450.0,278.85714285714283,3.0,8.0,8.0,0.9881783544434146,0.0
2019-02-01,2019-04-30,Zip Code: 98117,All Residential,810000.0,750000.0,430.87557603686633,141.0,211.0,69.0,1.0187102930942358,0.3829787234042553
2022-05-01,2022-07-31,Zip Code: 98136,Townhouse,762000.0,699000.0,561.4334749918273,20.0,23.0,5.0,1.0340548166056187,0.65
2012-03-01,2012-05-31,Zip Code: 98133,Townhouse,186000.0,249950.0,155.55555555555554,19.0,17.0,11.0,0.9826324249312116,0.263157894736842
2022-04-01,2022-06-30,Zip Code: 98104,Condo/Co-op,437475.0,603000.0,683.0651713461118,38.0,79.0,49.0,0.9870111152156376,0.131578947368421
2016-10-01,2016-12-31,Zip Code: 98112,Townhouse,683000.0,679999.0,509.55343241330496,12.0,13.0,3.0,1.0083193564222803,0.4166666666666666
2018-06-01,2018-08-31,Zip Code: 98103,All Residential,770000.0,749000.0,544.2176870748299,257.0,271.0,86.0,1.0363783294362952,0.4980544747081712
2018-01-01,2018-03-31,Zip Code: 98102,Multi-Family (2-4 Unit),1950000.0,2099997.5,638.3287764866711,2.0,4.0,3.0,0.9871794871794872,0.0
2022-02-01,2022-04-30,Zip Code: 98119,Condo/Co-op,515000.0,525000.0,618.6550925925926,57.0,69.0,11.0,1.0271939706283535,0.6491228070175438
2015-08-01,2015-10-31,Zip Code: 98108,All Residential,402500.0,375000.0,216.4526554856744,68.0,74.0,36.0,1.0005020034979966,0.4264705882352941
2013-04-01,2013-06-30,Zip Code: 98107,All Residential,416000.0,419950.0,303.6764705882353,130.0,161.0,40.0,1.0100436949522753,0.4076923076923076
2016-08-01,2016-10-31,Zip Code: 98118,Townhouse,532500.0,438725.0,349.52714804688486,19.0,30.0,9.0,1.0190597291278491,0.263157894736842
2019-05-01,2019-07-31,Zip Code: 98177,Townhouse,373500.0,308500.0,376.8920282542886,5.0,2.0,1.0,0.9925972328735432,0.2
2013-01-01,2013-03-31,Zip Code: 98118,Townhouse,206000.0,267000.0,187.27272727272728,3.0,5.0,4.0,0.967586191012316,0.0
2014-07-01,2014-09-30,Zip Code: 98117,All Residential,531500.0,524950.0,282.03248948058217,194.0,190.0,57.0,1.017329354913512,0.4639175257731958
2019-03-01,2019-05-31,Zip Code: 98136,Single Family Residential,800000.0,750000.0,379.1666666666666,66.0,81.0,29.0,1.022535323735064,0.5454545454545454
2012-06-01,2012-08-31,Zip Code: 98119,All Residential,432500.0,495000.0,308.6353383458646,100.0,97.0,62.0,0.991868093436856,0.2999999999999999
2018-01-01,2018-03-31,Zip Code: 98107,Townhouse,839250.0,799888.0,583.3193927074317,32.0,35.0,3.0,1.047099365112634,0.53125
2013-02-01,2013-04-30,Zip Code: 98178,Single Family Residential,233475.0,259450.0,126.17924528301889,92.0,108.0,55.0,1.0151400240449922,0.4456521739130434
2013-10-01,2013-12-31,Zip Code: 98118,Single Family Residential,334600.0,319975.0,178.3323189287888,100.0,80.0,74.0,0.9886923121145856,0.28
2021-02-01,2021-04-30,Zip Code: 98122,Single Family Residential,1021250.0,1017475.0,549.261817223883,66.0,90.0,16.0,1.0528958788466292,0.5
2020-08-01,2020-10-31,Zip Code: 98117,Townhouse,719000.0,712475.0,502.7972027972028,29.0,32.0,5.0,1.01253714033341,0.4137931034482758
2013-04-01,2013-06-30,Zip Code: 98112,Townhouse,438000.0,438000.0,362.2076023391813,15.0,15.0,5.0,1.0043209442635566,0.5333333333333333
2015-12-01,2016-02-29,Zip Code: 98133,Condo/Co-op,207000.0,217475.0,253.1824611032532,45.0,38.0,8.0,1.0032163799765643,0.3333333333333333
2012-03-01,2012-05-31,Zip Code: 98117,All Residential,436000.0,430250.0,230.3571428571429,135.0,162.0,64.0,1.0099888433566475,0.4666666666666666
2017-07-01,2017-09-30,Zip Code: 98136,All Residential,680000.0,621000.0,380.21194173893593,78.0,82.0,26.0,1.0256716660441332,0.5128205128205127
2012-06-01,2012-08-31,Zip Code: 98144,Townhouse,293000.0,319975.0,220.125786163522,15.0,20.0,10.0,0.9924957907432824,0.0666666666666666
2013-07-01,2013-09-30,Zip Code: 98117,Townhouse,416950.0,374950.0,288.2132044713554,10.0,13.0,11.0,0.9956212188531344,0.2
2015-01-01,2015-03-31,Zip Code: 98136,Condo/Co-op,260875.0,259950.0,331.6689376810722,6.0,15.0,6.0,0.9800586826559105,0.1666666666666666
2013-11-01,2014-01-31,Zip Code: 98107,Single Family Residential,553000.0,588725.0,267.14401832094245,30.0,18.0,11.0,1.009043369800738,0.4333333333333333
2021-07-01,2021-09-30,Zip Code: 98119,All Residential,945000.0,854000.0,612.7049180327868,157.0,164.0,45.0,1.0206348328812973,0.375796178343949
2020-05-01,2020-07-31,Zip Code: 98116,Multi-Family (2-4 Unit),1077500.0,1217500.0,444.4719471947195,2.0,6.0,5.0,1.0096618357487923,0.5
2018-04-01,2018-06-30,Zip Code: 98117,All Residential,858500.0,775000.0,478.98461246200606,180.0,235.0,52.0,1.0766909108574263,0.6277777777777777
2017-08-01,2017-10-31,Zip Code: 98118,Townhouse,598000.0,588800.0,362.2047244094488,15.0,17.0,5.0,1.0146120792698894,0.4
2014-10-01,2014-12-31,Zip Code: 98113,All Residential,395000.0,398000.0,195.5445544554456,1.0,1.0,,0.9924623115577887,0.0
2018-10-01,2018-12-31,Zip Code: 98118,Multi-Family (2-4 Unit),958750.0,725000.0,266.4141414141414,2.0,1.0,3.0,0.9625,0.0
2023-12-01,2024-02-29,Zip Code: 98104,Condo/Co-op,455900.0,535000.0,678.1609195402299,27.0,35.0,27.0,0.98690401331365,0.1481481481481481
2012-05-01,2012-07-31,Zip Code: 98112,Multi-Family (2-4 Unit),416000.0,757450.0,264.96815286624206,1.0,2.0,2.0,0.9675543667868356,0.0
2023-04-01,2023-06-30,Zip Code: 98116,Multi-Family (2-4 Unit),827500.0,1365000.0,325.78740157480314,1.0,2.0,2.0,0.9910179640718562,0.0
2013-07-01,2013-09-30,Zip Code: 98108,Single Family Residential,336000.0,340975.0,195.65217391304347,67.0,74.0,42.0,1.015930455107758,0.4776119402985074
2017-02-01,2017-04-30,Zip Code: 98136,All Residential,609975.0,649946.0,347.69791666666663,72.0,89.0,14.0,1.0499142889252835,0.625
2018-03-01,2018-05-31,Zip Code: 98178,Condo/Co-op,180000.0,170000.0,181.94576217583807,6.0,7.0,1.0,1.0235559453288885,0.3333333333333333
2022-01-01,2022-03-31,Zip Code: 98178,Single Family Residential,630000.0,649000.0,389.7801544860369,62.0,71.0,13.0,1.0913894583114612,0.6451612903225806
2013-05-01,2013-07-31,Zip Code: 98178,Single Family Residential,269000.0,249950.0,141.61856132869485,98.0,144.0,80.0,1.0316375878844262,0.5510204081632653
2022-05-01,2022-07-31,Zip Code: 98112,Single Family Residential,1995000.0,1995000.0,732.0185614849189,59.0,80.0,32.0,1.0406501327004751,0.4406779661016949
2013-01-01,2013-03-31,Zip Code: 98112,Townhouse,385500.0,447500.0,313.3272417153996,10.0,16.0,3.0,0.999487352236328,0.2
2013-05-01,2013-07-31,Zip Code: 98117,Multi-Family (2-4 Unit),635000.0,389950.0,230.0785634118968,5.0,3.0,,0.9616574526297772,0.4
2019-09-01,2019-11-30,Zip Code: 98118,Multi-Family (2-4 Unit),787500.0,750000.0,435.2603110209601,2.0,5.0,2.0,0.9192307692307692,0.0
2022-10-01,2022-12-31,Zip Code: 98116,Condo/Co-op,640000.0,659000.0,594.3536404160476,19.0,17.0,10.0,0.9876396991516316,0.1578947368421052
2023-07-01,2023-09-30,Zip Code: 98104,Condo/Co-op,394950.0,499950.0,642.1097312043344,22.0,38.0,38.0,0.9913331463108158,0.1363636363636363
2018-09-01,2018-11-30,Zip Code: 98117,Multi-Family (2-4 Unit),870000.0,875000.0,390.625,3.0,4.0,2.0,0.9984633684604532,0.3333333333333333
2018-12-01,2019-02-28,Zip Code: 98119,All Residential,772060.0,899250.0,545.6210920387113,52.0,78.0,64.0,0.9785703218625728,0.0961538461538461
2021-07-01,2021-09-30,Zip Code: 98133,Single Family Residential,755000.0,750000.0,452.4245689655172,163.0,165.0,31.0,1.050070533916184,0.6073619631901841
2023-06-01,2023-08-31,Zip Code: 98104,Condo/Co-op,414975.0,420000.0,665.3716354542648,20.0,41.0,34.0,0.979751167813391,0.1
2021-01-01,2021-03-31,Zip Code: 98126,Multi-Family (2-4 Unit),910000.0,,265.3061224489796,1.0,,,0.957895745153416,0.0
2016-11-01,2017-01-31,Zip Code: 98144,Multi-Family (2-4 Unit),754675.0,799950.0,375.5918803418804,2.0,3.0,1.0,1.0148644540646634,0.5
2019-01-01,2019-03-31,Zip Code: 98118,Condo/Co-op,250000.0,279000.0,368.9554707379135,5.0,1.0,1.0,0.9658114742135776,0.2
2022-05-01,2022-07-31,Zip Code: 98134,All Residential,1050000.0,353000.0,582.3627287853577,1.0,4.0,3.0,1.0,0.0
2016-09-01,2016-11-30,Zip Code: 98144,All Residential,549950.0,574975.0,384.15254237288127,137.0,124.0,40.0,1.0280120888751882,0.4452554744525547
2020-09-01,2020-11-30,Zip Code: 98112,Multi-Family (2-4 Unit),1200000.0,875000.0,737.7011464030289,2.0,1.0,2.0,0.9752851711026616,0.0
2013-08-01,2013-10-31,Zip Code: 98107,All Residential,458000.0,439500.0,324.0593780514379,132.0,134.0,46.0,1.0116686079871366,0.4696969696969697
2016-06-01,2016-08-31,Zip Code: 98103,Townhouse,612500.0,532500.0,416.1952861952862,60.0,62.0,6.0,1.0409789974150707,0.5666666666666667
2023-06-01,2023-08-31,Zip Code: 98119,All Residential,874999.0,890000.0,605.6768558951965,63.0,89.0,45.0,0.99218487924497,0.238095238095238
2018-11-01,2019-01-31,Zip Code: 98102,Condo/Co-op,475000.0,469950.0,608.8362068965516,35.0,45.0,30.0,0.9827121699190546,0.1428571428571428
2018-10-01,2018-12-31,Zip Code: 98105,All Residential,850000.0,837475.0,515.1420543240712,69.0,60.0,29.0,1.0005840559905552,0.2753623188405797
2012-03-01,2012-05-31,Zip Code: 98112,Condo/Co-op,364000.0,389500.0,363.2478632478632,25.0,22.0,18.0,0.9555914459450964,0.08
2021-12-01,2022-02-28,Zip Code: 98105,Townhouse,850000.0,849950.0,640.0591278640059,12.0,11.0,2.0,1.008311525516098,0.1666666666666666
2021-03-01,2021-05-31,Zip Code: 98116,Single Family Residential,1000000.0,954975.0,535.5838332244462,90.0,114.0,17.0,1.1080503914835311,0.7222222222222222
2013-10-01,2013-12-31,Zip Code: 98134,All Residential,855000.0,219950.0,592.1052631578947,3.0,3.0,2.0,0.9580142262500758,0.3333333333333333
2020-11-01,2021-01-31,Zip Code: 98177,Single Family Residential,940000.0,850000.0,411.9318181818182,79.0,45.0,4.0,1.0206203633922986,0.379746835443038
2020-06-01,2020-08-31,Zip Code: 98122,Townhouse,809950.0,799925.0,585.9269932756964,41.0,68.0,32.0,0.9988788353073194,0.1463414634146341
2018-08-01,2018-10-31,Zip Code: 98105,Multi-Family (2-4 Unit),950000.0,1200000.0,371.4285714285714,5.0,4.0,3.0,0.9912199587703168,0.2
2013-02-01,2013-04-30,Zip Code: 98119,Condo/Co-op,279900.0,305000.0,329.093567251462,43.0,55.0,23.0,0.9964886443597144,0.2093023255813953
2012-03-01,2012-05-31,Zip Code: 98136,Townhouse,275575.0,252500.0,226.1059136059136,10.0,10.0,1.0,0.9968555575076384,0.4
2023-12-01,2024-02-29,Zip Code: 98122,Single Family Residential,1195000.0,999974.5,570.2917771883289,29.0,32.0,14.0,1.0167848642306518,0.3103448275862069
2019-07-01,2019-09-30,Zip Code: 98107,Townhouse,725000.0,717500.0,504.82132728304026,55.0,66.0,32.0,0.9911638872551846,0.0909090909090909
2012-06-01,2012-08-31,Zip Code: 98112,All Residential,680000.0,739900.0,320.7351399018066,82.0,91.0,73.0,0.98013891081515,0.2317073170731707
2012-03-01,2012-05-31,Zip Code: 98108,All Residential,239000.0,279975.0,156.12881355932203,45.0,88.0,73.0,0.9909539225017356,0.3333333333333333
2020-02-01,2020-04-30,Zip Code: 98115,Townhouse,725000.0,719950.0,531.8471337579617,27.0,37.0,15.0,1.0115307554562751,0.2962962962962962
2020-07-01,2020-09-30,Zip Code: 98101,All Residential,815000.0,700000.0,870.76906083311,52.0,127.0,130.0,0.9770753366176788,0.0576923076923076
2022-09-01,2022-11-30,Zip Code: 98112,Townhouse,850000.0,960000.0,674.6031746031746,5.0,10.0,6.0,0.98195200005029,0.0
2022-11-01,2023-01-31,Zip Code: 98101,Condo/Co-op,525000.0,739000.0,701.2572506878857,26.0,31.0,44.0,0.9744957640469432,0.0384615384615384
2019-12-01,2020-02-29,Zip Code: 98122,Townhouse,862450.0,725000.0,583.1505046072839,28.0,41.0,15.0,0.9918797458553462,0.1785714285714285
2018-02-01,2018-04-30,Zip Code: 98115,Condo/Co-op,460000.0,389950.0,479.9382716049384,43.0,41.0,12.0,1.103695279965924,0.6511627906976744
2023-11-01,2024-01-31,Zip Code: 98107,Condo/Co-op,440000.0,500000.0,597.9144095341278,10.0,9.0,4.0,0.9840089896837354,0.0
2017-09-01,2017-11-30,Zip Code: 98136,All Residential,695000.0,650000.0,376.5625,83.0,87.0,15.0,1.021500664125107,0.5060240963855421
2014-01-01,2014-03-31,Zip Code: 98119,Single Family Residential,825000.0,789000.0,325.04294478527606,28.0,34.0,12.0,1.0014813767153028,0.3571428571428571
2020-03-01,2020-05-31,Zip Code: 98117,Multi-Family (2-4 Unit),1210000.0,950000.0,376.425855513308,3.0,3.0,5.0,0.9677116213958316,0.3333333333333333
2013-11-01,2014-01-31,Zip Code: 98118,Townhouse,228000.0,264875.0,207.27272727272728,5.0,10.0,9.0,0.9808406364113652,0.0
2023-06-01,2023-08-31,Zip Code: 98106,Single Family Residential,746000.0,719000.0,418.0706545706546,74.0,95.0,30.0,1.0118328392820095,0.4594594594594594
2020-08-01,2020-10-31,Zip Code: 98102,All Residential,750000.0,788900.0,631.5211422295441,101.0,173.0,121.0,0.992163766593184,0.1485148514851485
2022-02-01,2022-04-30,Zip Code: 98178,Condo/Co-op,300000.0,200000.0,289.85507246376807,1.0,1.0,,1.07143239797285,1.0
2021-10-01,2021-12-31,Zip Code: 98117,Condo/Co-op,484175.0,472500.0,539.6327014218009,10.0,8.0,1.0,1.0035080593891876,0.2999999999999999
2019-01-01,2019-03-31,Zip Code: 98105,Single Family Residential,955000.0,1050000.0,485.7904279814674,46.0,61.0,27.0,0.99994917478428,0.3695652173913043
2015-09-01,2015-11-30,Zip Code: 98133,All Residential,391000.0,379900.0,251.3707358999437,184.0,161.0,34.0,1.0217309985571783,0.4782608695652174
2017-11-01,2018-01-31,Zip Code: 98112,Single Family Residential,1233000.0,1320000.0,476.1904761904762,45.0,28.0,16.0,1.0091133204475802,0.4222222222222222
2022-04-01,2022-06-30,Zip Code: 98104,All Residential,437475.0,603000.0,683.0651713461118,38.0,79.0,49.0,0.987011115215638,0.131578947368421
2022-02-01,2022-04-30,Zip Code: 98112,Townhouse,1174500.0,1050000.0,724.0285645894837,30.0,25.0,3.0,1.0641313183991905,0.5333333333333333
2016-12-01,2017-02-28,Zip Code: 98136,All Residential,537500.0,534000.0,334.9107142857143,44.0,46.0,13.0,0.9994670590348936,0.3636363636363636
2019-07-01,2019-09-30,Zip Code: 98106,Multi-Family (2-4 Unit),862475.0,795000.0,338.46149666763256,2.0,1.0,1.0,0.9792746113989635,0.0
2012-08-01,2012-10-31,Zip Code: 98119,Townhouse,490750.0,429000.0,276.6822638146168,10.0,13.0,7.0,0.9954447593012404,0.2
2019-02-01,2019-04-30,Zip Code: 98103,Condo/Co-op,437900.0,439000.0,595.040650406504,41.0,49.0,24.0,0.993326135580106,0.2439024390243902
2016-07-01,2016-09-30,Zip Code: 98136,Condo/Co-op,363405.0,371500.0,340.7374264393618,6.0,8.0,1.0,0.9921988449185564,0.5
2012-04-01,2012-06-30,Zip Code: 98133,Multi-Family (2-4 Unit),545000.0,415000.0,113.4900232586608,2.0,4.0,5.0,0.8643946051433411,0.0
2017-01-01,2017-03-31,Zip Code: 98107,Single Family Residential,789999.0,749000.0,420.6597444089457,39.0,43.0,8.0,1.0871808584850673,0.641025641025641
2023-11-01,2024-01-31,Zip Code: 98112,All Residential,1350500.0,1564000.0,649.0036231884058,32.0,34.0,18.0,0.9684486376069104,0.09375
2013-09-01,2013-11-30,Zip Code: 98108,All Residential,322500.0,324950.0,219.18532994885848,64.0,57.0,41.0,1.0004866351401598,0.328125
2018-04-01,2018-06-30,Zip Code: 98108,Single Family Residential,605000.0,571000.0,373.13432835820896,63.0,83.0,33.0,1.0686340036562216,0.6666666666666666
2016-06-01,2016-08-31,Zip Code: 98106,Multi-Family (2-4 Unit),480000.0,574925.0,207.3592016190941,2.0,4.0,2.0,1.0960160026671113,1.0
2012-10-01,2012-12-31,Zip Code: 98102,Condo/Co-op,297500.0,279950.0,354.83870967741933,41.0,33.0,23.0,0.9844688070269284,0.1707317073170731
2020-04-01,2020-06-30,Zip Code: 98144,Single Family Residential,848475.0,833000.0,421.0665088247955,60.0,91.0,28.0,1.0253626902060098,0.4833333333333333
2019-05-01,2019-07-31,Zip Code: 98115,All Residential,799950.0,749000.0,458.33333333333326,237.0,310.0,128.0,1.0130770840478736,0.3628691983122363
2019-01-01,2019-03-31,Zip Code: 98112,Condo/Co-op,575000.0,555000.0,705.5555555555555,11.0,13.0,6.0,1.0130023036885352,0.2727272727272727
2018-08-01,2018-10-31,Zip Code: 98102,Townhouse,1056000.0,924950.0,693.3744221879815,11.0,16.0,15.0,1.004702314580891,0.3636363636363636
2018-10-01,2018-12-31,Zip Code: 98107,All Residential,767500.0,775000.0,526.1092118890284,90.0,87.0,35.0,0.985672657708201,0.2222222222222222
2013-06-01,2013-08-31,Zip Code: 98118,Multi-Family (2-4 Unit),520000.0,452425.0,203.92156862745097,1.0,8.0,8.0,0.981132075471698,0.0
2018-06-01,2018-08-31,Zip Code: 98106,Condo/Co-op,325000.0,325000.0,374.01574803149606,7.0,9.0,5.0,1.0409663143842869,0.5714285714285714
2017-06-01,2017-08-31,Zip Code: 98115,Multi-Family (2-4 Unit),674500.0,614450.0,542.9018445322793,2.0,2.0,,1.1044075756166325,1.0
2020-12-01,2021-02-28,Zip Code: 98178,Multi-Family (2-4 Unit),560000.0,,329.4117647058824,1.0,,,0.9348914858096828,0.0
2023-10-01,2023-12-31,Zip Code: 98134,Condo/Co-op,475000.0,,413.0434782608696,1.0,,1.0,0.979381443298969,0.0
2019-09-01,2019-11-30,Zip Code: 98178,Multi-Family (2-4 Unit),460000.0,491975.0,287.5,3.0,2.0,2.0,0.9122454150769316,0.3333333333333333
2013-09-01,2013-11-30,Zip Code: 98134,All Residential,538750.0,222475.0,392.79176201373,2.0,2.0,1.0,0.981325136843468,0.5
2013-03-01,2013-05-31,Zip Code: 98136,Condo/Co-op,179000.0,244950.0,225.91346153846155,9.0,12.0,4.0,0.9710893020734797,0.0
2023-12-01,2024-02-29,Zip Code: 98118,Single Family Residential,722500.0,975000.0,468.6181013437978,54.0,53.0,22.0,0.9855064941109376,0.2222222222222222
2023-01-01,2023-03-31,Zip Code: 98178,All Residential,632500.0,600000.0,336.44781144781143,38.0,43.0,15.0,0.9779055567605393,0.1842105263157894
2023-10-01,2023-12-31,Zip Code: 98119,Townhouse,1062500.0,904500.0,581.9300471960419,6.0,8.0,5.0,0.9784296376831626,0.0
2023-01-01,2023-03-31,Zip Code: 98122,Condo/Co-op,462500.0,450000.0,669.6775737273433,24.0,35.0,18.0,0.9879035767686758,0.0416666666666666
2018-09-01,2018-11-30,Zip Code: 98133,Townhouse,522500.0,566500.0,355.7976827094474,20.0,22.0,16.0,0.9812702473955592,0.1
2020-08-01,2020-10-31,Zip Code: 98117,Single Family Residential,925000.0,856950.0,460.4863221884498,181.0,188.0,27.0,1.0413594099847012,0.5966850828729282
2021-03-01,2021-05-31,Zip Code: 98106,Multi-Family (2-4 Unit),798000.0,925000.0,359.4594594594595,3.0,5.0,,1.0000003030305784,0.3333333333333333
2022-03-01,2022-05-31,Zip Code: 98118,Condo/Co-op,464500.0,394000.0,596.655424872047,4.0,8.0,3.0,1.013421052631579,0.25
2020-07-01,2020-09-30,Zip Code: 98118,All Residential,659750.0,652500.0,384.0017420283269,198.0,246.0,79.0,1.0259124238634552,0.4797979797979797
2015-09-01,2015-11-30,Zip Code: 98133,Townhouse,384275.0,379950.0,266.55896607431333,17.0,9.0,1.0,1.015388573796226,0.5294117647058822
2022-03-01,2022-05-31,Zip Code: 98117,All Residential,1105000.0,915000.0,637.6388888888889,206.0,255.0,37.0,1.1529244805704415,0.7524271844660194
2021-12-01,2022-02-28,Zip Code: 98122,Townhouse,875000.0,842000.0,670.505344995141,47.0,42.0,10.0,1.020230619989391,0.276595744680851
2015-09-01,2015-11-30,Zip Code: 98119,All Residential,616000.0,650000.0,412.76132566488207,86.0,101.0,32.0,1.0237585971292642,0.4767441860465116
2016-05-01,2016-07-31,Zip Code: 98144,Single Family Residential,650000.0,613950.0,348.8372093023256,85.0,98.0,32.0,1.0403666297738847,0.5176470588235293
2014-12-01,2015-02-28,Zip Code: 98102,Condo/Co-op,354500.0,364950.0,434.97274428443575,30.0,36.0,17.0,1.0166740946307953,0.4
2012-02-01,2012-04-30,Zip Code: 98133,Condo/Co-op,94894.0,105000.0,114.2062165775401,20.0,43.0,35.0,0.9847589591833504,0.1
2022-11-01,2023-01-31,Zip Code: 98122,Condo/Co-op,445500.0,475000.0,621.7252396166134,19.0,13.0,8.0,0.990975193599214,0.0526315789473684
2023-12-01,2024-02-29,Zip Code: 98106,Condo/Co-op,549975.0,472475.0,431.41249369623074,6.0,6.0,1.0,0.9929621036418536,0.3333333333333333
2016-07-01,2016-09-30,Zip Code: 98119,Multi-Family (2-4 Unit),767250.0,894475.0,346.9752133363934,6.0,4.0,1.0,0.99122484203709,0.3333333333333333
2019-02-01,2019-04-30,Zip Code: 98136,Multi-Family (2-4 Unit),687500.0,775000.0,448.3273596176821,2.0,3.0,1.0,1.0128205128205128,0.5
2020-08-01,2020-10-31,Zip Code: 98122,Condo/Co-op,477500.0,447000.0,612.2390267959888,38.0,84.0,53.0,0.9902328347479232,0.1052631578947368
2022-07-01,2022-09-30,Zip Code: 98122,Condo/Co-op,480000.0,525000.0,688.6394748304399,50.0,53.0,25.0,0.9884536448009296,0.2399999999999999
2015-04-01,2015-06-30,Zip Code: 98136,Multi-Family (2-4 Unit),910000.0,1289000.0,396.58750374587953,2.0,1.0,,0.9976283868535342,0.0
2017-08-01,2017-10-31,Zip Code: 98133,Single Family Residential,610000.0,589000.0,335.1407512754526,156.0,157.0,34.0,1.0413384835749293,0.5705128205128204
2014-05-01,2014-07-31,Zip Code: 98109,Single Family Residential,960000.0,891500.0,365.9420289855073,31.0,30.0,12.0,1.0297046712495703,0.4838709677419355
2012-12-01,2013-02-28,Zip Code: 98116,Multi-Family (2-4 Unit),377500.0,,134.01119265604677,2.0,,,0.9785714285714286,0.0
2018-09-01,2018-11-30,Zip Code: 98134,All Residential,400000.0,399950.0,311.284046692607,1.0,1.0,1.0,0.9523809523809524,0.0
2016-10-01,2016-12-31,Zip Code: 98107,Townhouse,680000.0,730000.0,454.25531914893617,43.0,35.0,2.0,1.0242923610356922,0.4883720930232557
2022-12-01,2023-02-28,Zip Code: 98118,All Residential,649475.0,699000.0,427.7432054864109,54.0,78.0,62.0,0.9888228308217792,0.2962962962962962
2019-09-01,2019-11-30,Zip Code: 98119,Condo/Co-op,402500.0,464900.0,550.1732376718896,32.0,39.0,28.0,0.983664250219024,0.09375
2012-01-01,2012-03-31,Zip Code: 98117,All Residential,430000.0,449900.0,220.125786163522,83.0,119.0,53.0,0.9924476259927916,0.289156626506024
2016-04-01,2016-06-30,Zip Code: 98102,Single Family Residential,1200000.0,1198000.0,393.2604446374981,18.0,19.0,5.0,0.9997750645263268,0.2222222222222222
2016-09-01,2016-11-30,Zip Code: 98102,All Residential,570000.0,674950.0,525.5789375885536,74.0,79.0,32.0,1.014316316530124,0.4189189189189189
2012-04-01,2012-06-30,Zip Code: 98112,All Residential,650500.0,879000.0,311.45029884136363,94.0,119.0,100.0,0.9728747200697002,0.2127659574468085
2017-06-01,2017-08-31,Zip Code: 98106,Multi-Family (2-4 Unit),550000.0,550000.0,369.1275167785235,1.0,1.0,,1.0,0.0
2012-09-01,2012-11-30,Zip Code: 98125,Multi-Family (2-4 Unit),328000.0,624950.0,130.15873015873015,3.0,2.0,3.0,0.9531398240381131,0.0
2018-12-01,2019-02-28,Zip Code: 98122,All Residential,670000.0,699000.0,553.2212885154062,101.0,103.0,59.0,0.9836055340166818,0.1881188118811881
2015-12-01,2016-02-29,Zip Code: 98136,Single Family Residential,590000.0,592475.0,295.9501557632399,51.0,38.0,12.0,1.0197552724609529,0.4901960784313725
2012-04-01,2012-06-30,Zip Code: 98136,Condo/Co-op,185500.0,195000.0,179.05405405405406,7.0,5.0,5.0,0.9735555719670624,0.1428571428571428
2022-11-01,2023-01-31,Zip Code: 98112,Townhouse,1050000.0,924975.0,679.5542319811143,6.0,4.0,4.0,0.9628949119036964,0.0
2013-12-01,2014-02-28,Zip Code: 98118,Townhouse,246000.0,257275.0,167.12353801169593,6.0,14.0,10.0,0.9825944381874884,0.0
2017-07-01,2017-09-30,Zip Code: 98119,Townhouse,867500.0,848900.0,480.0457686095626,12.0,11.0,2.0,1.0648523642804235,0.5
2021-11-01,2022-01-31,Zip Code: 98102,Condo/Co-op,527500.0,582475.0,630.343441724516,56.0,40.0,11.0,0.9922768514356352,0.1785714285714285
2017-10-01,2017-12-31,Zip Code: 98125,Single Family Residential,619500.0,680000.0,351.25219375219376,104.0,62.0,8.0,1.0255578863476886,0.5
2018-07-01,2018-09-30,Zip Code: 98107,Multi-Family (2-4 Unit),1352800.0,1372500.0,345.1020408163265,1.0,6.0,3.0,1.08224,1.0
2020-07-01,2020-09-30,Zip Code: 98178,All Residential,585000.0,530000.0,295.91616766467064,119.0,120.0,35.0,1.017689732454894,0.5210084033613445
2017-04-01,2017-06-30,Zip Code: 98178,All Residential,450000.0,425000.0,256.25,101.0,126.0,46.0,1.0754743253231152,0.6534653465346534
2020-11-01,2021-01-31,Zip Code: 98115,Single Family Residential,902250.0,849950.0,430.7997162595608,116.0,97.0,19.0,1.0299730784152572,0.4827586206896551
2021-02-01,2021-04-30,Zip Code: 98115,Condo/Co-op,355000.0,375000.0,408.3204930662558,35.0,34.0,8.0,0.9975940993477652,0.2285714285714285
2012-10-01,2012-12-31,Zip Code: 98112,Multi-Family (2-4 Unit),969000.0,,269.91643454039,3.0,,,0.9849462365591398,0.0
2015-01-01,2015-03-31,Zip Code: 98108,Multi-Family (2-4 Unit),348500.0,435000.0,108.90625,3.0,2.0,1.0,0.9141647341947178,0.0
2023-02-01,2023-04-30,Zip Code: 98144,Single Family Residential,876750.0,957475.0,514.3195242409407,44.0,68.0,29.0,1.0100355696504644,0.4318181818181818
2014-03-01,2014-05-31,Zip Code: 98118,All Residential,341000.0,349475.0,183.4466019417476,127.0,180.0,98.0,1.0043611647026462,0.4409448818897637
2016-06-01,2016-08-31,Zip Code: 98144,Condo/Co-op,337500.0,302450.0,370.06578947368416,15.0,20.0,6.0,1.0354904746103928,0.5999999999999999
2014-06-01,2014-08-31,Zip Code: 98122,Multi-Family (2-4 Unit),544437.5,652225.0,310.3495934211495,2.0,6.0,6.0,1.006803070806772,0.5
2013-09-01,2013-11-30,Zip Code: 98102,Single Family Residential,815000.0,835000.0,300.46296296296293,23.0,15.0,8.0,1.011539767925354,0.4347826086956521
2017-08-01,2017-10-31,Zip Code: 98178,Condo/Co-op,120000.0,120000.0,208.80149812734084,5.0,3.0,2.0,0.96607959382269,0.2
2023-08-01,2023-10-31,Zip Code: 98144,Single Family Residential,749975.0,849975.0,581.3953488372093,56.0,72.0,35.0,1.001486424134156,0.2321428571428571
2023-06-01,2023-08-31,Zip Code: 98144,Townhouse,679000.0,689950.0,552.9739776951673,47.0,58.0,34.0,0.9907030549037568,0.1063829787234042
2012-06-01,2012-08-31,Zip Code: 98112,Condo/Co-op,300000.0,389000.0,345.5882352941176,13.0,19.0,18.0,0.9604342290692112,0.0769230769230769
2014-10-01,2014-12-31,Zip Code: 98133,Condo/Co-op,150500.0,150000.0,197.11167002012075,38.0,37.0,25.0,0.9787476070437366,0.1578947368421052
2016-11-01,2017-01-31,Zip Code: 98119,Condo/Co-op,365000.0,412495.0,486.8356683389888,34.0,30.0,7.0,1.0292091200913924,0.5
2020-06-01,2020-08-31,Zip Code: 98116,All Residential,819500.0,799950.0,468.64686468646863,151.0,244.0,98.0,1.0036303418072876,0.3178807947019867
2022-12-01,2023-02-28,Zip Code: 98117,Multi-Family (2-4 Unit),1680000.0,,625.4653760238273,1.0,,1.0,1.0,0.0
2017-05-01,2017-07-31,Zip Code: 98101,Condo/Co-op,622950.0,725000.0,693.979933110368,54.0,51.0,25.0,1.0504086932619436,0.6666666666666666
2015-11-01,2016-01-31,Zip Code: 98108,Townhouse,375000.0,392500.0,332.43271021021013,5.0,11.0,2.0,1.056116129913775,0.5999999999999999
2018-03-01,2018-05-31,Zip Code: 98102,Townhouse,949950.0,949950.0,658.7153011300029,24.0,29.0,3.0,1.019461406945771,0.2916666666666666
2017-02-01,2017-04-30,Zip Code: 98122,Single Family Residential,860000.0,849950.0,450.625,47.0,56.0,13.0,1.0681070835894595,0.5957446808510638
2013-04-01,2013-06-30,Zip Code: 98134,All Residential,218800.0,1975000.0,190.2608695652174,1.0,1.0,3.0,1.0,0.0
2012-07-01,2012-09-30,Zip Code: 98199,All Residential,482000.0,535000.0,236.3636363636364,91.0,107.0,87.0,0.9895793476337618,0.3186813186813186
2023-02-01,2023-04-30,Zip Code: 98115,Condo/Co-op,535000.0,495000.0,562.3970802457408,30.0,32.0,11.0,0.9988555977876,0.2
2019-05-01,2019-07-31,Zip Code: 98144,All Residential,709000.0,699950.0,465.38461538461536,128.0,177.0,99.0,1.0040346297291811,0.2734375
2022-06-01,2022-08-31,Zip Code: 98136,Multi-Family (2-4 Unit),728500.0,,458.1761006289309,1.0,,,0.9396968719767816,0.0
2014-06-01,2014-08-31,Zip Code: 98117,Single Family Residential,535610.0,545000.0,288.8513513513513,159.0,167.0,43.0,1.0336095988699916,0.5849056603773584
2022-03-01,2022-05-31,Zip Code: 98101,Condo/Co-op,770000.0,657499.5,837.3337547408343,78.0,112.0,68.0,0.9999727972061722,0.2435897435897435
2018-08-01,2018-10-31,Zip Code: 98119,Condo/Co-op,489900.0,494375.0,545.3501722158438,35.0,66.0,47.0,0.9849733295444436,0.1428571428571428
2012-07-01,2012-09-30,Zip Code: 98133,Single Family Residential,315000.0,309975.0,186.11111111111111,107.0,116.0,68.0,0.9980043346209974,0.3738317757009345
2015-04-01,2015-06-30,Zip Code: 98117,Single Family Residential,590000.0,589000.0,331.0724431818182,156.0,165.0,20.0,1.0595688135756487,0.6794871794871795
2016-01-01,2016-03-31,Zip Code: 98117,Single Family Residential,660250.0,650000.0,346.048030916452,74.0,121.0,28.0,1.05854939630712,0.6216216216216216
2013-02-01,2013-04-30,Zip Code: 98108,Multi-Family (2-4 Unit),425000.0,339950.0,184.78260869565216,1.0,3.0,3.0,1.0,0.0
2020-04-01,2020-06-30,Zip Code: 98136,Condo/Co-op,322500.0,390000.0,523.4007005112928,6.0,15.0,12.0,0.9874079908256312,0.1666666666666666
2020-11-01,2021-01-31,Zip Code: 98133,Multi-Family (2-4 Unit),657000.0,755950.0,312.6355013550136,2.0,3.0,4.0,0.982540211684307,0.0
2019-09-01,2019-11-30,Zip Code: 98144,All Residential,739975.0,685000.0,455.1908493293859,110.0,117.0,64.0,0.9893006876281702,0.1727272727272727
2014-12-01,2015-02-28,Zip Code: 98107,Townhouse,505500.0,575000.0,352.90441176470586,21.0,24.0,6.0,1.005016084144026,0.3333333333333333
2016-01-01,2016-03-31,Zip Code: 98102,Multi-Family (2-4 Unit),1100000.0,1250000.0,262.90630975143404,1.0,5.0,2.0,0.9565217391304348,0.0
2017-02-01,2017-04-30,Zip Code: 98102,All Residential,701500.0,550000.0,551.6265912305516,81.0,99.0,18.0,1.0586505532005848,0.5679012345679012
2014-01-01,2014-03-31,Zip Code: 98106,Multi-Family (2-4 Unit),316600.0,339500.0,153.1614450348492,2.0,1.0,2.0,0.9590497030321976,0.0
2017-06-01,2017-08-31,Zip Code: 98107,All Residential,734975.0,698900.0,521.7942804428044,176.0,170.0,24.0,1.066001209262159,0.6420454545454545
2021-11-01,2022-01-31,Zip Code: 98136,Single Family Residential,930000.0,835000.0,510.04051608842735,36.0,31.0,7.0,1.0421826301799495,0.5555555555555555
2016-08-01,2016-10-31,Zip Code: 98119,All Residential,734650.0,750000.0,454.38984103679024,112.0,104.0,32.0,1.0116791436347663,0.3839285714285714
2018-09-01,2018-11-30,Zip Code: 98144,Single Family Residential,782500.0,789000.0,450.10624387054594,54.0,80.0,36.0,0.9836060185168484,0.2777777777777777
2018-03-01,2018-05-31,Zip Code: 98102,Single Family Residential,1568000.0,1427000.0,515.4990842490843,16.0,24.0,12.0,1.0589564308943262,0.5
2019-04-01,2019-06-30,Zip Code: 98133,Multi-Family (2-4 Unit),780000.0,874900.0,260.71428571428567,3.0,5.0,3.0,1.0010071024375058,0.3333333333333333
2014-11-01,2015-01-31,Zip Code: 98125,Single Family Residential,427750.0,425000.0,248.54651162790697,92.0,55.0,18.0,0.9988453497774732,0.3043478260869565
2023-09-01,2023-11-30,Zip Code: 98136,Condo/Co-op,449500.0,386225.0,570.1754385964912,7.0,4.0,,0.9981966119176818,0.1428571428571428
2020-04-01,2020-06-30,Zip Code: 98107,All Residential,758475.0,759950.0,552.5204462914141,134.0,175.0,60.0,1.005367952705162,0.4029850746268656
2018-02-01,2018-04-30,Zip Code: 98102,Townhouse,929975.0,942475.0,610.2428080077352,16.0,28.0,7.0,1.0374434903284515,0.4375
2022-03-01,2022-05-31,Zip Code: 98175,All Residential,865000.0,,624.5487364620939,1.0,,,1.2627737226277371,1.0
2012-04-01,2012-06-30,Zip Code: 98115,All Residential,450000.0,460000.0,230.48128342245988,166.0,221.0,104.0,0.9996345034577698,0.3975903614457831
2012-08-01,2012-10-31,Zip Code: 98133,Single Family Residential,320000.0,324875.0,180.84440933172223,108.0,94.0,56.0,0.9937464067532508,0.324074074074074
2019-03-01,2019-05-31,Zip Code: 98126,Townhouse,568000.0,565000.0,352.2012578616352,17.0,31.0,13.0,0.9990334300806994,0.2352941176470588
2022-01-01,2022-03-31,Zip Code: 98136,Multi-Family (2-4 Unit),1305000.0,1062625.0,416.9329073482428,1.0,2.0,1.0,0.9666666666666666,0.0
2016-05-01,2016-07-31,Zip Code: 98122,Condo/Co-op,342500.0,348000.0,536.6726296958856,59.0,59.0,7.0,1.0519306424022312,0.711864406779661
2019-06-01,2019-08-31,Zip Code: 98105,Single Family Residential,1000000.0,981500.0,491.0980392156863,70.0,72.0,31.0,1.014132220932804,0.3571428571428571
2014-11-01,2015-01-31,Zip Code: 98117,Condo/Co-op,522500.0,529950.0,493.38999055712935,2.0,3.0,2.0,0.9775461016818018,0.0
2021-03-01,2021-05-31,Zip Code: 98185,Single Family Residential,459000.0,459000.0,628.7671232876712,1.0,1.0,,1.0,0.0
2012-01-01,2012-03-31,Zip Code: 98136,Single Family Residential,383750.0,460000.0,207.3402435142448,36.0,54.0,32.0,0.9703471719172512,0.3333333333333333
2016-10-01,2016-12-31,Zip Code: 98117,All Residential,670000.0,689000.0,369.2147685907436,169.0,97.0,16.0,1.024782742476824,0.4497041420118343
2020-04-01,2020-06-30,Zip Code: 98107,Condo/Co-op,435000.0,449950.0,595.0752393980848,29.0,41.0,21.0,0.9979260233626944,0.4137931034482758
2021-11-01,2022-01-31,Zip Code: 98122,All Residential,809000.0,777400.0,616.1531690140845,169.0,98.0,29.0,1.013313302650945,0.3254437869822485
2013-11-01,2014-01-31,Zip Code: 98102,Condo/Co-op,283000.0,283475.0,377.0714336255548,56.0,46.0,22.0,0.9937041862388882,0.25
2022-05-01,2022-07-31,Zip Code: 98177,Single Family Residential,1165000.0,1112500.0,570.4523267165637,80.0,102.0,23.0,1.0646127446690958,0.5749999999999998
2018-12-01,2019-02-28,Zip Code: 98117,All Residential,797500.0,779950.0,425.7929419534968,88.0,97.0,45.0,1.0007734186701407,0.3181818181818181
2018-03-01,2018-05-31,Zip Code: 98136,Townhouse,649999.0,649974.5,454.82866043613706,19.0,20.0,5.0,1.0238505192099907,0.4210526315789473
2012-01-01,2012-03-31,Zip Code: 98133,Multi-Family (2-4 Unit),545000.0,329475.0,187.2852233676976,1.0,2.0,3.0,1.0018382352941178,1.0
2013-09-01,2013-11-30,Zip Code: 98122,Townhouse,502000.0,479950.0,319.2671092951992,26.0,19.0,4.0,0.99346218835524,0.1923076923076923
2021-01-01,2021-03-31,Zip Code: 98105,Single Family Residential,1250000.0,1098000.0,518.4174624829468,61.0,79.0,14.0,1.0289501779068992,0.5245901639344261
2017-12-01,2018-02-28,Zip Code: 98112,Condo/Co-op,570000.0,725000.0,655.307994757536,9.0,7.0,4.0,1.0180660244798747,0.2222222222222222
2014-04-01,2014-06-30,Zip Code: 98116,Multi-Family (2-4 Unit),990000.0,629900.0,290.28620881262754,2.0,1.0,2.0,0.957423648690676,0.0
2020-06-01,2020-08-31,Zip Code: 98101,Condo/Co-op,825000.0,759500.0,901.38067061144,55.0,138.0,121.0,0.9793295408817388,0.0545454545454545
2014-03-01,2014-05-31,Zip Code: 98133,Multi-Family (2-4 Unit),385000.0,452462.5,182.8358208955224,3.0,4.0,3.0,0.9642103186347044,0.0
2018-07-01,2018-09-30,Zip Code: 98175,All Residential,577000.0,365000.0,417.8131788559015,1.0,1.0,1.0,0.9697478991596638,0.0
2023-06-01,2023-08-31,Zip Code: 98122,Condo/Co-op,419000.0,475000.0,643.8356164383562,27.0,39.0,30.0,0.9917478496775116,0.1481481481481481
2014-03-01,2014-05-31,Zip Code: 98122,All Residential,449975.0,492000.0,332.44583068331315,128.0,180.0,61.0,1.0066699105686667,0.3984375
2015-06-01,2015-08-31,Zip Code: 98103,Condo/Co-op,315000.0,285000.0,386.41686182669787,57.0,55.0,11.0,1.0458563498383784,0.7719298245614034
2019-11-01,2020-01-31,Zip Code: 98117,Townhouse,639950.0,669499.5,455.99348534201954,33.0,30.0,11.0,0.9903630058440372,0.1515151515151515
2016-10-01,2016-12-31,Zip Code: 98102,Condo/Co-op,421000.0,397407.0,564.9717514124294,47.0,34.0,10.0,1.0224316980466148,0.4893617021276595
2016-10-01,2016-12-31,Zip Code: 98144,Townhouse,544950.0,550875.0,410.13353617309,52.0,24.0,6.0,1.0141464757588343,0.3269230769230769
2019-03-01,2019-05-31,Zip Code: 98178,All Residential,510000.0,500000.0,268.9542483660131,59.0,116.0,72.0,1.0162604164861402,0.4406779661016949
2023-07-01,2023-09-30,Zip Code: 98144,Townhouse,669950.0,699950.0,535.194766154041,44.0,55.0,32.0,0.9927460837753622,0.1818181818181818
2018-02-01,2018-04-30,Zip Code: 98105,All Residential,943000.0,967475.0,516.3032747581306,74.0,86.0,19.0,1.05860995739949,0.554054054054054
2023-03-01,2023-05-31,Zip Code: 98194,All Residential,1405000.0,1475000.0,954.4836956521738,1.0,1.0,,0.952542372881356,0.0
2020-07-01,2020-09-30,Zip Code: 98107,Condo/Co-op,475000.0,439750.0,585.6423173803527,37.0,64.0,36.0,0.9912977867103064,0.1081081081081081
2012-09-01,2012-11-30,Zip Code: 98118,Multi-Family (2-4 Unit),189000.0,375000.0,112.5,1.0,3.0,4.0,1.0502917477076965,1.0
2016-06-01,2016-08-31,Zip Code: 98104,All Residential,450000.0,499000.0,482.977207977208,22.0,37.0,23.0,1.0165399021506067,0.4545454545454545
2012-03-01,2012-05-31,Zip Code: 98115,All Residential,447000.0,459975.0,230.35220357735568,156.0,202.0,94.0,0.9940644152235866,0.3589743589743589
2017-10-01,2017-12-31,Zip Code: 98117,All Residential,740500.0,675000.0,430.9390705679862,132.0,97.0,5.0,1.0484603635873346,0.5378787878787878
2016-10-01,2016-12-31,Zip Code: 98136,Condo/Co-op,369990.0,305000.0,376.94974003466206,11.0,8.0,1.0,0.9987919741804256,0.1818181818181818
2020-05-01,2020-07-31,Zip Code: 98133,Condo/Co-op,295000.0,300000.0,363.41853035143765,35.0,47.0,20.0,1.0013703876824216,0.3428571428571428
2017-11-01,2018-01-31,Zip Code: 98117,Condo/Co-op,605000.0,622500.0,580.7365439093485,5.0,4.0,,0.9894146966902498,0.4
2023-03-01,2023-05-31,Zip Code: 98108,Single Family Residential,640000.0,699000.0,443.88888888888886,57.0,81.0,35.0,1.0099487591818122,0.3859649122807017
2019-11-01,2020-01-31,Zip Code: 98102,Condo/Co-op,489000.0,449475.0,650.1519715396846,44.0,44.0,29.0,0.990555259681312,0.2272727272727272
2014-07-01,2014-09-30,Zip Code: 98125,All Residential,399000.0,399000.0,230.66037735849056,147.0,165.0,70.0,1.0161977531090305,0.4421768707482993
2017-08-01,2017-10-31,Zip Code: 98136,Single Family Residential,715000.0,725000.0,365.11627906976736,65.0,71.0,17.0,1.0103952671610372,0.4
2012-09-01,2012-11-30,Zip Code: 98119,Condo/Co-op,239000.0,299000.0,276.9707962443605,21.0,35.0,30.0,1.0010599818180033,0.5714285714285714
2015-02-01,2015-04-30,Zip Code: 98117,Single Family Residential,565000.0,568000.0,329.6382730455076,119.0,141.0,24.0,1.0534831987405622,0.588235294117647
2021-02-01,2021-04-30,Zip Code: 98107,Multi-Family (2-4 Unit),1375000.0,1292500.0,388.4180790960452,7.0,14.0,5.0,0.9921592649997965,0.2857142857142857
2016-03-01,2016-05-31,Zip Code: 98102,Single Family Residential,980000.0,1195000.0,385.8024691358025,17.0,21.0,9.0,1.0165097572560535,0.3529411764705882
2023-01-01,2023-03-31,Zip Code: 98136,Townhouse,720000.0,739000.0,519.3373925501432,14.0,16.0,4.0,0.9963052507431872,0.1428571428571428
2013-05-01,2013-07-31,Zip Code: 98101,All Residential,460000.0,432500.0,492.44456453562685,52.0,58.0,34.0,0.9874066021340449,0.173076923076923
2021-08-01,2021-10-31,Zip Code: 98117,Townhouse,724500.0,729950.0,554.7857967142709,48.0,60.0,22.0,1.0133275342719403,0.2916666666666666
2014-07-01,2014-09-30,Zip Code: 98102,Condo/Co-op,310000.0,344500.0,383.6930455635492,55.0,50.0,20.0,0.9959410416793888,0.2727272727272727
2014-04-01,2014-06-30,Zip Code: 98122,Townhouse,500000.0,552000.0,381.679389312977,21.0,37.0,18.0,0.9976923362736516,0.3809523809523809
2022-02-01,2022-04-30,Zip Code: 98136,Single Family Residential,1070000.0,950000.0,579.2682926829268,65.0,86.0,10.0,1.1442883612485262,0.7846153846153846
2018-05-01,2018-07-31,Zip Code: 98106,All Residential,570000.0,545000.0,370.0220020972212,130.0,165.0,65.0,1.0510797868825474,0.6076923076923076
2013-08-01,2013-10-31,Zip Code: 98136,All Residential,425000.0,450000.0,252.12765957446808,91.0,83.0,38.0,0.9925047197483986,0.2417582417582417
2012-05-01,2012-07-31,Zip Code: 98122,All Residential,423000.0,419000.0,271.46480331262944,117.0,120.0,70.0,1.0018783542385974,0.3247863247863248
2023-04-01,2023-06-30,Zip Code: 98194,Condo/Co-op,1405000.0,,954.4836956521738,1.0,,,0.952542372881356,0.0
2017-05-01,2017-07-31,Zip Code: 98122,Townhouse,756000.0,732500.0,519.7150383141761,46.0,52.0,6.0,1.0454565016590822,0.5
2018-08-01,2018-10-31,Zip Code: 98134,Single Family Residential,875000.0,,485.30227398779806,1.0,,1.0,1.0,0.0
2019-04-01,2019-06-30,Zip Code: 98136,Condo/Co-op,405500.0,374900.0,456.8084104340428,12.0,17.0,11.0,0.9963038616010224,0.25
2015-06-01,2015-08-31,Zip Code: 98144,All Residential,549950.0,519999.0,325.00452832922764,154.0,177.0,60.0,1.0374174535989311,0.474025974025974
2020-11-01,2021-01-31,Zip Code: 98112,Townhouse,817500.0,835000.0,553.1708178767003,22.0,13.0,11.0,0.9912954383321312,0.0909090909090909
2017-09-01,2017-11-30,Zip Code: 98118,All Residential,525750.0,585000.0,317.5209146681539,152.0,152.0,55.0,1.0297971678011362,0.4671052631578947
2014-06-01,2014-08-31,Zip Code: 98108,All Residential,330000.0,327450.0,204.16666666666663,85.0,88.0,41.0,1.0068503703358342,0.3764705882352941
2019-04-01,2019-06-30,Zip Code: 98105,All Residential,890000.0,899000.0,494.424706092782,96.0,135.0,56.0,1.00565435278231,0.3333333333333333
2023-05-01,2023-07-31,Zip Code: 98102,Condo/Co-op,540000.0,502475.0,643.312101910828,51.0,60.0,29.0,0.9948955141692736,0.2352941176470588
2018-10-01,2018-12-31,Zip Code: 98118,Townhouse,595000.0,539900.0,419.6165191740413,7.0,13.0,11.0,0.9779819133314293,0.0
2020-10-01,2020-12-31,Zip Code: 98117,Townhouse,752500.0,727500.0,484.69534471828456,24.0,20.0,8.0,0.9980710596702068,0.25
2013-11-01,2014-01-31,Zip Code: 98106,All Residential,249200.0,261900.0,186.58496309698168,74.0,90.0,83.0,0.988036782502311,0.2972972972972973
2015-07-01,2015-09-30,Zip Code: 98106,Townhouse,340151.0,299950.0,225.4359591100421,35.0,35.0,9.0,1.0221567063617782,0.6285714285714284
2016-11-01,2017-01-31,Zip Code: 98101,All Residential,639950.0,595000.0,740.6623750780094,58.0,29.0,11.0,1.0038767413904068,0.1206896551724138
2017-04-01,2017-06-30,Zip Code: 98104,Condo/Co-op,355000.0,525000.0,577.1543086172345,33.0,37.0,17.0,1.0725481465163682,0.7272727272727272
2015-12-01,2016-02-29,Zip Code: 98107,All Residential,433200.0,479250.0,479.03322823187,146.0,116.0,20.0,1.0237618939374584,0.5
2012-08-01,2012-10-31,Zip Code: 98117,All Residential,442500.0,439950.0,242.77364370342792,142.0,148.0,50.0,1.0080731494771362,0.4295774647887323
2021-02-01,2021-04-30,Zip Code: 98116,Townhouse,815000.0,769950.0,505.48815713460425,27.0,39.0,6.0,1.0267325738335014,0.4814814814814814
2017-03-01,2017-05-31,Zip Code: 98144,Single Family Residential,715000.0,727936.5,416.1184210526316,73.0,102.0,28.0,1.0590548689779784,0.547945205479452
2014-05-01,2014-07-31,Zip Code: 98122,All Residential,485372.0,465000.0,348.2587064676617,171.0,208.0,83.0,1.0185838564298786,0.4444444444444444
2023-01-01,2023-03-31,Zip Code: 98116,Single Family Residential,1100000.0,1150000.0,574.4973225738894,38.0,48.0,14.0,1.0289025059696026,0.4736842105263157
2014-01-01,2014-03-31,Zip Code: 98117,Townhouse,415282.5,407495.0,285.3185136031851,12.0,14.0,2.0,1.0064739369682243,0.5
2018-06-01,2018-08-31,Zip Code: 98175,All Residential,477250.0,475000.0,396.1585735549349,2.0,2.0,,1.0165640904249025,0.5
2021-10-01,2021-12-31,Zip Code: 98107,Single Family Residential,1125000.0,1174750.0,596.8641114982578,51.0,32.0,4.0,1.075342533691353,0.6862745098039215
2020-10-01,2020-12-31,Zip Code: 98107,Townhouse,782475.0,750000.0,546.5200293624162,56.0,53.0,16.0,1.0055299676974256,0.2857142857142857
2019-04-01,2019-06-30,Zip Code: 98122,Single Family Residential,947500.0,889000.0,489.6315403484813,64.0,93.0,43.0,1.006244856883552,0.296875
2020-12-01,2021-02-28,Zip Code: 98178,Condo/Co-op,224000.0,552435.5,226.86857337419136,4.0,12.0,2.0,1.0285616124599175,0.5
2023-07-01,2023-09-30,Zip Code: 98102,All Residential,665000.0,598000.0,666.3113006396588,53.0,91.0,74.0,0.9891635884085777,0.1698113207547169
2018-06-01,2018-08-31,Zip Code: 98119,Multi-Family (2-4 Unit),1250000.0,1110000.0,416.6666666666666,3.0,7.0,2.0,1.025574042815422,0.3333333333333333
2023-10-01,2023-12-31,Zip Code: 98118,Multi-Family (2-4 Unit),850000.0,,274.1935483870968,1.0,,1.0,0.9714285714285714,0.0
2012-03-01,2012-05-31,Zip Code: 98144,Condo/Co-op,175700.0,228400.0,201.72119790272552,6.0,18.0,29.0,0.981657431232541,0.0
2022-06-01,2022-08-31,Zip Code: 98117,All Residential,995950.0,919000.0,568.421052631579,205.0,265.0,80.0,1.0288699753842263,0.4195121951219512
2012-07-01,2012-09-30,Zip Code: 98119,Single Family Residential,640000.0,599922.0,287.67605633802816,47.0,51.0,34.0,0.988384762097632,0.276595744680851
2015-04-01,2015-06-30,Zip Code: 98125,Condo/Co-op,210000.0,196500.0,217.83181357649443,19.0,36.0,14.0,0.985180598657614,0.2105263157894736
2023-05-01,2023-07-31,Zip Code: 98119,Townhouse,1182500.0,996975.0,686.5769650113986,8.0,8.0,3.0,0.9740610815914512,0.0
2021-02-01,2021-04-30,Zip Code: 98122,Multi-Family (2-4 Unit),1041500.0,1199888.5,328.92990043246505,2.0,4.0,4.0,0.9570014702522048,0.0
2019-08-01,2019-10-31,Zip Code: 98126,Condo/Co-op,388000.0,349700.0,435.6327800829876,13.0,24.0,16.0,1.0025756560326449,0.3076923076923077
2017-12-01,2018-02-28,Zip Code: 98107,Single Family Residential,864950.0,949950.0,491.3486670151594,21.0,15.0,1.0,1.0379583571961182,0.3809523809523809
2018-12-01,2019-02-28,Zip Code: 98106,Single Family Residential,534500.0,549900.0,330.3511372057231,60.0,59.0,36.0,0.9814592956961335,0.2666666666666666
2017-10-01,2017-12-31,Zip Code: 98117,Condo/Co-op,523500.0,570000.0,453.24675324675326,5.0,4.0,,1.1012371452270338,0.8
2013-02-01,2013-04-30,Zip Code: 98117,Multi-Family (2-4 Unit),580000.0,532500.0,163.8418079096045,3.0,4.0,5.0,1.0273592465345436,0.3333333333333333
2012-10-01,2012-12-31,Zip Code: 98117,Condo/Co-op,275000.0,382000.0,243.97662153253208,8.0,2.0,1.0,0.957233875686652,0.0
2014-09-01,2014-11-30,Zip Code: 98178,Townhouse,288750.0,,212.3767184698147,2.0,,,1.0555905963302754,0.5
2023-10-01,2023-12-31,Zip Code: 98178,Single Family Residential,725000.0,750000.0,349.537037037037,35.0,44.0,23.0,1.0119811960747171,0.3142857142857142
2015-08-01,2015-10-31,Zip Code: 98134,All Residential,325000.0,754277.5,270.83333333333326,1.0,2.0,1.0,1.181818181818182,1.0
2019-09-01,2019-11-30,Zip Code: 98102,Townhouse,950000.0,868000.0,630.622009569378,13.0,23.0,13.0,1.0031829765562468,0.2307692307692307
2014-10-01,2014-12-31,Zip Code: 98119,Townhouse,608000.0,579950.0,382.5995807127882,13.0,9.0,7.0,0.9861190398832932,0.0769230769230769
2019-10-01,2019-12-31,Zip Code: 98122,All Residential,795000.0,795000.0,559.29203539823,131.0,91.0,34.0,0.991022118746908,0.2137404580152671
2013-12-01,2014-02-28,Zip Code: 98122,Condo/Co-op,260250.0,229000.0,379.95017234297137,18.0,41.0,19.0,1.0011013256957588,0.3333333333333333
2019-01-01,2019-03-31,Zip Code: 98117,All Residential,800000.0,780000.0,432.5136612021858,105.0,163.0,62.0,1.0072410202374156,0.3238095238095238
2014-02-01,2014-04-30,Zip Code: 98109,Townhouse,500000.0,530000.0,333.33333333333326,9.0,12.0,2.0,0.9906308572090132,0.4444444444444444
2022-09-01,2022-11-30,Zip Code: 98108,All Residential,707000.0,694500.0,435.8585447842116,36.0,66.0,43.0,0.9887679617878322,0.25
2013-09-01,2013-11-30,Zip Code: 98119,Single Family Residential,685000.0,727000.0,307.5124807987711,44.0,40.0,19.0,0.98902802098529,0.2272727272727272
2017-05-01,2017-07-31,Zip Code: 98134,Single Family Residential,575000.0,,317.67955801104966,1.0,,,1.0,0.0
2013-09-01,2013-11-30,Zip Code: 98107,All Residential,431000.0,449500.0,316.3950143815916,115.0,114.0,35.0,1.0052978479202153,0.4260869565217391
2014-02-01,2014-04-30,Zip Code: 98119,Condo/Co-op,311500.0,287699.0,376.2391765644137,52.0,55.0,25.0,0.99300021057022,0.2884615384615384
2014-08-01,2014-10-31,Zip Code: 98144,Townhouse,388500.0,353474.5,302.37903225806446,23.0,26.0,7.0,0.9991460394164792,0.217391304347826
2019-09-01,2019-11-30,Zip Code: 98122,Townhouse,829950.0,812475.0,559.062649450024,37.0,36.0,16.0,0.9892620591698428,0.1351351351351351
2019-01-01,2019-03-31,Zip Code: 98112,Townhouse,799000.0,939950.0,549.7041420118343,9.0,11.0,5.0,0.9948626869857572,0.1111111111111111
2021-02-01,2021-04-30,Zip Code: 98136,All Residential,715000.0,747450.0,478.9631533847472,125.0,144.0,20.0,1.0446525663339652,0.4799999999999999
2023-05-01,2023-07-31,Zip Code: 98144,Single Family Residential,1091000.0,847500.0,575.7575757575758,57.0,76.0,26.0,1.0234086933677324,0.4912280701754385
2023-11-01,2024-01-31,Zip Code: 98117,Multi-Family (2-4 Unit),1216750.0,1140000.0,477.0117969243733,2.0,1.0,,0.9006627416480566,0.0
2019-02-01,2019-04-30,Zip Code: 98122,Single Family Residential,857500.0,958500.0,477.7358490566038,44.0,70.0,33.0,0.9915335302933946,0.2954545454545454
2022-11-01,2023-01-31,Zip Code: 98107,Multi-Family (2-4 Unit),920000.0,1200000.0,393.6251920122888,2.0,3.0,3.0,0.974074074074074,0.0
2018-01-01,2018-03-31,Zip Code: 98119,Multi-Family (2-4 Unit),981000.0,917475.0,676.5517241379312,1.0,2.0,1.0,1.2741087083576856,1.0
2017-10-01,2017-12-31,Zip Code: 98175,Single Family Residential,610000.0,499000.0,420.6896551724138,1.0,1.0,,1.222444889779559,1.0
2020-12-01,2021-02-28,Zip Code: 98102,All Residential,757500.0,712400.0,599.2509363295881,89.0,119.0,74.0,0.978271386035761,0.0786516853932584
2017-09-01,2017-11-30,Zip Code: 98115,Single Family Residential,807118.0,753000.0,410.72115384615375,144.0,143.0,21.0,1.0612046762367209,0.625
2014-09-01,2014-11-30,Zip Code: 98122,Multi-Family (2-4 Unit),591000.0,562000.0,277.9735682819383,7.0,6.0,3.0,1.00424423328277,0.4285714285714285
2018-04-01,2018-06-30,Zip Code: 98144,Multi-Family (2-4 Unit),887500.0,885000.0,349.02703142810617,4.0,2.0,1.0,0.9730777928539122,0.25
2021-05-01,2021-07-31,Zip Code: 98144,Multi-Family (2-4 Unit),789000.0,1149500.0,326.0330578512397,3.0,2.0,1.0,0.8890820867354033,0.0
2017-05-01,2017-07-31,Zip Code: 98107,Townhouse,750800.0,715000.0,518.111254851229,66.0,64.0,8.0,1.0483803006853545,0.5757575757575758
2013-10-01,2013-12-31,Zip Code: 98118,All Residential,316975.0,315000.0,182.2416891284816,118.0,87.0,87.0,0.9874960811489144,0.2542372881355932
2017-05-01,2017-07-31,Zip Code: 98136,Single Family Residential,755000.0,684725.0,369.7674418604651,83.0,86.0,19.0,1.045481710887848,0.5421686746987951
2017-12-01,2018-02-28,Zip Code: 98178,Single Family Residential,459950.0,522000.0,267.9611650485437,101.0,76.0,26.0,1.0198868227442444,0.4158415841584158
2018-05-01,2018-07-31,Zip Code: 98122,All Residential,790000.0,775000.0,586.2018327067669,134.0,188.0,69.0,1.0376722561497649,0.5373134328358208
2012-03-01,2012-05-31,Zip Code: 98105,All Residential,565000.0,559000.0,263.3928571428572,72.0,105.0,51.0,0.9892094475836464,0.3472222222222222
2020-12-01,2021-02-28,Zip Code: 98194,All Residential,687000.0,699000.0,540.5192761605035,1.0,3.0,3.0,0.982832618025751,0.0
2013-01-01,2013-03-31,Zip Code: 98107,Townhouse,466000.0,429950.0,304.25963488843814,15.0,31.0,8.0,1.0070134681588665,0.4
2020-09-01,2020-11-30,Zip Code: 98116,All Residential,788750.0,807499.5,458.904109589041,154.0,146.0,59.0,1.0036512286961978,0.3181818181818181
2021-10-01,2021-12-31,Zip Code: 98144,Townhouse,750000.0,727000.0,541.6666666666665,59.0,52.0,14.0,1.0090277443470237,0.4406779661016949
2021-04-01,2021-06-30,Zip Code: 98117,Condo/Co-op,505000.0,515000.0,518.9774579033135,4.0,7.0,3.0,1.0350511054996476,0.5
2015-09-01,2015-11-30,Zip Code: 98117,Townhouse,435000.0,500000.0,318.86694386694387,8.0,13.0,4.0,1.0064276711439657,0.5
2022-08-01,2022-10-31,Zip Code: 98121,Condo/Co-op,601000.0,582000.0,764.5673925838729,77.0,98.0,93.0,0.99078967586232,0.1948051948051948
2023-05-01,2023-07-31,Zip Code: 98175,Condo/Co-op,475000.0,424000.0,471.23015873015873,1.0,1.0,,1.1202830188679245,1.0
2019-10-01,2019-12-31,Zip Code: 98107,All Residential,705000.0,725000.0,507.19933077686153,148.0,79.0,23.0,0.9927054760315848,0.1824324324324324
2015-08-01,2015-10-31,Zip Code: 98115,Multi-Family (2-4 Unit),567000.0,454500.0,137.62135922330097,1.0,2.0,2.0,1.030909090909091,1.0
2014-02-01,2014-04-30,Zip Code: 98119,Single Family Residential,865000.0,749475.0,344.52296819787983,29.0,38.0,7.0,1.0187389125314064,0.4137931034482758
2021-05-01,2021-07-31,Zip Code: 98178,Single Family Residential,630000.0,595000.0,369.4029850746269,109.0,131.0,24.0,1.0810085121259778,0.7339449541284404
2017-09-01,2017-11-30,Zip Code: 98121,All Residential,606000.0,589950.0,803.4321372854913,83.0,81.0,23.0,1.0613789700161766,0.6987951807228916
2022-07-01,2022-09-30,Zip Code: 98144,All Residential,744500.0,749950.0,535.2564102564103,112.0,171.0,96.0,0.9992879785807842,0.2678571428571428
2021-05-01,2021-07-31,Zip Code: 98122,Townhouse,783975.0,785000.0,599.6155840281822,68.0,87.0,33.0,1.0085434631111607,0.1911764705882352
2020-06-01,2020-08-31,Zip Code: 98115,Multi-Family (2-4 Unit),1125000.0,1100000.0,381.4764229098563,2.0,5.0,2.0,0.9262435677530017,0.0
2019-05-01,2019-07-31,Zip Code: 98125,Multi-Family (2-4 Unit),1050000.0,750000.0,310.6508875739645,1.0,3.0,5.0,0.958904109589041,0.0
2015-08-01,2015-10-31,Zip Code: 98118,Townhouse,350000.0,359950.0,246.66666666666663,17.0,23.0,4.0,1.021803045085231,0.4117647058823529
2016-03-01,2016-05-31,Zip Code: 98122,Single Family Residential,830000.0,729950.0,418.3796856106409,53.0,71.0,20.0,1.0571810730814513,0.6037735849056604
2019-01-01,2019-03-31,Zip Code: 98178,Multi-Family (2-4 Unit),630000.0,899000.0,260.3305785123967,1.0,1.0,1.0,0.9131096456264944,0.0
2022-01-01,2022-03-31,Zip Code: 98109,All Residential,558944.0,670000.0,635.3074156432301,82.0,94.0,26.0,1.0162657493880027,0.3658536585365853
2016-12-01,2017-02-28,Zip Code: 98144,Single Family Residential,639475.0,690000.0,361.1596762991817,56.0,50.0,15.0,1.0208652992312013,0.3392857142857143
2017-02-01,2017-04-30,Zip Code: 98112,Condo/Co-op,490000.0,435000.0,654.4554455445544,13.0,13.0,3.0,1.0474091279175046,0.5384615384615384
2023-04-01,2023-06-30,Zip Code: 98106,Condo/Co-op,456750.0,504900.0,489.8499558693733,9.0,13.0,4.0,1.0037954117929089,0.4444444444444444
2012-03-01,2012-05-31,Zip Code: 98112,Single Family Residential,780000.0,1125000.0,299.4729064039409,70.0,99.0,78.0,0.972745518232939,0.2285714285714285
2017-08-01,2017-10-31,Zip Code: 98119,Townhouse,865000.0,769950.0,472.5138974675726,11.0,9.0,6.0,1.0708520336912626,0.5454545454545454
2015-05-01,2015-07-31,Zip Code: 98178,All Residential,310000.0,327450.0,178.0210447823025,102.0,118.0,49.0,1.007198158452957,0.4607843137254901
2017-02-01,2017-04-30,Zip Code: 98194,Condo/Co-op,600000.0,625000.0,666.6666666666665,1.0,1.0,,0.96,0.0
2013-12-01,2014-02-28,Zip Code: 98115,All Residential,500000.0,475000.0,241.73553719008265,115.0,117.0,38.0,1.0078045839152674,0.3739130434782608
2020-10-01,2020-12-31,Zip Code: 98106,Townhouse,527250.0,539000.0,353.1653543307086,48.0,51.0,19.0,0.9984427994789512,0.25
2013-06-01,2013-08-31,Zip Code: 98102,Condo/Co-op,307500.0,329900.0,372.2397476340694,59.0,75.0,40.0,1.0071877782704253,0.4406779661016949
2016-04-01,2016-06-30,Zip Code: 98102,Multi-Family (2-4 Unit),1250000.0,2000000.0,400.0,3.0,3.0,2.0,1.0178799489144317,0.3333333333333333
2016-02-01,2016-04-30,Zip Code: 98112,Single Family Residential,1279000.0,1272500.0,484.4497607655503,65.0,96.0,25.0,1.0319505786931558,0.4307692307692307
2015-02-01,2015-04-30,Zip Code: 98178,All Residential,282000.0,299450.0,166.66666666666666,83.0,86.0,49.0,1.022685601297141,0.4337349397590361
2020-09-01,2020-11-30,Zip Code: 98115,Condo/Co-op,410000.0,335000.0,429.1287386215865,31.0,37.0,17.0,0.9976567788030792,0.2580645161290322
2017-12-01,2018-02-28,Zip Code: 98119,Single Family Residential,1229000.0,1317000.0,582.9816768461966,21.0,18.0,8.0,1.01466936759467,0.3333333333333333
2017-10-01,2017-12-31,Zip Code: 98136,All Residential,669250.0,650000.0,371.40041344166144,92.0,55.0,6.0,1.0189565103285114,0.4347826086956521
2021-10-01,2021-12-31,Zip Code: 98144,Condo/Co-op,405000.0,387500.0,586.009061361174,14.0,19.0,6.0,0.9971806128484844,0.4285714285714285
2018-07-01,2018-09-30,Zip Code: 98199,Townhouse,865000.0,760000.0,475.0,9.0,27.0,18.0,0.9983216480577026,0.1111111111111111
2015-11-01,2016-01-31,Zip Code: 98102,Multi-Family (2-4 Unit),1100000.0,1150000.0,262.90630975143404,1.0,1.0,,0.9565217391304348,0.0
2015-11-01,2016-01-31,Zip Code: 98144,Townhouse,465000.0,519000.0,326.479308026163,20.0,27.0,10.0,1.0234458481069164,0.5999999999999999
2012-11-01,2013-01-31,Zip Code: 98136,Single Family Residential,407000.0,410000.0,212.1332514044944,48.0,27.0,22.0,0.9833747124347696,0.25
2022-10-01,2022-12-31,Zip Code: 98119,Condo/Co-op,470000.0,469000.0,604.1608542369443,32.0,21.0,12.0,0.9827472556511024,0.125
2014-12-01,2015-02-28,Zip Code: 98102,Single Family Residential,1065000.0,989000.0,381.94444444444446,8.0,7.0,3.0,1.0196145204418476,0.5
2015-05-01,2015-07-31,Zip Code: 98144,Townhouse,452000.0,459950.0,328.62949520388133,32.0,45.0,12.0,1.034844415259316,0.5625
2014-04-01,2014-06-30,Zip Code: 98102,Townhouse,598500.0,629000.0,404.5619225342497,18.0,24.0,7.0,1.0067713264456468,0.3333333333333333
2012-08-01,2012-10-31,Zip Code: 98108,Single Family Residential,275000.0,311000.0,160.46511627906978,61.0,75.0,54.0,0.9816314316202224,0.180327868852459
2013-03-01,2013-05-31,Zip Code: 98144,All Residential,340000.0,407000.0,254.28194993412384,133.0,181.0,92.0,0.9974510231948872,0.3007518796992481
2013-06-01,2013-08-31,Zip Code: 98112,All Residential,750000.0,742750.0,363.78205128205127,147.0,124.0,61.0,0.9948935722954114,0.2585034013605442
2015-03-01,2015-05-31,Zip Code: 98108,Townhouse,315000.0,287475.0,278.57142857142856,4.0,4.0,,1.033120787541768,0.75
2013-08-01,2013-10-31,Zip Code: 98112,Single Family Residential,870000.0,775000.0,363.3004926108375,75.0,85.0,50.0,0.9872288572095788,0.2
2020-05-01,2020-07-31,Zip Code: 98112,Townhouse,931500.0,860000.0,578.342883220932,16.0,27.0,12.0,0.9927847375302492,0.25
2012-02-01,2012-04-30,Zip Code: 98107,All Residential,349000.0,378000.0,266.8398070988618,85.0,109.0,51.0,0.9919840594775754,0.2588235294117647
2023-05-01,2023-07-31,Zip Code: 98107,All Residential,847450.0,798500.0,600.2469252092473,122.0,122.0,39.0,1.0055203619616,0.2540983606557377
2021-08-01,2021-10-31,Zip Code: 98136,Condo/Co-op,419000.0,379500.0,498.8095238095238,9.0,12.0,4.0,0.99596544660292,0.1111111111111111
2014-01-01,2014-03-31,Zip Code: 98144,Townhouse,372500.0,377475.0,262.0238095238095,18.0,22.0,9.0,0.9698892745150312,0.1666666666666666
2014-06-01,2014-08-31,Zip Code: 98107,Townhouse,527000.0,509475.0,348.1064855869495,34.0,46.0,9.0,1.0465121144761134,0.676470588235294
2012-08-01,2012-10-31,Zip Code: 98106,Condo/Co-op,52000.0,100000.0,83.60128617363344,3.0,1.0,1.0,0.9795141076804592,0.3333333333333333
2017-05-01,2017-07-31,Zip Code: 98118,All Residential,575000.0,564900.0,334.4907407407408,215.0,257.0,76.0,1.0634253307644406,0.5906976744186045
2021-04-01,2021-06-30,Zip Code: 98104,Condo/Co-op,639350.0,599900.0,795.1290161495102,36.0,57.0,45.0,0.988144300794389,0.1388888888888889
2012-04-01,2012-06-30,Zip Code: 98121,All Residential,310000.0,329950.0,395.5453149001536,73.0,101.0,68.0,0.9738061298585942,0.136986301369863
2021-10-01,2021-12-31,Zip Code: 98102,All Residential,815000.0,672500.0,633.903133903134,123.0,72.0,21.0,0.99986930878627,0.2113821138211382
2020-01-01,2020-03-31,Zip Code: 98108,Single Family Residential,630000.0,686500.0,322.5806451612903,53.0,38.0,11.0,0.9854359286640032,0.2641509433962264
2016-11-01,2017-01-31,Zip Code: 98105,All Residential,757500.0,699950.0,416.02564102564094,84.0,55.0,18.0,1.0199331427437952,0.4404761904761904
2023-12-01,2024-02-29,Zip Code: 98144,All Residential,699000.0,675000.0,561.0389610389609,79.0,100.0,54.0,1.0042914411304733,0.2658227848101265
2021-03-01,2021-05-31,Zip Code: 98119,Condo/Co-op,465000.0,484950.0,552.2591857000994,54.0,65.0,29.0,0.9970958535573324,0.2777777777777777
2016-08-01,2016-10-31,Zip Code: 98102,Multi-Family (2-4 Unit),1980000.0,1622000.0,576.4192139737992,3.0,2.0,1.0,1.0984173723376955,0.6666666666666666
2020-05-01,2020-07-31,Zip Code: 98117,Condo/Co-op,745000.0,875000.0,703.4938621340888,3.0,5.0,4.0,1.003100537898837,0.3333333333333333
2015-01-01,2015-03-31,Zip Code: 98108,Single Family Residential,335000.0,355000.0,198.14814814814807,39.0,48.0,21.0,1.0224929506194145,0.3076923076923077
2020-06-01,2020-08-31,Zip Code: 98105,Multi-Family (2-4 Unit),1089500.0,1175000.0,426.6287385274617,6.0,6.0,5.0,0.9794938419401064,0.1666666666666666
2016-09-01,2016-11-30,Zip Code: 98136,Townhouse,543922.5,509400.0,373.6717438639814,28.0,16.0,3.0,1.006766111034478,0.3928571428571428
2020-12-01,2021-02-28,Zip Code: 98118,All Residential,639475.0,659450.0,409.1413118640719,140.0,132.0,53.0,1.0194364124095128,0.3357142857142856
2023-01-01,2023-03-31,Zip Code: 98112,All Residential,1225000.0,1212500.0,673.3021077283372,51.0,84.0,36.0,0.9909023140510016,0.1764705882352941
2023-07-01,2023-09-30,Zip Code: 98107,Townhouse,825000.0,872450.0,587.3498593753304,44.0,36.0,17.0,0.9924237333830552,0.1363636363636363
2015-04-01,2015-06-30,Zip Code: 98102,All Residential,442250.0,442500.0,438.2207207207207,92.0,123.0,36.0,1.024229167037794,0.5
2023-02-01,2023-04-30,Zip Code: 98136,Condo/Co-op,500000.0,472500.0,535.7142857142857,9.0,10.0,1.0,1.0139322652254434,0.4444444444444444
2012-04-01,2012-06-30,Zip Code: 98122,Multi-Family (2-4 Unit),370000.0,419900.0,145.20653622273653,3.0,7.0,5.0,1.015236154038648,0.3333333333333333
2023-03-01,2023-05-31,Zip Code: 98178,Single Family Residential,635000.0,645000.0,350.97536292573983,48.0,61.0,15.0,0.9980947018060736,0.375
2023-03-01,2023-05-31,Zip Code: 98106,Multi-Family (2-4 Unit),710344.0,,406.75593220338976,2.0,,,0.9510683042971128,0.0
2022-01-01,2022-03-31,Zip Code: 98108,All Residential,664950.0,679950.0,482.0502564102564,90.0,92.0,10.0,1.0366195192374728,0.4444444444444444
2019-09-01,2019-11-30,Zip Code: 98108,Townhouse,477500.0,569499.5,427.7034619954974,8.0,10.0,6.0,1.0047542735042736,0.125
2023-05-01,2023-07-31,Zip Code: 98119,Multi-Family (2-4 Unit),1335000.0,1744250.0,536.9432086560114,2.0,2.0,1.0,0.9969933648725045,0.5
2012-10-01,2012-12-31,Zip Code: 98107,Single Family Residential,475000.0,435000.0,254.28571428571428,43.0,23.0,5.0,1.013122705120167,0.4883720930232557
2013-05-01,2013-07-31,Zip Code: 98122,Townhouse,448500.0,445000.0,292.7932576539388,26.0,42.0,11.0,1.0208305644296702,0.3846153846153846
2020-01-01,2020-03-31,Zip Code: 98104,All Residential,550000.0,653975.0,764.1921397379914,13.0,28.0,28.0,0.9972883016984442,0.3076923076923077
2016-01-01,2016-03-31,Zip Code: 98102,Condo/Co-op,418500.0,425000.0,510.4301962298592,46.0,65.0,14.0,1.033688378728761,0.5217391304347825
2017-09-01,2017-11-30,Zip Code: 98112,Condo/Co-op,485000.0,522500.0,633.8114654333009,12.0,16.0,3.0,1.0595867996176616,0.6666666666666666
2023-03-01,2023-05-31,Zip Code: 98126,All Residential,695000.0,735000.0,484.6900672143392,91.0,112.0,23.0,1.022179880788544,0.4065934065934065
2012-09-01,2012-11-30,Zip Code: 98122,Multi-Family (2-4 Unit),654000.0,479000.0,272.5,3.0,4.0,2.0,0.9955099848491756,0.3333333333333333
2014-01-01,2014-03-31,Zip Code: 98102,All Residential,331234.0,519500.0,390.0709219858156,63.0,91.0,39.0,0.999926345396886,0.3333333333333333
2021-04-01,2021-06-30,Zip Code: 98136,Townhouse,625000.0,625000.0,496.8274111675127,31.0,26.0,4.0,1.0152323789379027,0.2903225806451613
2017-02-01,2017-04-30,Zip Code: 98118,Townhouse,579950.0,464800.0,376.1961722488038,19.0,21.0,4.0,1.0349625800356543,0.3684210526315789
2014-10-01,2014-12-31,Zip Code: 98116,All Residential,504400.0,499749.5,312.5,113.0,70.0,31.0,0.9972122338440166,0.247787610619469
2019-01-01,2019-03-31,Zip Code: 98133,All Residential,520850.0,575000.0,350.9437321937322,108.0,163.0,82.0,0.98606630756999,0.1851851851851851
2017-01-01,2017-03-31,Zip Code: 98178,All Residential,418000.0,454000.0,217.7722772277228,73.0,84.0,25.0,1.0087448809148187,0.4383561643835616
2012-01-01,2012-03-31,Zip Code: 98178,All Residential,166500.0,189950.0,101.15384615384616,58.0,95.0,104.0,0.9632410040816514,0.2758620689655172
2017-07-01,2017-09-30,Zip Code: 98105,Multi-Family (2-4 Unit),1060000.0,1098500.0,399.8780487804878,3.0,4.0,,1.036934821493518,0.3333333333333333
2020-07-01,2020-09-30,Zip Code: 98125,Townhouse,530500.0,599000.0,401.78571428571433,11.0,24.0,19.0,1.0180144510943874,0.4545454545454545
2012-11-01,2013-01-31,Zip Code: 98109,Condo/Co-op,328600.0,285000.0,327.1956532045237,28.0,35.0,29.0,0.976000670661532,0.1071428571428571
2016-05-01,2016-07-31,Zip Code: 98119,Multi-Family (2-4 Unit),950000.0,874975.0,334.66898954703834,3.0,2.0,1.0,0.9871538204871538,0.0
2023-02-01,2023-04-30,Zip Code: 98178,All Residential,618500.0,624950.0,352.22697791282,48.0,47.0,15.0,0.9903381381756164,0.3125
2013-08-01,2013-10-31,Zip Code: 98116,All Residential,458000.0,449950.0,277.75401984262743,132.0,137.0,69.0,0.9991646484713778,0.3409090909090908
2022-09-01,2022-11-30,Zip Code: 98133,Condo/Co-op,350000.0,359000.0,458.87961859356375,23.0,29.0,13.0,0.988111074267911,0.1304347826086956
2014-09-01,2014-11-30,Zip Code: 98119,All Residential,552500.0,599000.0,369.9781910009184,84.0,84.0,51.0,1.0001926218824184,0.2619047619047619
2021-06-01,2021-08-31,Zip Code: 98178,Multi-Family (2-4 Unit),655000.0,658000.0,352.1505376344086,1.0,1.0,,0.9954407294832824,0.0
2015-09-01,2015-11-30,Zip Code: 98144,Single Family Residential,605000.0,599950.0,321.48973201038285,78.0,75.0,18.0,1.0232571400700354,0.3974358974358974
2021-11-01,2022-01-31,Zip Code: 98116,Condo/Co-op,490000.0,732500.0,570.0,31.0,32.0,10.0,0.986294876159564,0.1935483870967741
2020-04-01,2020-06-30,Zip Code: 98117,All Residential,849000.0,815000.0,483.0169744780103,146.0,179.0,47.0,1.027181902405337,0.4657534246575342
2012-02-01,2012-04-30,Zip Code: 98106,All Residential,168750.0,215000.0,129.61112409744948,50.0,90.0,82.0,0.9620672431122664,0.1799999999999999
2021-12-01,2022-02-28,Zip Code: 98119,Multi-Family (2-4 Unit),1957495.0,799000.0,531.5534368881096,2.0,1.0,1.0,1.0612870967741936,0.5
2018-12-01,2019-02-28,Zip Code: 98116,Single Family Residential,785000.0,802475.0,398.2593299912469,60.0,36.0,21.0,0.9926177498114048,0.2166666666666666
2022-10-01,2022-12-31,Zip Code: 98136,Townhouse,780000.0,694975.0,560.7142857142857,7.0,6.0,3.0,0.9818583649513624,0.1428571428571428
2013-02-01,2013-04-30,Zip Code: 98116,All Residential,410000.0,475000.0,265.5115511551155,79.0,136.0,58.0,1.0016410872472208,0.3164556962025316
2019-03-01,2019-05-31,Zip Code: 98112,Townhouse,939500.0,895000.0,637.2535342599791,10.0,21.0,13.0,0.9989555766236772,0.2
2012-06-01,2012-08-31,Zip Code: 98122,Townhouse,496000.0,391850.0,280.84606345475913,15.0,8.0,3.0,1.0022788003202363,0.3333333333333333
2018-07-01,2018-09-30,Zip Code: 98107,Townhouse,781500.0,797000.0,568.6799501867995,32.0,54.0,19.0,1.016513323266944,0.3125
2020-05-01,2020-07-31,Zip Code: 98122,Townhouse,764000.0,766500.0,557.0652173913044,36.0,54.0,20.0,0.9985683096771067,0.1666666666666666
2023-06-01,2023-08-31,Zip Code: 98113,All Residential,1060000.0,,524.7524752475248,1.0,,,1.0241545893719808,1.0
2020-06-01,2020-08-31,Zip Code: 98107,All Residential,766000.0,755000.0,546.4071856287425,167.0,202.0,62.0,1.0131989889525466,0.4131736526946107
2014-07-01,2014-09-30,Zip Code: 98117,Townhouse,392500.0,439000.0,276.6116941529235,21.0,19.0,6.0,1.0049994155378967,0.4285714285714285
2013-11-01,2014-01-31,Zip Code: 98107,All Residential,462500.0,469000.0,317.433081674674,81.0,85.0,46.0,0.9962269654043364,0.3086419753086419
2019-10-01,2019-12-31,Zip Code: 98178,All Residential,470000.0,479990.0,258.71062144947496,88.0,81.0,36.0,0.9881097115057724,0.2727272727272727
2020-03-01,2020-05-31,Zip Code: 98136,Townhouse,607000.0,585950.0,467.8293430829107,14.0,25.0,12.0,1.0053022389393758,0.4285714285714285
2019-02-01,2019-04-30,Zip Code: 98117,Condo/Co-op,437500.0,497500.0,552.660123966942,4.0,8.0,6.0,0.9765513754045309,0.0
2015-08-01,2015-10-31,Zip Code: 98105,Multi-Family (2-4 Unit),746000.0,817000.0,286.8955926401369,6.0,6.0,2.0,1.0406867379211793,0.8333333333333333
2023-02-01,2023-04-30,Zip Code: 98102,Townhouse,900000.0,998000.0,673.4158537585048,8.0,10.0,4.0,0.9830816364654524,0.25
2017-06-01,2017-08-31,Zip Code: 98122,Single Family Residential,954500.0,897475.0,476.7699724517906,68.0,76.0,14.0,1.0772680421582297,0.6470588235294118
2018-09-01,2018-11-30,Zip Code: 98116,Townhouse,730000.0,755000.0,448.0992626205332,23.0,31.0,13.0,0.9913012072636392,0.1304347826086956
2012-02-01,2012-04-30,Zip Code: 98134,All Residential,171500.0,205000.0,167.9790631744616,2.0,1.0,3.0,0.9583621014572514,0.0
2017-09-01,2017-11-30,Zip Code: 98107,Multi-Family (2-4 Unit),1050000.0,975000.0,408.5603112840466,7.0,11.0,4.0,1.0467548638724598,0.5714285714285714
2014-05-01,2014-07-31,Zip Code: 98105,Townhouse,549900.0,499950.0,487.74302420411846,6.0,11.0,7.0,1.00639023605793,0.3333333333333333
2013-06-01,2013-08-31,Zip Code: 98118,Single Family Residential,353837.5,350000.0,192.61538461538464,142.0,211.0,122.0,1.0123537328697647,0.4436619718309859
2017-01-01,2017-03-31,Zip Code: 98133,Single Family Residential,515400.0,525000.0,319.49266056620945,92.0,94.0,9.0,1.0452743155135384,0.5652173913043477
2020-02-01,2020-04-30,Zip Code: 98136,Single Family Residential,845036.0,800000.0,418.0327868852459,55.0,62.0,14.0,1.0277346247242003,0.509090909090909
2014-11-01,2015-01-31,Zip Code: 98108,Townhouse,385000.0,279000.0,236.27063082751457,4.0,7.0,,1.0101592341627297,0.5
2016-02-01,2016-04-30,Zip Code: 98102,Single Family Residential,980000.0,1165000.0,390.5579399141631,19.0,21.0,10.0,1.0090027089199325,0.3157894736842105
2015-02-01,2015-04-30,Zip Code: 98122,Townhouse,550000.0,604972.5,392.2895863052781,27.0,32.0,10.0,1.012306886446068,0.5185185185185184
2020-08-01,2020-10-31,Zip Code: 98136,All Residential,751725.0,730000.0,421.91730310744737,118.0,127.0,36.0,1.0073109412223622,0.3644067796610169
2013-11-01,2014-01-31,Zip Code: 98106,Single Family Residential,261500.0,277500.0,189.9335232668566,57.0,64.0,53.0,0.987229950138706,0.2807017543859649
2020-10-01,2020-12-31,Zip Code: 98118,Condo/Co-op,257500.0,301000.0,391.1042944785276,6.0,12.0,6.0,0.9958432641016912,0.1666666666666666
2015-10-01,2015-12-31,Zip Code: 98112,All Residential,900000.0,849950.0,448.1191618278213,69.0,48.0,19.0,1.0227082070532345,0.4637681159420289
2018-12-01,2019-02-28,Zip Code: 98112,All Residential,1070000.0,1150000.0,564.516129032258,61.0,63.0,32.0,0.9755779640138073,0.1311475409836065
2013-08-01,2013-10-31,Zip Code: 98115,All Residential,483500.0,475000.0,257.6569264069264,216.0,207.0,76.0,1.0108226889986156,0.4259259259259259
2013-03-01,2013-05-31,Zip Code: 98104,Condo/Co-op,349000.0,319900.0,316.40979147778785,11.0,25.0,19.0,0.9876429436183684,0.1818181818181818
2014-11-01,2015-01-31,Zip Code: 98112,Condo/Co-op,378000.0,577500.0,378.442399825784,10.0,6.0,3.0,1.007514357524116,0.5
2015-07-01,2015-09-30,Zip Code: 98178,All Residential,317000.0,334000.0,178.9915966386555,105.0,113.0,57.0,1.0124400932687028,0.4
2013-08-01,2013-10-31,Zip Code: 98108,Townhouse,262500.0,367375.0,201.6292996691496,8.0,10.0,8.0,0.9730226649181412,0.25
2015-03-01,2015-05-31,Zip Code: 98178,Single Family Residential,267450.0,315000.0,163.28810975609755,86.0,97.0,51.0,1.0151231102490683,0.4302325581395348
2015-07-01,2015-09-30,Zip Code: 98122,All Residential,540000.0,525000.0,432.034632034632,174.0,182.0,60.0,1.0400102094886388,0.5172413793103448
2015-12-01,2016-02-29,Zip Code: 98106,Multi-Family (2-4 Unit),348500.0,,178.88576779026218,2.0,,,1.0074183976261128,0.5
2017-11-01,2018-01-31,Zip Code: 98115,Townhouse,759500.0,765000.0,530.4850150230852,14.0,13.0,2.0,1.0141334316831956,0.3571428571428571
2019-07-01,2019-09-30,Zip Code: 98144,All Residential,715000.0,725000.0,455.6818181818182,111.0,141.0,85.0,0.99377845031227,0.1891891891891892
2012-09-01,2012-11-30,Zip Code: 98119,Multi-Family (2-4 Unit),780000.0,850000.0,238.0952380952381,1.0,3.0,,0.9466019417475728,0.0
2023-09-01,2023-11-30,Zip Code: 98107,Condo/Co-op,450000.0,464950.0,613.9112632568131,14.0,19.0,8.0,0.9999499920365086,0.1428571428571428
2016-12-01,2017-02-28,Zip Code: 98119,All Residential,780000.0,758888.0,459.2592592592592,65.0,81.0,29.0,1.0083583172217585,0.3692307692307692
2013-05-01,2013-07-31,Zip Code: 98116,Single Family Residential,540000.0,499000.0,265.6084656084656,85.0,101.0,50.0,1.011952920011954,0.4
2014-04-01,2014-06-30,Zip Code: 98133,Multi-Family (2-4 Unit),385000.0,474987.5,224.4897959183673,3.0,4.0,3.0,0.9442672986916846,0.0
2019-12-01,2020-02-29,Zip Code: 98136,Single Family Residential,785000.0,775000.0,375.8205128205128,41.0,39.0,12.0,1.0112888018018449,0.3414634146341463
2016-08-01,2016-10-31,Zip Code: 98119,Condo/Co-op,372507.0,369000.0,480.3596781826786,47.0,39.0,6.0,1.0213321318184323,0.4893617021276595
2012-10-01,2012-12-31,Zip Code: 98117,All Residential,440000.0,471950.0,243.87755102040816,117.0,90.0,32.0,0.999146900626224,0.3504273504273504
2021-11-01,2022-01-31,Zip Code: 98118,Multi-Family (2-4 Unit),820000.0,,350.4273504273504,1.0,,1.0,1.0012210012210012,1.0
2018-03-01,2018-05-31,Zip Code: 98119,Condo/Co-op,599000.0,454100.0,615.6316916488223,37.0,47.0,10.0,1.061755075129457,0.7297297297297297
2012-03-01,2012-05-31,Zip Code: 98119,All Residential,482000.0,500000.0,281.63265306122446,92.0,123.0,70.0,0.987258047259006,0.2826086956521738
2023-05-01,2023-07-31,Zip Code: 98134,All Residential,328100.0,412500.0,332.13191699604744,2.0,2.0,1.0,0.9501587301587302,0.0
2012-02-01,2012-04-30,Zip Code: 98107,Single Family Residential,426500.0,470000.0,255.01184057126204,32.0,40.0,12.0,1.0004442207634754,0.3125
2017-06-01,2017-08-31,Zip Code: 98105,Single Family Residential,927550.0,899000.0,456.4394441987321,76.0,69.0,14.0,1.0780992473875568,0.5789473684210527
2019-03-01,2019-05-31,Zip Code: 98107,Condo/Co-op,482000.0,479750.0,643.939393939394,31.0,52.0,32.0,0.9938240600742954,0.1612903225806451
2021-07-01,2021-09-30,Zip Code: 98107,Multi-Family (2-4 Unit),1032500.0,1095000.0,451.5923566878981,11.0,11.0,3.0,1.005636097114146,0.3636363636363636
2018-09-01,2018-11-30,Zip Code: 98136,Townhouse,570000.0,559950.0,445.5445544554456,5.0,17.0,8.0,0.9876750812652624,0.2
2023-10-01,2023-12-31,Zip Code: 98117,Multi-Family (2-4 Unit),1580000.0,1140000.0,672.3404255319149,1.0,1.0,1.0,0.9028571428571428,0.0
2017-06-01,2017-08-31,Zip Code: 98134,All Residential,380000.0,382475.0,316.6666666666667,3.0,4.0,,0.9869841269841272,0.3333333333333333
2019-11-01,2020-01-31,Zip Code: 98112,Condo/Co-op,490000.0,590000.0,611.6722783389449,7.0,7.0,4.0,0.9788148934701406,0.0
2021-08-01,2021-10-31,Zip Code: 98104,All Residential,627500.0,616975.0,828.2795032125816,34.0,64.0,48.0,0.9875811720366284,0.1176470588235294
2017-04-01,2017-06-30,Zip Code: 98125,Condo/Co-op,297475.0,294500.0,318.48545342863525,26.0,30.0,3.0,1.1213977531411097,0.8846153846153845
2023-02-01,2023-04-30,Zip Code: 98112,Single Family Residential,1618400.0,1950000.0,631.6576519249124,42.0,65.0,32.0,1.008480665432492,0.2619047619047619
2017-11-01,2018-01-31,Zip Code: 98107,Townhouse,802000.0,759000.0,544.4839857651244,33.0,19.0,1.0,1.019523380178012,0.5151515151515151
2019-03-01,2019-05-31,Zip Code: 98134,All Residential,397250.0,,386.42996108949416,1.0,,,0.9956140350877192,0.0
2022-08-01,2022-10-31,Zip Code: 98122,Condo/Co-op,499975.0,485000.0,674.72382689774,42.0,43.0,24.0,0.9963348680196744,0.2142857142857142
2016-06-01,2016-08-31,Zip Code: 98117,All Residential,698850.0,650000.0,374.4075829383886,211.0,210.0,36.0,1.0567200519108737,0.6208530805687204
2017-08-01,2017-10-31,Zip Code: 98122,Townhouse,780000.0,796500.0,560.1816805450417,39.0,36.0,7.0,1.0383574780329037,0.5128205128205127
2015-09-01,2015-11-30,Zip Code: 98118,Multi-Family (2-4 Unit),555750.0,850000.0,146.7341800088279,2.0,3.0,4.0,0.9532616753150482,0.0
2015-10-01,2015-12-31,Zip Code: 98102,Multi-Family (2-4 Unit),1250000.0,1150000.0,463.2744836775482,2.0,1.0,1.0,0.968579475444464,0.0
2014-06-01,2014-08-31,Zip Code: 98133,Townhouse,328500.0,319950.0,231.1043895610439,24.0,38.0,12.0,1.003979075987343,0.4583333333333333
2015-03-01,2015-05-31,Zip Code: 98117,All Residential,562000.0,550000.0,330.1136363636364,171.0,182.0,20.0,1.053786332637463,0.6783625730994151
2020-10-01,2020-12-31,Zip Code: 98115,All Residential,849950.0,800000.0,443.502824858757,199.0,164.0,49.0,1.0170911318106686,0.3919597989949748
2013-03-01,2013-05-31,Zip Code: 98136,Townhouse,395000.0,389000.0,246.10591900311528,14.0,17.0,3.0,0.998524256609556,0.2142857142857142
2015-11-01,2016-01-31,Zip Code: 98116,Condo/Co-op,300500.0,399999.0,407.0779531324725,12.0,17.0,5.0,0.9906277387634286,0.1666666666666666
2022-01-01,2022-03-31,Zip Code: 98107,Townhouse,949000.0,897450.0,654.973344219778,62.0,64.0,7.0,1.0544770472674534,0.4838709677419355
2014-01-01,2014-03-31,Zip Code: 98136,All Residential,459950.0,413750.0,272.11538461538464,57.0,66.0,27.0,0.9950330781762224,0.2456140350877192
2017-02-01,2017-04-30,Zip Code: 98122,Townhouse,725000.0,707500.0,488.5496183206107,27.0,30.0,3.0,1.0371030429718089,0.7037037037037037
2022-08-01,2022-10-31,Zip Code: 98119,Condo/Co-op,495000.0,499000.0,613.6560069144339,31.0,48.0,25.0,0.9911162313479502,0.2903225806451613
2018-11-01,2019-01-31,Zip Code: 98134,All Residential,660000.0,387000.0,331.65829145728645,1.0,2.0,1.0,0.9777777777777776,0.0
2012-06-01,2012-08-31,Zip Code: 98115,Multi-Family (2-4 Unit),427500.0,450000.0,209.05172413793105,3.0,3.0,2.0,0.9190738984438016,0.0
2022-11-01,2023-01-31,Zip Code: 98144,All Residential,745000.0,714990.0,497.4321282436967,74.0,63.0,50.0,0.9889378252023934,0.2432432432432432
2022-02-01,2022-04-30,Zip Code: 98102,Townhouse,1101500.0,1150000.0,754.7705449164382,32.0,30.0,7.0,1.031379909311671,0.4375
2013-12-01,2014-02-28,Zip Code: 98117,Multi-Family (2-4 Unit),480000.0,607500.0,213.95238095238096,3.0,2.0,,0.9662564134551932,0.3333333333333333
2016-02-01,2016-04-30,Zip Code: 98102,Multi-Family (2-4 Unit),1225000.0,1225000.0,364.04199475065616,2.0,6.0,3.0,1.0,0.0
2017-01-01,2017-03-31,Zip Code: 98101,Condo/Co-op,620000.0,649950.0,733.1932773109244,45.0,76.0,28.0,1.0293017788857195,0.5777777777777777
2016-01-01,2016-03-31,Zip Code: 98112,Multi-Family (2-4 Unit),1260000.0,1450000.0,350.1193200541211,2.0,1.0,,0.9656671664167916,0.0
2019-04-01,2019-06-30,Zip Code: 98178,Condo/Co-op,161500.0,183975.0,197.91666666666669,4.0,8.0,,1.018724089991351,0.5
2021-09-01,2021-11-30,Zip Code: 98122,Condo/Co-op,499475.0,439750.0,645.2124769371317,52.0,58.0,16.0,1.0031038858274703,0.2884615384615384
2021-01-01,2021-03-31,Zip Code: 98136,All Residential,633000.0,650000.0,471.8797628185874,100.0,125.0,21.0,1.0215322182783917,0.37
2020-05-01,2020-07-31,Zip Code: 98106,Single Family Residential,564500.0,595000.0,387.91126905881,76.0,113.0,46.0,1.0180417949282827,0.5131578947368421
2016-06-01,2016-08-31,Zip Code: 98122,Single Family Residential,757500.0,754000.0,418.05555555555554,70.0,75.0,21.0,1.043417938752884,0.4714285714285714
2016-09-01,2016-11-30,Zip Code: 98125,All Residential,486500.0,455000.0,288.54895104895104,168.0,129.0,28.0,1.0227751516711432,0.4464285714285714
2023-08-01,2023-10-31,Zip Code: 98106,Townhouse,565000.0,610000.0,416.6666666666666,13.0,13.0,10.0,1.0073246391777908,0.2307692307692307
2016-03-01,2016-05-31,Zip Code: 98136,Townhouse,456550.0,425000.0,354.4954129204199,12.0,13.0,3.0,1.0740638595397187,1.0
2012-01-01,2012-03-31,Zip Code: 98175,Single Family Residential,209000.0,209000.0,200.96153846153845,1.0,1.0,,1.0,0.0
2014-01-01,2014-03-31,Zip Code: 98122,All Residential,417250.0,417475.0,310.96684078286165,80.0,126.0,47.0,0.9878611524947672,0.3624999999999999
2015-06-01,2015-08-31,Zip Code: 98102,Townhouse,725000.0,824000.0,511.77072671443193,13.0,21.0,9.0,1.0241339843938602,0.3076923076923077
2023-06-01,2023-08-31,Zip Code: 98112,Condo/Co-op,712500.0,725000.0,718.8360223275731,22.0,19.0,10.0,0.9987551059327208,0.2272727272727272
2012-11-01,2013-01-31,Zip Code: 98112,All Residential,843849.0,685000.0,343.7417931034483,66.0,59.0,55.0,0.972388102801966,0.1212121212121212
2014-03-01,2014-05-31,Zip Code: 98112,Townhouse,490000.0,482000.0,323.4323432343234,9.0,10.0,1.0,1.0074843716944903,0.5555555555555555
2015-12-01,2016-02-29,Zip Code: 98119,All Residential,694975.0,679950.0,406.6199136868064,72.0,65.0,29.0,1.0202224896414682,0.4583333333333333
2019-04-01,2019-06-30,Zip Code: 98118,Single Family Residential,625000.0,644475.0,352.27272727272725,123.0,181.0,90.0,1.0047700095665433,0.3739837398373983
2013-11-01,2014-01-31,Zip Code: 98178,Condo/Co-op,70000.0,67500.0,64.27292852332431,2.0,3.0,1.0,0.95369211514393,0.0
2022-02-01,2022-04-30,Zip Code: 98118,Multi-Family (2-4 Unit),900000.0,949500.0,426.9449715370018,1.0,6.0,3.0,1.0,0.0
2014-06-01,2014-08-31,Zip Code: 98116,Townhouse,450000.0,439000.0,298.95833333333326,12.0,21.0,7.0,0.9893775497514614,0.0833333333333333
2019-09-01,2019-11-30,Zip Code: 98177,Townhouse,386000.0,464474.5,338.1893860561915,5.0,6.0,3.0,0.999839610517703,0.2
2023-04-01,2023-06-30,Zip Code: 98107,Townhouse,799900.0,825000.0,608.0747635933806,70.0,73.0,28.0,1.0045442751297424,0.2285714285714285
2017-09-01,2017-11-30,Zip Code: 98133,Single Family Residential,612500.0,600000.0,328.94736842105266,147.0,114.0,26.0,1.0240841858874192,0.5034013605442176
2012-02-01,2012-04-30,Zip Code: 98107,Multi-Family (2-4 Unit),540000.0,487475.0,169.23076923076923,4.0,4.0,2.0,0.9482039203801792,0.0
2023-08-01,2023-10-31,Zip Code: 98106,Condo/Co-op,514925.0,649950.0,534.4628317256055,10.0,11.0,4.0,0.9957377716090527,0.1
2021-01-01,2021-03-31,Zip Code: 98119,Single Family Residential,1316000.0,1297500.0,572.2772277227723,43.0,50.0,8.0,1.032568974771494,0.5116279069767442
2021-03-01,2021-05-31,Zip Code: 98144,All Residential,675000.0,679000.0,508.67052023121386,167.0,193.0,44.0,1.023907978965768,0.4251497005988024
2017-09-01,2017-11-30,Zip Code: 98133,Townhouse,540000.0,579950.0,385.038503850385,29.0,27.0,5.0,1.0296213594408254,0.5172413793103448
2020-08-01,2020-10-31,Zip Code: 98118,Townhouse,565000.0,627500.0,403.8854805725972,23.0,69.0,39.0,1.0007193536301129,0.217391304347826
2012-07-01,2012-09-30,Zip Code: 98112,Single Family Residential,769000.0,880000.0,320.98765432098764,71.0,77.0,63.0,0.9719287879161672,0.2394366197183098
2023-10-01,2023-12-31,Zip Code: 98144,All Residential,725000.0,674975.0,528.8600288600288,87.0,80.0,54.0,1.001363724300322,0.2298850574712643
2014-02-01,2014-04-30,Zip Code: 98136,All Residential,423500.0,430000.0,263.4068737385064,62.0,77.0,23.0,1.0092336382686296,0.4032258064516128
2013-11-01,2014-01-31,Zip Code: 98112,All Residential,783750.0,624950.0,351.0657514450867,78.0,43.0,34.0,0.9854769212794264,0.2948717948717948
2016-04-01,2016-06-30,Zip Code: 98117,Single Family Residential,714500.0,689725.0,363.1693697650344,178.0,190.0,28.0,1.0793598950400582,0.6966292134831461
2020-08-01,2020-10-31,Zip Code: 98106,All Residential,576250.0,554950.0,368.42105263157896,162.0,191.0,84.0,1.0043469881567209,0.3888888888888889
2015-02-01,2015-04-30,Zip Code: 98113,All Residential,565000.0,,279.7029702970297,1.0,,,1.0762929802838366,1.0
2013-08-01,2013-10-31,Zip Code: 98106,Townhouse,244500.0,244950.0,160.0258519224302,12.0,18.0,26.0,0.988221755387302,0.25
2012-12-01,2013-02-28,Zip Code: 98118,Condo/Co-op,125000.0,114975.0,211.4989733059548,5.0,2.0,2.0,0.957945356096516,0.2
2017-03-01,2017-05-31,Zip Code: 98106,Single Family Residential,514250.0,450000.0,308.9430894308943,93.0,111.0,19.0,1.0799471826593297,0.7096774193548387
2022-06-01,2022-08-31,Zip Code: 98116,All Residential,930000.0,897000.0,542.4657534246576,121.0,158.0,47.0,1.0118087332718493,0.3388429752066115
2023-12-01,2024-02-29,Zip Code: 98133,Single Family Residential,758500.0,795000.0,498.9626556016598,50.0,49.0,13.0,1.0119882143736223,0.28
2012-09-01,2012-11-30,Zip Code: 98133,Townhouse,234725.0,244475.0,191.5172682131476,16.0,18.0,9.0,1.01229111515189,0.25
2012-09-01,2012-11-30,Zip Code: 98106,Condo/Co-op,107500.0,100000.0,120.74342979854792,2.0,1.0,,0.9194444444444444,0.0
2022-04-01,2022-06-30,Zip Code: 98119,Townhouse,1000000.0,1069500.0,701.1866235167206,15.0,28.0,15.0,1.098065856165246,0.8666666666666667
2019-03-01,2019-05-31,Zip Code: 98117,Single Family Residential,817600.0,797000.0,439.3910860012554,155.0,202.0,56.0,1.0270998203806987,0.4774193548387096
2018-05-01,2018-07-31,Zip Code: 98133,Single Family Residential,652500.0,620000.0,375.54668304668303,122.0,181.0,68.0,1.0427288994939206,0.6311475409836065
2023-01-01,2023-03-31,Zip Code: 98134,All Residential,330000.0,379975.0,354.31899434897934,2.0,4.0,1.0,0.9866666666666666,0.0
2016-06-01,2016-08-31,Zip Code: 98144,All Residential,600000.0,568800.0,370.06578947368416,163.0,185.0,61.0,1.0206971821874231,0.460122699386503
2013-12-01,2014-02-28,Zip Code: 98178,Condo/Co-op,60250.0,118950.0,59.64136100470518,4.0,1.0,1.0,0.9853379604059728,0.5
2018-04-01,2018-06-30,Zip Code: 98144,Townhouse,730000.0,700000.0,513.1578947368421,51.0,45.0,13.0,1.0313606433742386,0.4509803921568627
2022-03-01,2022-05-31,Zip Code: 98106,Condo/Co-op,350000.0,359000.0,390.9003424942373,8.0,6.0,,1.0128727610393096,0.5
2015-02-01,2015-04-30,Zip Code: 98105,Multi-Family (2-4 Unit),934000.0,825000.0,243.6144578313253,3.0,8.0,2.0,1.0624941919106892,0.6666666666666666
2020-05-01,2020-07-31,Zip Code: 98112,Single Family Residential,1460000.0,1574975.0,589.430894308943,75.0,112.0,41.0,1.031176335402997,0.3733333333333333
2023-09-01,2023-11-30,Zip Code: 98115,All Residential,1015990.0,997975.0,580.7014858923702,137.0,136.0,46.0,1.0132036631885326,0.3576642335766423
2014-07-01,2014-09-30,Zip Code: 98144,Condo/Co-op,251000.0,248500.0,277.4166666666667,17.0,16.0,7.0,0.9944955926055244,0.2941176470588235
2012-11-01,2013-01-31,Zip Code: 98122,All Residential,412500.0,395000.0,280.1302931596091,77.0,79.0,56.0,0.9922213113832796,0.2077922077922078
2018-10-01,2018-12-31,Zip Code: 98113,Single Family Residential,640000.0,629500.0,359.55056179775283,1.0,1.0,,1.016679904686259,1.0
2020-11-01,2021-01-31,Zip Code: 98122,Townhouse,799999.5,799999.5,549.8224309772024,40.0,40.0,16.0,0.9973460076965988,0.1749999999999999
2013-12-01,2014-02-28,Zip Code: 98119,Condo/Co-op,307400.0,315000.0,367.0634920634921,31.0,42.0,27.0,0.982098328384724,0.1612903225806451
2017-03-01,2017-05-31,Zip Code: 98105,Single Family Residential,955000.0,885000.0,430.8802999256941,76.0,99.0,18.0,1.1017123983059047,0.6578947368421053
2017-09-01,2017-11-30,Zip Code: 98119,Townhouse,848900.0,769950.0,507.1428571428572,9.0,7.0,3.0,1.070562162618098,0.4444444444444444
2020-02-01,2020-04-30,Zip Code: 98116,All Residential,806500.0,750000.0,473.90109890109886,92.0,117.0,52.0,1.022515422971189,0.532608695652174
2020-03-01,2020-05-31,Zip Code: 98177,Single Family Residential,924500.0,934500.0,406.5040650406504,65.0,89.0,19.0,1.0150843209641898,0.4307692307692307
2019-10-01,2019-12-31,Zip Code: 98144,Townhouse,629950.0,634950.0,485.2744310575636,45.0,41.0,22.0,0.9927974217432604,0.0888888888888888
2020-05-01,2020-07-31,Zip Code: 98115,Single Family Residential,900000.0,875000.0,463.9801611509329,162.0,184.0,35.0,1.0333502324160144,0.5493827160493827
2018-06-01,2018-08-31,Zip Code: 98119,Single Family Residential,1249000.0,1249000.0,552.0883341334613,41.0,61.0,26.0,1.0092448601206865,0.3658536585365853
2018-01-01,2018-03-31,Zip Code: 98112,Townhouse,890000.0,750000.0,625.4225828262339,9.0,9.0,,1.0769203014840725,0.5555555555555555
2014-09-01,2014-11-30,Zip Code: 98194,All Residential,636000.0,,489.9193548387096,2.0,,,1.0207692307692309,0.5
2013-07-01,2013-09-30,Zip Code: 98107,All Residential,458000.0,429000.0,322.72887098836463,138.0,144.0,47.0,1.011746028082233,0.4710144927536231
2013-07-01,2013-09-30,Zip Code: 98144,All Residential,400000.0,384225.0,262.5,123.0,154.0,95.0,1.0040720105958014,0.3008130081300813
2013-03-01,2013-05-31,Zip Code: 98112,Townhouse,420000.0,438000.0,362.2076023391813,13.0,17.0,5.0,1.001304341711423,0.4615384615384615
2017-02-01,2017-04-30,Zip Code: 98109,Multi-Family (2-4 Unit),1100000.0,1200000.0,496.5986394557824,3.0,2.0,1.0,0.9877898949698436,0.6666666666666666
2022-12-01,2023-02-28,Zip Code: 98133,Single Family Residential,750000.0,740000.0,451.0387210571996,58.0,55.0,21.0,0.992174073615114,0.2413793103448276
2021-07-01,2021-09-30,Zip Code: 98136,Multi-Family (2-4 Unit),1200000.0,1500000.0,447.5524475524476,3.0,1.0,1.0,0.9785207700101316,0.3333333333333333
2012-11-01,2013-01-31,Zip Code: 98115,Townhouse,315250.0,375000.0,304.9219451931716,4.0,5.0,5.0,0.9573607027369776,0.0
2023-06-01,2023-08-31,Zip Code: 98112,Townhouse,875650.0,899800.0,704.7523782133247,6.0,3.0,1.0,0.9857772585197732,0.0
2021-10-01,2021-12-31,Zip Code: 98133,Condo/Co-op,323600.0,299999.5,388.086642599278,45.0,24.0,1.0,1.0097554015691066,0.4222222222222222
2023-02-01,2023-04-30,Zip Code: 98112,All Residential,1312475.0,1212500.0,669.2258291755384,60.0,102.0,45.0,1.0031046893542983,0.2333333333333333
2023-06-01,2023-08-31,Zip Code: 98122,Single Family Residential,1098888.0,1162500.0,565.4761904761905,65.0,56.0,20.0,1.0244481380648076,0.4769230769230769
2017-10-01,2017-12-31,Zip Code: 98115,Single Family Residential,810000.0,749950.0,416.6666666666666,131.0,96.0,10.0,1.049370381778096,0.564885496183206
2016-05-01,2016-07-31,Zip Code: 98105,All Residential,751000.0,680000.0,428.9500252397779,90.0,93.0,27.0,1.0535004158889174,0.5777777777777777
2012-06-01,2012-08-31,Zip Code: 98115,Condo/Co-op,165000.0,195000.0,175.2169774871133,26.0,36.0,34.0,0.9692864915797806,0.0769230769230769
2018-06-01,2018-08-31,Zip Code: 98107,Multi-Family (2-4 Unit),962500.0,1350000.0,556.3583815028902,3.0,8.0,5.0,1.0235446792732663,0.3333333333333333
2013-11-01,2014-01-31,Zip Code: 98134,All Residential,230000.0,199900.0,200.0,3.0,3.0,3.0,0.9817360570909276,0.6666666666666666
2018-10-01,2018-12-31,Zip Code: 98125,Condo/Co-op,328250.0,349975.0,358.14334222653406,24.0,22.0,11.0,0.986923136614498,0.2083333333333333
2013-06-01,2013-08-31,Zip Code: 98119,All Residential,552000.0,595000.0,332.6063249727372,111.0,142.0,90.0,1.0002577023823345,0.3423423423423423
2018-01-01,2018-03-31,Zip Code: 98118,Townhouse,568800.0,568800.0,400.9975983989327,18.0,25.0,7.0,1.0261712367209652,0.3888888888888889
2017-09-01,2017-11-30,Zip Code: 98106,Single Family Residential,517000.0,517475.0,330.4597701149425,75.0,92.0,18.0,1.031722146504098,0.4799999999999999
2016-07-01,2016-09-30,Zip Code: 98133,Single Family Residential,476000.0,475000.0,306.45161290322574,139.0,163.0,43.0,1.04406955501244,0.6474820143884891
2014-04-01,2014-06-30,Zip Code: 98119,Townhouse,562450.0,544000.0,374.10450473133903,22.0,22.0,6.0,0.9879635260413302,0.1818181818181818
2022-12-01,2023-02-28,Zip Code: 98106,All Residential,639975.0,590000.0,427.88958090048,78.0,59.0,24.0,0.9925460061499828,0.282051282051282
2019-06-01,2019-08-31,Zip Code: 98105,All Residential,881000.0,872475.0,508.4745762711864,99.0,104.0,54.0,1.0067963962912916,0.3232323232323232
2018-01-01,2018-03-31,Zip Code: 98118,Multi-Family (2-4 Unit),752000.0,750000.0,262.4111449606499,2.0,7.0,3.0,1.1930833877761815,1.0
2015-08-01,2015-10-31,Zip Code: 98178,Multi-Family (2-4 Unit),430000.0,449900.0,121.60633484162896,1.0,1.0,1.0,0.979498861047836,0.0
2023-10-01,2023-12-31,Zip Code: 98108,Condo/Co-op,588000.0,444999.0,401.78571428571433,3.0,3.0,2.0,0.9526583551754516,0.0
2016-09-01,2016-11-30,Zip Code: 98122,All Residential,629069.0,649950.0,460.83574879227046,153.0,151.0,30.0,1.0329085279308123,0.4705882352941176
2020-06-01,2020-08-31,Zip Code: 98102,All Residential,635725.0,650000.0,625.6663113006397,108.0,179.0,107.0,0.9940029286524787,0.1851851851851851
2013-10-01,2013-12-31,Zip Code: 98136,Single Family Residential,448650.0,459900.0,238.77743958679213,54.0,31.0,16.0,0.9963263099925216,0.3148148148148148
2014-02-01,2014-04-30,Zip Code: 98108,Single Family Residential,332500.0,310000.0,197.0541401273885,51.0,59.0,25.0,1.005137563341696,0.3725490196078431
2023-09-01,2023-11-30,Zip Code: 98144,All Residential,700000.0,739000.0,544.8154657293497,105.0,121.0,70.0,0.9988388242689634,0.238095238095238
2013-09-01,2013-11-30,Zip Code: 98119,All Residential,619000.0,576950.0,314.3314698346145,89.0,99.0,62.0,0.9871045470252314,0.2247191011235955
2014-01-01,2014-03-31,Zip Code: 98115,Single Family Residential,550000.0,499450.0,284.9250936329588,104.0,124.0,22.0,1.0267897119518683,0.5192307692307692
2012-07-01,2012-09-30,Zip Code: 98117,Condo/Co-op,472450.0,284725.0,376.5225,10.0,6.0,4.0,0.9625344454995765,0.0
2014-08-01,2014-10-31,Zip Code: 98105,All Residential,599000.0,599000.0,333.03411131059244,103.0,107.0,48.0,1.0091994114047176,0.3883495145631067
2021-04-01,2021-06-30,Zip Code: 98116,Townhouse,755000.0,732000.0,511.12447384245337,43.0,50.0,11.0,1.0261702063985323,0.4883720930232557
2021-11-01,2022-01-31,Zip Code: 98175,Single Family Residential,1000000.0,,1123.5955056179776,1.0,,,1.000278077305491,1.0
2016-10-01,2016-12-31,Zip Code: 98115,Multi-Family (2-4 Unit),835000.0,799950.0,317.49049429657794,3.0,1.0,,1.0011180289528865,0.6666666666666666
2022-05-01,2022-07-31,Zip Code: 98102,Single Family Residential,1850000.0,2190000.0,645.5399061032864,17.0,23.0,13.0,1.0112520477451437,0.3529411764705882
2021-01-01,2021-03-31,Zip Code: 98108,Townhouse,541000.0,530000.0,410.44776119402985,29.0,31.0,8.0,0.9944867721732324,0.2068965517241379
2016-12-01,2017-02-28,Zip Code: 98178,Single Family Residential,401750.0,419999.0,209.5450568678915,68.0,61.0,26.0,0.9829908883298404,0.2647058823529411
2022-08-01,2022-10-31,Zip Code: 98136,Single Family Residential,960000.0,952000.0,482.84313725490193,59.0,56.0,17.0,0.9947516350542988,0.2711864406779661
2021-04-01,2021-06-30,Zip Code: 98118,All Residential,725000.0,715000.0,447.9166666666666,213.0,256.0,67.0,1.0654770376425569,0.5492957746478873
2017-12-01,2018-02-28,Zip Code: 98104,All Residential,550000.0,550000.0,583.3333333333334,17.0,27.0,10.0,1.0082760381486795,0.4117647058823529
2017-08-01,2017-10-31,Zip Code: 98117,Townhouse,703800.0,679000.0,482.38897396630927,23.0,23.0,1.0,1.0529943091238947,0.6521739130434782
2020-07-01,2020-09-30,Zip Code: 98115,Townhouse,699950.0,719880.0,514.2857142857143,43.0,31.0,11.0,1.0004047230821795,0.1860465116279069
2016-03-01,2016-05-31,Zip Code: 98107,Multi-Family (2-4 Unit),803500.0,900000.0,334.9514563106796,5.0,9.0,,1.0427841883250737,0.5999999999999999
2019-11-01,2020-01-31,Zip Code: 98104,All Residential,550000.0,464300.0,561.4136732329084,19.0,14.0,30.0,0.9777594939149326,0.1578947368421052
2019-04-01,2019-06-30,Zip Code: 98107,Multi-Family (2-4 Unit),1319250.0,1075000.0,376.9112269772481,5.0,12.0,3.0,0.9699056017357904,0.2
2018-05-01,2018-07-31,Zip Code: 98178,Condo/Co-op,199250.0,144950.0,204.5124299719888,6.0,1.0,1.0,1.0216934203372594,0.5
2015-05-01,2015-07-31,Zip Code: 98118,Single Family Residential,423475.0,411975.0,232.72626931567328,162.0,160.0,63.0,1.0489781478193916,0.5432098765432098
2022-01-01,2022-03-31,Zip Code: 98102,Single Family Residential,1618000.0,1772500.0,602.803738317757,11.0,16.0,5.0,0.9989426724827588,0.2727272727272727
2018-11-01,2019-01-31,Zip Code: 98107,All Residential,775100.0,750000.0,516.9491525423729,75.0,88.0,49.0,0.9874873622551338,0.16
2017-06-01,2017-08-31,Zip Code: 98122,Townhouse,758500.0,746670.0,542.7564589665653,52.0,46.0,3.0,1.044750867974671,0.5192307692307692
2017-08-01,2017-10-31,Zip Code: 98118,Multi-Family (2-4 Unit),541000.0,679000.0,162.95180722891567,1.0,3.0,1.0,1.3525,1.0
2022-02-01,2022-04-30,Zip Code: 98102,Single Family Residential,1550000.0,1900000.0,595.9288128776489,12.0,23.0,10.0,1.006419818179256,0.3333333333333333
2019-01-01,2019-03-31,Zip Code: 98122,Multi-Family (2-4 Unit),838500.0,899000.0,368.9590342370869,2.0,3.0,1.0,1.0761344155148398,0.5
2012-10-01,2012-12-31,Zip Code: 98116,Townhouse,371975.0,337475.0,272.47288957076603,10.0,2.0,5.0,0.9810569083862686,0.1
2017-08-01,2017-10-31,Zip Code: 98112,Multi-Family (2-4 Unit),1352000.0,1350000.0,395.32163742690057,1.0,3.0,1.0,1.0432098765432098,1.0
2012-09-01,2012-11-30,Zip Code: 98144,Single Family Residential,399000.0,429990.0,196.3470319634704,55.0,69.0,40.0,1.0112883562701305,0.4727272727272727
2015-12-01,2016-02-29,Zip Code: 98144,All Residential,545900.0,549999.0,349.53379953379954,93.0,81.0,32.0,1.0190697587503352,0.4086021505376344
2018-08-01,2018-10-31,Zip Code: 98105,Single Family Residential,1051000.0,995000.0,472.7272727272728,73.0,76.0,28.0,1.0084381428353228,0.3561643835616438
2016-03-01,2016-05-31,Zip Code: 98134,Condo/Co-op,310050.0,285000.0,247.90909090909088,2.0,3.0,,1.1652877192982456,1.0
2015-04-01,2015-06-30,Zip Code: 98136,Single Family Residential,589000.0,560000.0,288.2606023355869,83.0,100.0,27.0,1.0326514006391718,0.5421686746987951
2017-02-01,2017-04-30,Zip Code: 98117,Multi-Family (2-4 Unit),982500.0,749500.0,386.65589267716257,2.0,3.0,,1.0370874534480543,1.0
2017-04-01,2017-06-30,Zip Code: 98107,Townhouse,779000.0,699950.0,501.1370981959217,53.0,63.0,4.0,1.0412224309371496,0.490566037735849
2015-12-01,2016-02-29,Zip Code: 98112,Multi-Family (2-4 Unit),1075000.0,1450000.0,282.00419727177336,1.0,1.0,1.0,0.9347826086956522,0.0
2021-04-01,2021-06-30,Zip Code: 98102,Condo/Co-op,489000.0,498500.0,635.0708623588757,80.0,86.0,56.0,0.9900161928797392,0.1375
2014-04-01,2014-06-30,Zip Code: 98119,All Residential,539997.5,549000.0,355.36912982475445,108.0,125.0,40.0,0.9997963802547252,0.3796296296296296
2012-03-01,2012-05-31,Zip Code: 98136,All Residential,353375.0,404000.0,203.80180180180176,72.0,99.0,47.0,0.9839430795810952,0.2916666666666666
2017-12-01,2018-02-28,Zip Code: 98115,Single Family Residential,864000.0,875000.0,427.7195327891922,88.0,73.0,21.0,1.0660856338738258,0.5113636363636364
2019-10-01,2019-12-31,Zip Code: 98178,Condo/Co-op,204500.0,195000.0,208.22947610922972,4.0,3.0,,1.0306423940410188,0.5
2023-11-01,2024-01-31,Zip Code: 98122,Townhouse,970000.0,799900.0,651.8324607329843,27.0,35.0,19.0,0.9922962835203966,0.1111111111111111
2017-06-01,2017-08-31,Zip Code: 98116,Condo/Co-op,402500.0,432500.0,506.12584016657513,22.0,22.0,6.0,1.0359095656191686,0.5454545454545454
2014-02-01,2014-04-30,Zip Code: 98136,Single Family Residential,480000.0,479500.0,259.7560975609756,47.0,55.0,16.0,1.009988635661485,0.3829787234042553
2017-12-01,2018-02-28,Zip Code: 98136,Single Family Residential,796725.0,775000.0,371.2967826019296,42.0,39.0,8.0,1.0258554543074552,0.3809523809523809
2019-04-01,2019-06-30,Zip Code: 98121,Condo/Co-op,595000.0,599000.0,741.296798999095,104.0,143.0,102.0,0.9824923357825028,0.0961538461538461
2014-05-01,2014-07-31,Zip Code: 98117,All Residential,545000.0,500000.0,289.8091160467398,176.0,223.0,67.0,1.035211230495548,0.6079545454545454
2012-07-01,2012-09-30,Zip Code: 98122,Condo/Co-op,255000.0,249925.0,330.2735005922257,30.0,46.0,30.0,0.988941318806928,0.2999999999999999
2020-08-01,2020-10-31,Zip Code: 98125,Condo/Co-op,330000.0,319950.0,392.3900118906064,19.0,23.0,10.0,1.0038672641563968,0.3684210526315789
2015-02-01,2015-04-30,Zip Code: 98122,Condo/Co-op,298000.0,289000.0,438.78702397743297,49.0,64.0,17.0,1.0032507081496849,0.4285714285714285
2015-05-01,2015-07-31,Zip Code: 98106,Condo/Co-op,188000.0,176725.0,226.9576315020128,6.0,6.0,2.0,1.0567939098526755,0.3333333333333333
2017-04-01,2017-06-30,Zip Code: 98119,Condo/Co-op,443000.0,432499.5,549.4505494505495,57.0,52.0,9.0,1.0808332129183031,0.7368421052631579
2018-07-01,2018-09-30,Zip Code: 98106,Single Family Residential,572500.0,575000.0,352.47058823529414,72.0,118.0,58.0,1.0130055490067262,0.4166666666666666
2022-06-01,2022-08-31,Zip Code: 98117,Townhouse,819999.5,819999.0,575.29807341692,36.0,67.0,30.0,0.9889092615008368,0.2222222222222222
2012-05-01,2012-07-31,Zip Code: 98136,Condo/Co-op,181000.0,196911.0,179.05405405405406,5.0,6.0,5.0,1.0065293559499473,0.4
2017-03-01,2017-05-31,Zip Code: 98121,All Residential,575000.0,582500.0,718.9014539579968,97.0,110.0,21.0,1.0476857366027268,0.6288659793814432
2016-02-01,2016-04-30,Zip Code: 98104,All Residential,428751.0,352475.0,484.28571428571433,21.0,36.0,18.0,1.0189062626285472,0.4761904761904761
2017-03-01,2017-05-31,Zip Code: 98118,Single Family Residential,550000.0,549000.0,303.19634703196346,137.0,172.0,52.0,1.0868539590172008,0.6496350364963503
2021-01-01,2021-03-31,Zip Code: 98115,All Residential,870000.0,825000.0,500.0,187.0,234.0,44.0,1.0573097582125504,0.5294117647058822
2016-12-01,2017-02-28,Zip Code: 98125,Townhouse,418000.0,399950.0,321.656050955414,7.0,8.0,3.0,1.07149560305376,0.8571428571428571
2014-06-01,2014-08-31,Zip Code: 98118,All Residential,347475.0,349970.0,207.3033707865169,152.0,168.0,99.0,0.9987721458889826,0.4078947368421052
2013-09-01,2013-11-30,Zip Code: 98117,Single Family Residential,499500.0,475000.0,255.1651452860428,126.0,121.0,35.0,1.012648088518343,0.4523809523809523
2014-03-01,2014-05-31,Zip Code: 98115,All Residential,490000.0,484750.0,279.79274611398966,191.0,228.0,45.0,1.0394226310769377,0.5863874345549737
2021-06-01,2021-08-31,Zip Code: 98102,Townhouse,882475.0,899990.0,649.5178610563225,32.0,41.0,19.0,0.9985227163514788,0.21875
2012-11-01,2013-01-31,Zip Code: 98105,All Residential,481845.0,499475.0,236.98395404120444,72.0,50.0,30.0,0.983069294832276,0.25
2019-01-01,2019-03-31,Zip Code: 98119,Single Family Residential,1120000.0,1285000.0,549.9281534012097,16.0,48.0,25.0,0.9816274789799097,0.1875
2013-08-01,2013-10-31,Zip Code: 98107,Single Family Residential,489000.0,485000.0,273.0263157894737,51.0,53.0,13.0,1.0229230068948556,0.6470588235294118
2014-10-01,2014-12-31,Zip Code: 98102,Condo/Co-op,332500.0,337450.0,410.2558356032134,44.0,38.0,19.0,1.0035580789333327,0.2954545454545454
2017-01-01,2017-03-31,Zip Code: 98105,Single Family Residential,825000.0,831500.0,447.7148194271482,50.0,66.0,13.0,1.05525439501167,0.52
2017-02-01,2017-04-30,Zip Code: 98136,Condo/Co-op,382000.0,375000.0,381.1953352769679,13.0,13.0,,1.0555041822810247,0.6923076923076922
2020-06-01,2020-08-31,Zip Code: 98178,Single Family Residential,600000.0,567499.5,301.8181818181818,113.0,116.0,26.0,1.0158781665803192,0.4778761061946902
2014-09-01,2014-11-30,Zip Code: 98133,Condo/Co-op,147500.0,156200.0,199.8571428571429,31.0,40.0,30.0,0.9793828373275872,0.096774193548387
2012-12-01,2013-02-28,Zip Code: 98112,Townhouse,415500.0,455000.0,313.3272417153996,8.0,10.0,2.0,0.99935919029541,0.25
2015-07-01,2015-09-30,Zip Code: 98136,Condo/Co-op,264500.0,299950.0,260.2231725109423,10.0,17.0,5.0,1.023713561869846,0.5
2021-06-01,2021-08-31,Zip Code: 98118,Condo/Co-op,355000.0,365000.0,438.9312977099237,5.0,9.0,6.0,1.018450677152496,0.4
2014-03-01,2014-05-31,Zip Code: 98118,Single Family Residential,364700.0,361250.0,183.4466019417476,115.0,160.0,79.0,1.0058771158503397,0.4695652173913043
2018-08-01,2018-10-31,Zip Code: 98112,Condo/Co-op,565000.0,550000.0,651.2605042016808,21.0,29.0,12.0,1.0097365253753516,0.2857142857142857
2023-06-01,2023-08-31,Zip Code: 98178,Townhouse,685000.0,651925.0,351.64271047227925,1.0,2.0,,1.0148148148148148,1.0
2016-09-01,2016-11-30,Zip Code: 98119,Condo/Co-op,359250.0,389000.0,504.7576917521306,46.0,37.0,9.0,1.020044787989079,0.4347826086956521
2012-04-01,2012-06-30,Zip Code: 98144,Townhouse,245950.0,317450.0,190.7894736842105,15.0,16.0,8.0,0.9724829134542112,0.1333333333333333
2014-04-01,2014-06-30,Zip Code: 98119,Condo/Co-op,294000.0,299000.0,351.50645624103294,47.0,49.0,19.0,0.9923044541627756,0.3617021276595744
2017-01-01,2017-03-31,Zip Code: 98133,Multi-Family (2-4 Unit),530000.0,529500.0,250.0,1.0,1.0,,1.0009442870632672,1.0
2013-12-01,2014-02-28,Zip Code: 98178,Townhouse,60000.0,,48.19277108433735,1.0,,,0.9237875288683602,0.0
2020-07-01,2020-09-30,Zip Code: 98122,Single Family Residential,1000000.0,979990.0,502.8287823624596,86.0,103.0,35.0,1.0284561644483257,0.5116279069767442
2014-04-01,2014-06-30,Zip Code: 98102,Single Family Residential,840000.0,995000.0,353.74149659863946,23.0,23.0,13.0,0.9871540039718216,0.3043478260869565
2017-09-01,2017-11-30,Zip Code: 98108,Townhouse,595000.0,569000.0,438.26903890921193,28.0,31.0,1.0,1.0070709081624851,0.5357142857142857
2019-08-01,2019-10-31,Zip Code: 98105,Multi-Family (2-4 Unit),875000.0,,437.5,3.0,,1.0,1.003582993593477,0.3333333333333333
2019-02-01,2019-04-30,Zip Code: 98116,Condo/Co-op,441250.0,450000.0,511.4979206161137,32.0,35.0,13.0,0.9835462437035856,0.28125
2020-06-01,2020-08-31,Zip Code: 98112,Townhouse,890000.0,819975.0,584.9673202614379,19.0,40.0,23.0,0.9929910346871662,0.2105263157894736
2016-03-01,2016-05-31,Zip Code: 98106,Single Family Residential,390000.0,384500.0,283.33333333333326,77.0,102.0,24.0,1.0673533231284362,0.7402597402597402
2023-06-01,2023-08-31,Zip Code: 98104,All Residential,414975.0,420000.0,665.3716354542648,20.0,41.0,34.0,0.979751167813391,0.1
2013-07-01,2013-09-30,Zip Code: 98125,All Residential,350000.0,365000.0,207.5001809234332,154.0,187.0,94.0,1.0196496181600752,0.4675324675324675
2021-03-01,2021-05-31,Zip Code: 98102,Condo/Co-op,499475.0,461500.0,636.1637600297203,80.0,106.0,59.0,0.9906751685246372,0.1375
2021-09-01,2021-11-30,Zip Code: 98112,All Residential,1275000.0,1275000.0,667.3565165273615,100.0,97.0,21.0,1.034803493495808,0.39
2020-03-01,2020-05-31,Zip Code: 98122,Townhouse,749000.0,827000.0,564.7382920110193,45.0,34.0,13.0,1.006307099428707,0.2444444444444444
2018-04-01,2018-06-30,Zip Code: 98136,Townhouse,649999.5,649999.0,471.2465592616581,16.0,23.0,6.0,1.027834302436978,0.5
2016-11-01,2017-01-31,Zip Code: 98144,Condo/Co-op,301800.0,295500.0,380.0486437175575,6.0,7.0,4.0,0.9799078441680285,0.1666666666666666
2022-05-01,2022-07-31,Zip Code: 98102,All Residential,631000.0,597475.0,680.0213362475524,124.0,150.0,62.0,1.0118259196431492,0.3951612903225806
2019-05-01,2019-07-31,Zip Code: 98136,Townhouse,635000.0,554995.0,420.8754208754209,23.0,24.0,9.0,0.99620965688119,0.2608695652173913
2015-02-01,2015-04-30,Zip Code: 98125,Condo/Co-op,199950.0,217475.0,206.3137755102041,11.0,18.0,9.0,1.0059901086719931,0.4545454545454545
2016-09-01,2016-11-30,Zip Code: 98117,Condo/Co-op,369000.0,447475.0,353.8604769563268,4.0,4.0,3.0,1.0417172030710389,0.25
2020-06-01,2020-08-31,Zip Code: 98105,All Residential,1070000.0,927000.0,520.3045685279188,121.0,171.0,67.0,1.0114605193200084,0.3223140495867768
2013-01-01,2013-03-31,Zip Code: 98109,Condo/Co-op,349475.0,309987.5,321.5767634854772,40.0,76.0,33.0,0.9815851419514356,0.1749999999999999
2023-11-01,2024-01-31,Zip Code: 98107,Single Family Residential,1202500.0,1049000.0,576.9230769230769,20.0,11.0,5.0,1.0042593403758808,0.4
2022-06-01,2022-08-31,Zip Code: 98102,All Residential,650000.0,622500.0,676.470588235294,115.0,124.0,58.0,0.9959438725096528,0.2347826086956521
2019-02-01,2019-04-30,Zip Code: 98144,Single Family Residential,820000.0,918000.0,454.0121120363361,49.0,67.0,37.0,1.0094554065855132,0.346938775510204
2017-04-01,2017-06-30,Zip Code: 98102,Multi-Family (2-4 Unit),1010000.0,915000.0,346.9562144101118,2.0,3.0,2.0,1.113177724057986,1.0
2015-08-01,2015-10-31,Zip Code: 98121,Condo/Co-op,682180.0,649000.0,673.1804586241276,201.0,195.0,69.0,0.9997276810130212,0.1044776119402985
2012-03-01,2012-05-31,Zip Code: 98106,Townhouse,230000.0,216000.0,154.57788347205707,21.0,19.0,15.0,0.9908597718589331,0.2857142857142857
2021-06-01,2021-08-31,Zip Code: 98144,Townhouse,681500.0,699000.0,557.3244184618052,78.0,73.0,22.0,1.021983820103331,0.3974358974358974
2023-10-01,2023-12-31,Zip Code: 98122,Condo/Co-op,474888.0,522624.5,675.925925925926,23.0,22.0,23.0,0.9886213783549384,0.1304347826086956
2013-05-01,2013-07-31,Zip Code: 98144,Multi-Family (2-4 Unit),417500.0,449500.0,145.66417965035475,4.0,12.0,8.0,1.022028335350462,0.75
2015-06-01,2015-08-31,Zip Code: 98107,Townhouse,607450.0,549950.0,409.5230263157896,36.0,37.0,2.0,1.0502216221197151,0.611111111111111
2017-10-01,2017-12-31,Zip Code: 98136,Condo/Co-op,350500.0,,489.0661852251972,4.0,,,1.027177402775417,0.75
2015-03-01,2015-05-31,Zip Code: 98106,Condo/Co-op,220000.0,185600.0,245.72823433685923,5.0,6.0,2.0,1.0120137679568422,0.5999999999999999
2015-12-01,2016-02-29,Zip Code: 98177,Townhouse,282000.0,279975.0,240.0,1.0,2.0,,1.0846153846153843,1.0
2014-01-01,2014-03-31,Zip Code: 98133,Townhouse,265000.0,289950.0,217.5572519083969,17.0,19.0,6.0,0.9968820616286695,0.2941176470588235
2022-01-01,2022-03-31,Zip Code: 98112,Multi-Family (2-4 Unit),1518750.0,1295000.0,416.884656970458,2.0,3.0,,0.9666666666666666,0.0
2019-03-01,2019-05-31,Zip Code: 98119,Condo/Co-op,463750.0,470000.0,568.3318896948205,46.0,72.0,41.0,0.9909726644383806,0.1304347826086956
2018-06-01,2018-08-31,Zip Code: 98117,All Residential,759000.0,760000.0,444.6236559139785,193.0,195.0,64.0,1.0278516991190956,0.4196891191709844
2020-02-01,2020-04-30,Zip Code: 98177,All Residential,975000.0,857500.0,392.8571428571428,69.0,90.0,25.0,1.0088876579245214,0.3913043478260869
2014-09-01,2014-11-30,Zip Code: 98107,Condo/Co-op,254000.0,306225.0,398.3050847457627,25.0,26.0,18.0,0.9934338761631554,0.2
2019-01-01,2019-03-31,Zip Code: 98118,All Residential,575000.0,585000.0,376.8345323741007,105.0,140.0,80.0,0.996244186447568,0.2095238095238095
2012-01-01,2012-03-31,Zip Code: 98108,All Residential,209900.0,249950.0,135.739969199461,40.0,86.0,79.0,0.9852583882625936,0.225
2016-11-01,2017-01-31,Zip Code: 98117,All Residential,680250.0,664725.0,363.9938447029394,144.0,84.0,14.0,1.0210699055182433,0.4444444444444444
2014-03-01,2014-05-31,Zip Code: 98117,All Residential,550000.0,515000.0,276.8181818181818,143.0,185.0,51.0,1.0365999121828418,0.5944055944055943
2013-06-01,2013-08-31,Zip Code: 98107,Condo/Co-op,278600.0,297000.0,346.09720176730485,39.0,48.0,26.0,0.9938349502735848,0.282051282051282
2018-05-01,2018-07-31,Zip Code: 98146,Townhouse,359000.0,279995.0,258.21596244131456,7.0,3.0,2.0,1.0469485968186985,0.7142857142857143
2016-08-01,2016-10-31,Zip Code: 98136,Townhouse,547845.0,512200.0,368.5897435897436,23.0,26.0,5.0,1.007135920102458,0.3478260869565217
2021-08-01,2021-10-31,Zip Code: 98119,Townhouse,1025000.0,939950.0,678.4492588369442,23.0,23.0,5.0,1.0149873545761363,0.4782608695652174
2014-08-01,2014-10-31,Zip Code: 98117,Single Family Residential,555000.0,549950.0,285.03957255481646,152.0,142.0,43.0,1.018894562917292,0.4671052631578947
2012-01-01,2012-03-31,Zip Code: 98117,Townhouse,309950.0,314950.0,242.1484375,1.0,3.0,1.0,1.0,0.0
2018-10-01,2018-12-31,Zip Code: 98107,Single Family Residential,825000.0,907475.0,449.6350364963504,31.0,26.0,10.0,0.9742834695691792,0.3548387096774193
2017-04-01,2017-06-30,Zip Code: 98144,Townhouse,619900.0,629900.0,429.9573216350405,61.0,49.0,13.0,1.0278076868210375,0.3442622950819672
2022-07-01,2022-09-30,Zip Code: 98133,All Residential,800000.0,739475.0,486.638990381462,176.0,198.0,117.0,1.0020879215636656,0.2897727272727272
2020-01-01,2020-03-31,Zip Code: 98119,Single Family Residential,1200000.0,1250000.0,535.4166666666665,27.0,45.0,14.0,1.0278314301108578,0.4074074074074073
2023-07-01,2023-09-30,Zip Code: 98105,Condo/Co-op,510000.0,479000.0,614.8831399097356,14.0,27.0,20.0,0.9837352519462224,0.2857142857142857
2017-01-01,2017-03-31,Zip Code: 98117,Townhouse,639950.0,594500.0,444.743935309973,19.0,18.0,,1.0288338624582416,0.3684210526315789
2020-03-01,2020-05-31,Zip Code: 98119,Condo/Co-op,545000.0,525000.0,518.1695827725438,19.0,35.0,25.0,0.9934298858592512,0.3157894736842105
2022-02-01,2022-04-30,Zip Code: 98104,All Residential,409950.0,598000.0,642.3076923076923,37.0,65.0,37.0,1.0101741709800691,0.3243243243243243
2020-07-01,2020-09-30,Zip Code: 98144,All Residential,730000.0,737190.0,486.17511520737327,161.0,200.0,94.0,1.014591015995655,0.3664596273291925
2021-11-01,2022-01-31,Zip Code: 98117,Condo/Co-op,475000.0,600000.0,509.0405449770191,10.0,7.0,2.0,0.9770478781520492,0.2
2015-07-01,2015-09-30,Zip Code: 98133,Townhouse,335000.0,375000.0,258.33333333333326,27.0,21.0,3.0,1.0150176389332888,0.4444444444444444
2019-10-01,2019-12-31,Zip Code: 98118,Condo/Co-op,352500.0,354975.0,476.44055388738616,4.0,4.0,4.0,1.0008637805400773,0.25
2023-01-01,2023-03-31,Zip Code: 98119,Single Family Residential,1210000.0,1307500.0,594.4055944055945,31.0,38.0,14.0,0.9951608275776888,0.1935483870967741
2014-12-01,2015-02-28,Zip Code: 98136,Multi-Family (2-4 Unit),555000.0,,152.47252747252747,1.0,,,0.925,0.0
2018-09-01,2018-11-30,Zip Code: 98144,Townhouse,664500.0,682000.0,457.6368095904548,18.0,44.0,26.0,0.9941909561689876,0.1111111111111111
2014-05-01,2014-07-31,Zip Code: 98178,Townhouse,58000.0,109000.0,51.739518287243534,1.0,3.0,1.0,0.9747899159663864,0.0
2017-08-01,2017-10-31,Zip Code: 98102,Single Family Residential,1520000.0,1267500.0,512.2554514577861,18.0,28.0,12.0,0.9750561813361646,0.1111111111111111
2015-06-01,2015-08-31,Zip Code: 98122,Single Family Residential,849000.0,775000.0,400.7966143888474,60.0,67.0,24.0,1.0498242565853393,0.5999999999999999
2015-04-01,2015-06-30,Zip Code: 98133,Single Family Residential,425000.0,412500.0,244.36052631578949,159.0,184.0,41.0,1.0424580327735242,0.6163522012578616
2023-11-01,2024-01-31,Zip Code: 98106,Single Family Residential,732500.0,749900.0,398.58735209240064,44.0,49.0,25.0,1.0127086667892866,0.4318181818181818
2016-10-01,2016-12-31,Zip Code: 98136,All Residential,550000.0,559000.0,352.26302305721606,81.0,51.0,10.0,1.0122415899962367,0.419753086419753
2019-01-01,2019-03-31,Zip Code: 98144,Multi-Family (2-4 Unit),1073050.0,1749500.0,370.7362298195632,2.0,2.0,3.0,0.945600893811328,0.0
2021-02-01,2021-04-30,Zip Code: 98102,All Residential,780000.0,695000.0,624.9368686868687,133.0,187.0,95.0,0.9985682844720876,0.2030075187969924
2021-11-01,2022-01-31,Zip Code: 98105,Townhouse,798750.0,827475.0,579.7014568297246,14.0,10.0,4.0,0.9882115240982832,0.0714285714285714
2017-02-01,2017-04-30,Zip Code: 98134,Condo/Co-op,1650000.0,399990.0,932.7303561334088,1.0,1.0,1.0,0.9433962264150944,0.0
2014-08-01,2014-10-31,Zip Code: 98112,Single Family Residential,950000.0,1100000.0,361.3793103448276,69.0,73.0,39.0,1.0063654347795812,0.2753623188405797
2012-09-01,2012-11-30,Zip Code: 98122,Condo/Co-op,250000.0,269450.0,351.3986013986014,39.0,42.0,26.0,1.0031719236686545,0.3589743589743589
2017-10-01,2017-12-31,Zip Code: 98121,Condo/Co-op,650000.0,600000.0,813.7254901960785,71.0,47.0,15.0,1.0504485329068485,0.6619718309859155
2016-09-01,2016-11-30,Zip Code: 98118,Multi-Family (2-4 Unit),559000.0,599000.0,178.87507229612493,4.0,5.0,2.0,0.9756493506493508,0.0
2023-06-01,2023-08-31,Zip Code: 98107,Condo/Co-op,489000.0,479500.0,645.1204055766793,29.0,28.0,8.0,1.0127170241983567,0.3103448275862069
2018-08-01,2018-10-31,Zip Code: 98175,All Residential,577000.0,365000.0,417.8131788559015,1.0,1.0,,0.9697478991596638,0.0
2012-02-01,2012-04-30,Zip Code: 98115,Single Family Residential,465000.0,479950.0,234.02489626556016,101.0,137.0,50.0,0.995713473278184,0.3465346534653465
2017-05-01,2017-07-31,Zip Code: 98112,Multi-Family (2-4 Unit),1123000.0,1102500.0,457.061457061457,3.0,2.0,,1.0664389664389664,0.3333333333333333
2017-12-01,2018-02-28,Zip Code: 98178,Condo/Co-op,184725.0,134950.0,243.6143728692589,4.0,5.0,3.0,0.9897711671734188,0.0
2022-01-01,2022-03-31,Zip Code: 98122,All Residential,825000.0,775000.0,646.3189139810489,150.0,177.0,38.0,1.039535472355252,0.4666666666666666
2015-04-01,2015-06-30,Zip Code: 98117,Condo/Co-op,322000.0,309000.0,422.57217847769033,7.0,8.0,1.0,1.0563556233322111,0.7142857142857143
2013-02-01,2013-04-30,Zip Code: 98106,Multi-Family (2-4 Unit),237000.0,223725.0,123.3815028901734,3.0,2.0,2.0,1.0826315789473684,0.3333333333333333
2013-10-01,2013-12-31,Zip Code: 98133,Multi-Family (2-4 Unit),352225.0,299950.0,164.71206551529127,2.0,3.0,1.0,0.989848659255513,0.5
2019-08-01,2019-10-31,Zip Code: 98178,Townhouse,210500.0,424990.0,179.4455612547212,4.0,7.0,4.0,0.9866269604187,0.25
2014-09-01,2014-11-30,Zip Code: 98115,Condo/Co-op,221950.0,272500.0,254.6296296296296,25.0,26.0,6.0,0.9863407256798692,0.2399999999999999
2016-10-01,2016-12-31,Zip Code: 98117,Condo/Co-op,373250.0,434950.0,369.31686515850856,2.0,2.0,2.0,0.989581592289264,0.0
2023-05-01,2023-07-31,Zip Code: 98122,Condo/Co-op,447000.0,474900.0,636.8402888393332,32.0,47.0,25.0,0.985999951144735,0.09375
2021-01-01,2021-03-31,Zip Code: 98102,Multi-Family (2-4 Unit),1425000.0,1325000.0,455.27156549520765,1.0,4.0,2.0,0.95,0.0
2021-11-01,2022-01-31,Zip Code: 98178,Single Family Residential,631875.0,599000.0,351.78554332216373,80.0,61.0,10.0,1.0452274422214047,0.625
2019-08-01,2019-10-31,Zip Code: 98119,All Residential,900000.0,875000.0,557.9761068165848,103.0,133.0,84.0,0.9908865370058424,0.262135922330097
2022-02-01,2022-04-30,Zip Code: 98108,Condo/Co-op,985000.0,1100000.0,356.8840579710145,1.0,1.0,1.0,0.9563106796116504,0.0
2019-03-01,2019-05-31,Zip Code: 98122,All Residential,749950.0,799000.0,563.5520649833627,130.0,201.0,98.0,0.9959164844783912,0.2846153846153846
2021-03-01,2021-05-31,Zip Code: 98102,All Residential,765000.0,715000.0,627.1576524741082,149.0,193.0,96.0,1.0010666609720955,0.2214765100671141
2013-02-01,2013-04-30,Zip Code: 98105,All Residential,560000.0,599950.0,288.1043134263622,78.0,117.0,33.0,0.9978657815075757,0.3076923076923077
2015-12-01,2016-02-29,Zip Code: 98194,Condo/Co-op,875000.0,,473.74120194910665,1.0,,,0.9722222222222222,0.0
2020-08-01,2020-10-31,Zip Code: 98122,All Residential,818975.0,750000.0,560.4429717710098,174.0,247.0,120.0,1.0114234086880718,0.3160919540229885
2023-12-01,2024-02-29,Zip Code: 98144,Townhouse,654975.0,649950.0,554.8397510826126,38.0,57.0,25.0,0.9964434565777563,0.1842105263157894
2017-07-01,2017-09-30,Zip Code: 98122,Condo/Co-op,438500.0,407450.0,641.9939577039275,57.0,64.0,14.0,1.072879635788236,0.7543859649122807
2015-03-01,2015-05-31,Zip Code: 98118,Multi-Family (2-4 Unit),262500.0,532487.5,170.45454545454547,3.0,2.0,4.0,0.9775524867157264,0.3333333333333333
2012-11-01,2013-01-31,Zip Code: 98144,Townhouse,345000.0,345000.0,214.61961503208067,9.0,12.0,10.0,0.9925010535899336,0.2222222222222222
2017-02-01,2017-04-30,Zip Code: 98144,Multi-Family (2-4 Unit),1221000.0,992500.0,314.0625,3.0,2.0,,0.9588590611319056,0.3333333333333333
2020-02-01,2020-04-30,Zip Code: 98178,All Residential,499990.0,533495.0,285.71428571428567,65.0,114.0,50.0,1.0150046055741793,0.4615384615384615
2021-04-01,2021-06-30,Zip Code: 98125,Condo/Co-op,345000.0,339950.0,368.703499022648,18.0,23.0,7.0,1.0278449554447988,0.5
2019-04-01,2019-06-30,Zip Code: 98119,Multi-Family (2-4 Unit),1270000.0,1199950.0,438.56505813027553,5.0,4.0,4.0,0.946257292623551,0.0
2022-05-01,2022-07-31,Zip Code: 98144,Condo/Co-op,530000.0,487000.0,616.1934805467929,19.0,20.0,3.0,1.0174971673753397,0.4210526315789473
2022-06-01,2022-08-31,Zip Code: 98108,Townhouse,672475.0,650000.0,515.7629596344516,12.0,23.0,10.0,0.9986307256038808,0.3333333333333333
2014-10-01,2014-12-31,Zip Code: 98108,All Residential,349975.0,317500.0,197.83930718520668,64.0,65.0,35.0,0.9942787079413408,0.40625
2018-05-01,2018-07-31,Zip Code: 98144,Townhouse,725000.0,689000.0,504.7378395451673,49.0,47.0,13.0,1.0235120317997195,0.4081632653061224
2022-07-01,2022-09-30,Zip Code: 98106,Condo/Co-op,422250.0,425000.0,379.0773904700992,4.0,5.0,1.0,1.0077758739839773,0.25
2013-03-01,2013-05-31,Zip Code: 98133,Single Family Residential,350000.0,339500.0,196.538737446198,91.0,157.0,61.0,1.005924116528924,0.5384615384615384
2015-01-01,2015-03-31,Zip Code: 98107,Townhouse,537500.0,560000.0,378.3014061544732,22.0,37.0,6.0,1.0174704184260746,0.4545454545454545
2015-10-01,2015-12-31,Zip Code: 98102,Single Family Residential,1030000.0,1037475.0,381.9720604760445,12.0,10.0,8.0,1.0169553366008053,0.5
2019-05-01,2019-07-31,Zip Code: 98144,Multi-Family (2-4 Unit),931497.5,949000.0,322.12389380530976,4.0,3.0,4.0,0.9940857623578556,0.25
2012-06-01,2012-08-31,Zip Code: 98136,All Residential,384500.0,425000.0,201.3020833333333,85.0,103.0,61.0,0.9851560727673588,0.2470588235294117
2023-02-01,2023-04-30,Zip Code: 98115,Multi-Family (2-4 Unit),1172500.0,,388.2450331125828,1.0,,1.0,0.8086206896551724,0.0
2023-02-01,2023-04-30,Zip Code: 98117,Condo/Co-op,600000.0,687000.0,593.1303116147309,3.0,20.0,8.0,1.0203978100506117,0.6666666666666666
2015-08-01,2015-10-31,Zip Code: 98107,All Residential,563750.0,529990.0,402.2672006417729,132.0,133.0,27.0,1.0369282979533827,0.5909090909090909
2017-05-01,2017-07-31,Zip Code: 98106,Condo/Co-op,306000.0,294750.0,312.8154653745205,4.0,4.0,1.0,1.111396052106426,0.75
2022-05-01,2022-07-31,Zip Code: 98119,Multi-Family (2-4 Unit),1325000.0,1317475.0,514.3530798703213,4.0,8.0,5.0,0.9590259080096716,0.0
2012-01-01,2012-03-31,Zip Code: 98119,Single Family Residential,560000.0,650000.0,273.6,23.0,36.0,26.0,0.9741055403853164,0.2608695652173913
2017-12-01,2018-02-28,Zip Code: 98115,Multi-Family (2-4 Unit),715000.0,675000.0,427.1356783919598,3.0,3.0,,1.0235959207897063,0.6666666666666666
2020-05-01,2020-07-31,Zip Code: 98107,Multi-Family (2-4 Unit),998800.0,925000.0,505.6179775280899,5.0,7.0,2.0,0.9993571428571428,0.2
2023-04-01,2023-06-30,Zip Code: 98178,Single Family Residential,632500.0,700000.0,385.07410838351086,58.0,63.0,26.0,1.007669185853894,0.4310344827586206
2013-02-01,2013-04-30,Zip Code: 98115,Single Family Residential,500000.0,499000.0,254.18477596830212,126.0,157.0,45.0,1.0204594322170113,0.5317460317460317
2017-12-01,2018-02-28,Zip Code: 98112,Multi-Family (2-4 Unit),1400000.0,1400000.0,748.663101604278,1.0,1.0,1.0,1.0,0.0
2014-06-01,2014-08-31,Zip Code: 98106,Multi-Family (2-4 Unit),377500.0,529500.0,135.66511152998493,2.0,4.0,2.0,0.9171098788348954,0.0
2022-09-01,2022-11-30,Zip Code: 98109,All Residential,790000.0,945000.0,662.2340425531913,61.0,97.0,61.0,0.987458318782066,0.1967213114754098
2014-07-01,2014-09-30,Zip Code: 98116,Condo/Co-op,394000.0,356000.0,383.3048089925626,36.0,26.0,16.0,0.977170870835071,0.0555555555555555
2013-08-01,2013-10-31,Zip Code: 98102,Single Family Residential,786297.5,807500.0,294.6938775510204,22.0,24.0,13.0,1.014148546714799,0.5
2022-11-01,2023-01-31,Zip Code: 98115,Single Family Residential,999950.0,920000.0,511.1111111111112,85.0,59.0,20.0,0.9830300900951368,0.1529411764705882
2016-10-01,2016-12-31,Zip Code: 98108,Townhouse,482000.0,539500.0,354.10927456382,16.0,11.0,3.0,0.9996221591208504,0.25
2017-03-01,2017-05-31,Zip Code: 98134,Single Family Residential,904709.5,575000.0,435.3673327689657,2.0,1.0,,1.1181026583413032,0.5
2017-01-01,2017-03-31,Zip Code: 98122,All Residential,675000.0,648000.0,465.83850931677017,99.0,127.0,27.0,1.045213012337154,0.505050505050505
2013-06-01,2013-08-31,Zip Code: 98112,Multi-Family (2-4 Unit),804975.0,629950.0,343.7150935973511,2.0,1.0,,1.0000255115056893,0.5
2022-03-01,2022-05-31,Zip Code: 98107,Multi-Family (2-4 Unit),1150000.0,1499950.0,522.7272727272727,7.0,9.0,4.0,1.0789923876456462,0.7142857142857143
2015-08-01,2015-10-31,Zip Code: 98177,Townhouse,292000.0,419000.0,240.6417112299465,7.0,1.0,,1.029950042552623,0.4285714285714285
2018-08-01,2018-10-31,Zip Code: 98125,All Residential,599000.0,599000.0,368.33333333333326,119.0,155.0,78.0,0.9976841769589508,0.2436974789915966
2015-03-01,2015-05-31,Zip Code: 98119,Townhouse,629950.0,604750.0,420.2719406674908,23.0,14.0,3.0,1.0064384690664503,0.3043478260869565
2014-11-01,2015-01-31,Zip Code: 98118,Multi-Family (2-4 Unit),305000.0,334450.0,189.44099378881987,2.0,4.0,5.0,0.970150650275496,0.0
2019-09-01,2019-11-30,Zip Code: 98107,All Residential,731475.0,725000.0,511.0478436657682,152.0,142.0,44.0,0.9959122875573932,0.2236842105263157
2017-10-01,2017-12-31,Zip Code: 98144,Condo/Co-op,385000.0,366500.0,483.33333333333326,13.0,8.0,3.0,1.014713213807018,0.5384615384615384
2020-06-01,2020-08-31,Zip Code: 98122,Condo/Co-op,443550.0,450000.0,635.4953134276445,46.0,78.0,47.0,0.9953052296125474,0.1739130434782608
2013-06-01,2013-08-31,Zip Code: 98107,Multi-Family (2-4 Unit),629600.0,675000.0,217.74818189783585,6.0,7.0,4.0,0.9677568522005244,0.0
2021-02-01,2021-04-30,Zip Code: 98144,Condo/Co-op,409950.0,421000.0,495.5515432293688,24.0,17.0,8.0,1.005415606080435,0.375
2018-08-01,2018-10-31,Zip Code: 98136,Condo/Co-op,389175.0,389950.0,409.8390701443857,8.0,15.0,6.0,0.9892061125102428,0.125
2017-02-01,2017-04-30,Zip Code: 98118,All Residential,500504.0,499000.0,317.1428571428572,136.0,172.0,49.0,1.0561488622203898,0.5294117647058822
2022-08-01,2022-10-31,Zip Code: 98101,Condo/Co-op,705000.0,679900.0,815.0101661074001,46.0,67.0,71.0,0.9830840958043195,0.0652173913043478
2018-08-01,2018-10-31,Zip Code: 98118,Townhouse,530750.0,570000.0,394.86673247778873,13.0,23.0,13.0,1.0023857258298958,0.3846153846153846
2023-08-01,2023-10-31,Zip Code: 98112,Single Family Residential,1499975.0,1500000.0,633.1807780320366,42.0,43.0,24.0,0.9798748135999784,0.2857142857142857
2020-01-01,2020-03-31,Zip Code: 98115,Multi-Family (2-4 Unit),775000.0,775000.0,469.6969696969697,1.0,1.0,,1.0,0.0
2022-03-01,2022-05-31,Zip Code: 98117,Townhouse,925000.0,869999.0,608.695652173913,37.0,55.0,17.0,1.0355232188849464,0.5405405405405405
2014-04-01,2014-06-30,Zip Code: 98118,Townhouse,269900.0,272400.0,153.37423312883436,9.0,10.0,6.0,0.9868113879067608,0.1111111111111111
2021-04-01,2021-06-30,Zip Code: 98119,Townhouse,952500.0,965000.0,725.3837072018889,20.0,25.0,4.0,1.0185604200997944,0.45
2016-12-01,2017-02-28,Zip Code: 98105,Townhouse,639000.0,655000.0,389.63414634146335,1.0,1.0,,1.0,0.0
2021-06-01,2021-08-31,Zip Code: 98178,Single Family Residential,630000.0,610000.0,369.4029850746269,107.0,118.0,26.0,1.071884867152727,0.7383177570093457
2021-01-01,2021-03-31,Zip Code: 98106,Townhouse,552315.0,552500.0,354.0315315315316,60.0,52.0,10.0,1.004260886670702,0.3333333333333333
2014-06-01,2014-08-31,Zip Code: 98119,Townhouse,553500.0,599500.0,366.552504347924,22.0,13.0,7.0,0.9848454570452478,0.1818181818181818
2013-05-01,2013-07-31,Zip Code: 98122,Multi-Family (2-4 Unit),462518.5,569000.0,224.8702843273232,4.0,9.0,6.0,1.0256534992798705,0.5
2021-04-01,2021-06-30,Zip Code: 98125,Multi-Family (2-4 Unit),875000.0,787475.0,275.15723270440253,1.0,2.0,2.0,1.0,0.0
2014-07-01,2014-09-30,Zip Code: 98121,Condo/Co-op,377450.0,497250.0,499.9632352941177,82.0,126.0,69.0,0.988748750199728,0.0975609756097561
2012-05-01,2012-07-31,Zip Code: 98144,Condo/Co-op,222450.0,222400.0,256.2937062937063,10.0,18.0,32.0,0.9879823490167136,0.1
2015-07-01,2015-09-30,Zip Code: 98107,All Residential,577000.0,495000.0,406.51058721348136,142.0,149.0,25.0,1.0368781260353983,0.5985915492957746
2022-11-01,2023-01-31,Zip Code: 98108,Single Family Residential,649995.0,589500.0,437.8053363397219,19.0,26.0,22.0,0.958113317175056,0.1052631578947368
2019-03-01,2019-05-31,Zip Code: 98116,Single Family Residential,811500.0,825000.0,436.22019635343617,88.0,137.0,51.0,1.0142908304961438,0.4545454545454545
2020-11-01,2021-01-31,Zip Code: 98136,Multi-Family (2-4 Unit),1100000.0,1195000.0,401.4598540145985,1.0,1.0,,0.9205020920502092,0.0
2020-04-01,2020-06-30,Zip Code: 98102,All Residential,652475.0,625000.0,607.8571428571429,78.0,129.0,73.0,0.9957174206565738,0.1923076923076923
2018-01-01,2018-03-31,Zip Code: 98115,Single Family Residential,910000.0,849000.0,448.71794871794873,81.0,105.0,21.0,1.097226049829874,0.6172839506172839
2017-09-01,2017-11-30,Zip Code: 98116,Townhouse,667500.0,647500.0,453.2494305283228,22.0,20.0,1.0,1.0163076628941392,0.3181818181818181
2017-02-01,2017-04-30,Zip Code: 98144,All Residential,627500.0,634900.0,415.8415841584159,122.0,151.0,40.0,1.0388525663016563,0.4590163934426229
2017-06-01,2017-08-31,Zip Code: 98134,Condo/Co-op,380000.0,382475.0,316.6666666666667,3.0,4.0,,0.9869841269841272,0.3333333333333333
2013-10-01,2013-12-31,Zip Code: 98108,All Residential,330000.0,349000.0,210.0121069264469,69.0,47.0,33.0,0.9959043512807576,0.2608695652173913
2021-02-01,2021-04-30,Zip Code: 98105,Multi-Family (2-4 Unit),1150000.0,1107500.0,349.8727735368957,5.0,2.0,1.0,1.0291937141989411,0.2
2012-03-01,2012-05-31,Zip Code: 98178,Multi-Family (2-4 Unit),74000.0,,37.755102040816325,1.0,,,0.8926417370325693,0.0
2017-07-01,2017-09-30,Zip Code: 98122,Townhouse,779950.0,779950.0,564.6359583952452,47.0,40.0,5.0,1.0436757861527917,0.5106382978723403
2012-04-01,2012-06-30,Zip Code: 98119,Multi-Family (2-4 Unit),457500.0,725000.0,199.82394366197184,4.0,1.0,1.0,0.9424787060164777,0.0
2015-02-01,2015-04-30,Zip Code: 98119,All Residential,548000.0,550000.0,383.32025105114,109.0,131.0,35.0,1.0197979582678074,0.4495412844036697
2018-04-01,2018-06-30,Zip Code: 98125,Townhouse,647500.0,499000.0,443.5966032836321,16.0,26.0,9.0,1.120184644932732,0.8125
2018-06-01,2018-08-31,Zip Code: 98104,Condo/Co-op,698050.0,575000.0,771.8529275509296,20.0,21.0,13.0,1.0103451986762892,0.2999999999999999
2017-09-01,2017-11-30,Zip Code: 98105,Single Family Residential,1000600.0,979000.0,487.3197988452226,70.0,75.0,14.0,1.0477152904134526,0.5428571428571428
2017-07-01,2017-09-30,Zip Code: 98119,Single Family Residential,995000.0,979000.0,480.0,67.0,61.0,18.0,1.0144806986560508,0.4029850746268656
2021-11-01,2022-01-31,Zip Code: 98112,Condo/Co-op,534000.0,607500.0,722.091165193177,14.0,10.0,2.0,1.014563809487664,0.3571428571428571
2023-09-01,2023-11-30,Zip Code: 98106,Condo/Co-op,525000.0,557475.0,494.752623688156,11.0,6.0,5.0,0.9986375427769302,0.2727272727272727
2016-11-01,2017-01-31,Zip Code: 98136,Condo/Co-op,369990.0,275000.0,396.0396039603961,9.0,9.0,1.0,0.9914313254167376,0.1111111111111111
2021-10-01,2021-12-31,Zip Code: 98112,Multi-Family (2-4 Unit),1150000.0,1795000.0,508.130081300813,3.0,1.0,,0.9912280701754386,0.0
2020-06-01,2020-08-31,Zip Code: 98178,Condo/Co-op,181250.0,235000.0,220.58823529411765,7.0,11.0,2.0,0.9934222526166052,0.7142857142857143
2016-06-01,2016-08-31,Zip Code: 98102,Townhouse,806000.0,782225.0,473.9336492890996,15.0,12.0,5.0,1.016639167774268,0.5333333333333333
2013-06-01,2013-08-31,Zip Code: 98118,Condo/Co-op,244000.0,199900.0,276.4380530973451,3.0,7.0,6.0,0.9645191860026524,0.0
2013-02-01,2013-04-30,Zip Code: 98108,All Residential,265000.0,300900.0,180.36593947924,64.0,80.0,36.0,0.9971281925473122,0.28125
2013-11-01,2014-01-31,Zip Code: 98119,Townhouse,480000.0,314900.0,344.46358267716533,7.0,11.0,10.0,0.9834033688897544,0.0
2019-06-01,2019-08-31,Zip Code: 98117,Condo/Co-op,372250.0,385000.0,479.4543953819706,6.0,7.0,4.0,1.0003888868791375,0.1666666666666666
2016-06-01,2016-08-31,Zip Code: 98121,All Residential,688500.0,499950.0,670.1063829787234,431.0,138.0,50.0,1.0059099545650727,0.1299303944315545
2019-05-01,2019-07-31,Zip Code: 98119,Condo/Co-op,462500.0,525000.0,578.5714285714286,43.0,52.0,38.0,0.9933652149558518,0.1395348837209302
2019-09-01,2019-11-30,Zip Code: 98178,Single Family Residential,465617.5,480000.0,261.55647172596326,74.0,89.0,47.0,0.9966088090384816,0.3513513513513513
2017-07-01,2017-09-30,Zip Code: 98112,Multi-Family (2-4 Unit),1250000.0,1350000.0,498.00796812749,1.0,3.0,1.0,0.9652509652509652,0.0
2014-11-01,2015-01-31,Zip Code: 98107,Multi-Family (2-4 Unit),719500.0,715000.0,244.13181114029769,6.0,7.0,,0.99507455007455,0.3333333333333333
2016-10-01,2016-12-31,Zip Code: 98102,All Residential,561750.0,517450.0,525.5789375885536,76.0,52.0,19.0,1.0112121191097734,0.4078947368421052
2014-12-01,2015-02-28,Zip Code: 98117,Townhouse,464500.0,439000.0,316.5790642582174,10.0,8.0,1.0,0.9989998342515664,0.2
2015-03-01,2015-05-31,Zip Code: 98112,Condo/Co-op,384925.0,407475.0,433.0465769973461,10.0,26.0,7.0,1.010483187557698,0.5
2013-03-01,2013-05-31,Zip Code: 98102,Multi-Family (2-4 Unit),697500.0,795000.0,232.63888888888889,5.0,5.0,4.0,1.102474859423792,0.8
2015-01-01,2015-03-31,Zip Code: 98103,Townhouse,436000.0,549250.0,370.81043956043953,27.0,48.0,10.0,1.01110944480268,0.4074074074074073
2012-09-01,2012-11-30,Zip Code: 98136,Multi-Family (2-4 Unit),482500.0,769900.0,156.48674242424244,2.0,1.0,1.0,0.9901960784313724,0.0
2018-08-01,2018-10-31,Zip Code: 98119,Townhouse,900000.0,894475.0,619.6120689655172,15.0,30.0,20.0,1.007725690667295,0.2666666666666666
2019-11-01,2020-01-31,Zip Code: 98122,Condo/Co-op,400000.0,545000.0,662.689393939394,29.0,17.0,4.0,0.9840185182940796,0.1724137931034482
2019-06-01,2019-08-31,Zip Code: 98108,Single Family Residential,615000.0,599000.0,313.4257840433139,76.0,83.0,51.0,1.0126158949998878,0.3289473684210526
2020-11-01,2021-01-31,Zip Code: 98115,Condo/Co-op,395725.0,339500.0,438.13778409811687,22.0,22.0,14.0,0.9944721541533844,0.1363636363636363
2015-02-01,2015-04-30,Zip Code: 98178,Single Family Residential,282000.0,299000.0,166.66666666666666,83.0,85.0,46.0,1.0226856012971413,0.4337349397590361
2012-01-01,2012-03-31,Zip Code: 98122,Townhouse,359500.0,534475.0,239.42431683640248,14.0,26.0,15.0,0.964646619529082,0.1428571428571428
2018-07-01,2018-09-30,Zip Code: 98178,Single Family Residential,470000.0,475000.0,278.3751493428913,95.0,113.0,82.0,1.0150012058477944,0.4105263157894736
2018-09-01,2018-11-30,Zip Code: 98118,Single Family Residential,575000.0,614500.0,336.53846153846155,91.0,125.0,70.0,0.9832978243240998,0.2857142857142857
2017-12-01,2018-02-28,Zip Code: 98118,All Residential,602500.0,583400.0,337.4366230867347,106.0,102.0,29.0,1.0452571637252883,0.4433962264150943
2022-05-01,2022-07-31,Zip Code: 98107,Townhouse,960000.0,899900.0,659.2356687898089,53.0,69.0,15.0,1.027857589355634,0.4716981132075471
2018-06-01,2018-08-31,Zip Code: 98117,Townhouse,695500.0,704500.0,546.3844355377421,20.0,24.0,11.0,0.9965642379823512,0.1499999999999999
2014-02-01,2014-04-30,Zip Code: 98144,Multi-Family (2-4 Unit),682500.0,459000.0,297.90929084862137,2.0,3.0,3.0,0.9610219181907022,0.0
2022-11-01,2023-01-31,Zip Code: 98199,All Residential,1071500.0,1015000.0,538.9598566308243,52.0,38.0,25.0,0.9747070554213548,0.173076923076923
2019-11-01,2020-01-31,Zip Code: 98122,Townhouse,765975.0,799950.0,523.8724453840732,32.0,25.0,11.0,0.9821458963916714,0.0625
2012-12-01,2013-02-28,Zip Code: 98105,Townhouse,429975.0,419950.0,310.1811594202899,4.0,3.0,,0.990989903703042,0.25
2013-01-01,2013-03-31,Zip Code: 98107,Single Family Residential,528000.0,529000.0,250.23696682464453,11.0,29.0,9.0,1.0505082374645924,0.4545454545454545
2012-10-01,2012-12-31,Zip Code: 98144,All Residential,345000.0,359950.0,212.2114668652271,83.0,65.0,64.0,0.996996421336496,0.3734939759036144
2013-06-01,2013-08-31,Zip Code: 98115,Condo/Co-op,180000.0,179888.0,199.0014265335236,27.0,31.0,18.0,1.0038360105239932,0.4074074074074073
2013-01-01,2013-03-31,Zip Code: 98102,Townhouse,590500.0,583725.0,349.2214030864463,8.0,28.0,20.0,0.9830002743876672,0.125
2022-02-01,2022-04-30,Zip Code: 98134,All Residential,377000.0,451500.0,416.0443910041388,2.0,2.0,1.0,1.0422374429223744,0.5
2017-12-01,2018-02-28,Zip Code: 98112,All Residential,1200000.0,1099600.0,584.390243902439,51.0,63.0,26.0,1.0183454865167032,0.3725490196078431
2021-08-01,2021-10-31,Zip Code: 98105,All Residential,970000.0,965000.0,558.5144927536232,120.0,139.0,39.0,1.0393444011938473,0.4666666666666666
2016-06-01,2016-08-31,Zip Code: 98117,Condo/Co-op,382500.0,366990.0,410.4187995696303,8.0,8.0,3.0,1.0699053504835112,0.75
2020-07-01,2020-09-30,Zip Code: 98119,Multi-Family (2-4 Unit),822500.0,1325000.0,445.82769574680873,2.0,9.0,8.0,1.0280547409579668,1.0
2020-04-01,2020-06-30,Zip Code: 98108,Townhouse,535000.0,559950.0,450.59837070146347,18.0,19.0,11.0,0.992771440696432,0.2222222222222222
2015-02-01,2015-04-30,Zip Code: 98119,Single Family Residential,819000.0,862500.0,353.4965034965035,30.0,42.0,13.0,1.031097154778177,0.5333333333333333
2015-06-01,2015-08-31,Zip Code: 98136,Multi-Family (2-4 Unit),1286500.0,,603.9906103286385,1.0,,,0.9980605120248254,0.0
2017-05-01,2017-07-31,Zip Code: 98136,Condo/Co-op,371000.0,354900.0,485.8516843232949,10.0,7.0,,1.1057566437043684,1.0
2012-01-01,2012-03-31,Zip Code: 98136,Multi-Family (2-4 Unit),379000.0,379000.0,144.106463878327,1.0,1.0,,1.0,0.0
2017-04-01,2017-06-30,Zip Code: 98105,Single Family Residential,921300.0,855000.0,431.89003848481735,90.0,91.0,13.0,1.0983647787310995,0.6666666666666666
2018-03-01,2018-05-31,Zip Code: 98106,Townhouse,520000.0,500000.0,357.8260869565217,32.0,35.0,8.0,1.04360442335941,0.53125
2022-02-01,2022-04-30,Zip Code: 98117,Townhouse,927500.0,917450.0,604.6814552070794,36.0,46.0,9.0,1.0531022163126138,0.6388888888888888
2023-03-01,2023-05-31,Zip Code: 98104,Condo/Co-op,406950.0,427475.0,674.1609998478813,24.0,36.0,32.0,0.9721135439808756,0.125
2016-04-01,2016-06-30,Zip Code: 98178,All Residential,357000.0,340000.0,204.8192771084337,99.0,136.0,51.0,1.0566135166057993,0.6464646464646465
2019-08-01,2019-10-31,Zip Code: 98105,All Residential,1055000.0,849900.0,489.79432624113474,88.0,99.0,48.0,0.9983758111031344,0.3068181818181818
2012-11-01,2013-01-31,Zip Code: 98104,All Residential,255000.0,375000.0,294.8609941027801,13.0,11.0,10.0,0.9893521281778828,0.3076923076923077
2012-03-01,2012-05-31,Zip Code: 98107,Townhouse,370500.0,399475.0,264.1553269166943,26.0,30.0,12.0,0.999270996602948,0.1923076923076923
2020-03-01,2020-05-31,Zip Code: 98122,All Residential,768000.0,750000.0,560.7476635514017,118.0,147.0,67.0,1.0057356439884988,0.2881355932203389
2014-03-01,2014-05-31,Zip Code: 98178,Townhouse,114550.0,59500.0,97.02929129949112,2.0,1.0,,0.9510369663725255,0.5
2013-07-01,2013-09-30,Zip Code: 98116,Single Family Residential,483474.5,450000.0,255.63969460771784,80.0,91.0,48.0,1.0105855107149346,0.4375
2016-10-01,2016-12-31,Zip Code: 98136,Single Family Residential,644000.0,625000.0,335.68548387096774,53.0,33.0,7.0,1.0170747497663026,0.4528301886792452
2017-05-01,2017-07-31,Zip Code: 98106,Single Family Residential,499000.0,488000.0,337.96296296296293,109.0,117.0,17.0,1.0719421567758998,0.6513761467889908
2017-10-01,2017-12-31,Zip Code: 98118,All Residential,590000.0,559475.0,329.00333611342785,144.0,116.0,32.0,1.0355184742601748,0.4513888888888889
2015-07-01,2015-09-30,Zip Code: 98175,Single Family Residential,380000.0,,342.3423423423424,1.0,,,1.0133333333333334,1.0
2019-05-01,2019-07-31,Zip Code: 98106,Multi-Family (2-4 Unit),806750.0,882475.0,281.31783835685064,2.0,2.0,,0.9382746113989636,0.0
2014-03-01,2014-05-31,Zip Code: 98194,All Residential,539000.0,549500.0,386.93467336683415,1.0,1.0,,0.9808917197452228,0.0
2012-11-01,2013-01-31,Zip Code: 98108,Multi-Family (2-4 Unit),304175.0,299950.0,98.34001751789418,2.0,1.0,2.0,0.9013719872069637,0.0
2019-02-01,2019-04-30,Zip Code: 98133,Single Family Residential,634500.0,625000.0,368.2829460187952,84.0,127.0,51.0,1.0094111003318915,0.369047619047619
2019-02-01,2019-04-30,Zip Code: 98112,Multi-Family (2-4 Unit),1690000.0,1200000.0,621.3235294117648,1.0,1.0,,0.9814169570267132,0.0
2023-05-01,2023-07-31,Zip Code: 98122,Single Family Residential,1050000.0,1139000.0,589.622641509434,63.0,73.0,20.0,1.0405330999488298,0.492063492063492
2021-09-01,2021-11-30,Zip Code: 98118,Townhouse,569950.0,629000.0,421.4814814814815,49.0,43.0,15.0,1.0009503032078748,0.3061224489795918
2013-03-01,2013-05-31,Zip Code: 98144,Condo/Co-op,239900.0,242900.0,288.2352941176471,39.0,26.0,18.0,0.990166539561798,0.1794871794871794
2013-10-01,2013-12-31,Zip Code: 98122,Condo/Co-op,260250.0,265000.0,388.5580713962557,26.0,19.0,11.0,0.9998084211266384,0.4615384615384615
2022-01-01,2022-03-31,Zip Code: 98119,Multi-Family (2-4 Unit),1957495.0,1400000.0,531.5534368881096,2.0,4.0,2.0,1.0612870967741936,0.5
2019-09-01,2019-11-30,Zip Code: 98106,Condo/Co-op,337000.0,340000.0,332.0197044334975,5.0,5.0,2.0,0.958610545896504,0.2
2012-02-01,2012-04-30,Zip Code: 98122,Townhouse,382000.0,399000.0,255.81395348837208,16.0,17.0,10.0,0.9641268014314822,0.125
2022-03-01,2022-05-31,Zip Code: 98175,Townhouse,865000.0,,624.5487364620939,1.0,,,1.2627737226277371,1.0
2018-02-01,2018-04-30,Zip Code: 98122,Single Family Residential,916000.0,870000.0,555.6487341772151,41.0,53.0,17.0,1.1123861753808637,0.6829268292682927
2023-12-01,2024-02-29,Zip Code: 98178,All Residential,666000.0,759000.0,370.0,36.0,65.0,24.0,0.9911936670027314,0.1944444444444444
2012-05-01,2012-07-31,Zip Code: 98116,Single Family Residential,485000.0,483975.0,233.0620678023276,77.0,98.0,44.0,0.9994097384120264,0.3636363636363636
2022-08-01,2022-10-31,Zip Code: 98122,All Residential,872000.0,877950.0,621.0324704060183,138.0,170.0,87.0,0.9891397882553488,0.1739130434782608
2012-01-01,2012-03-31,Zip Code: 98102,Condo/Co-op,242000.0,299250.0,290.2155887230514,33.0,53.0,43.0,0.965176725671046,0.1515151515151515
2021-03-01,2021-05-31,Zip Code: 98178,Single Family Residential,675838.0,620000.0,340.625,92.0,120.0,22.0,1.071778274438299,0.6304347826086956
2016-10-01,2016-12-31,Zip Code: 98112,All Residential,863632.5,729000.0,451.7148058370569,74.0,55.0,18.0,1.0211679036527217,0.4324324324324324
2016-12-01,2017-02-28,Zip Code: 98108,All Residential,494500.0,499975.0,327.34728506787326,54.0,54.0,13.0,1.066278269350815,0.574074074074074
2017-06-01,2017-08-31,Zip Code: 98117,Townhouse,694950.0,628000.0,487.3422159887798,21.0,21.0,1.0,1.0500033245408058,0.6666666666666666
2012-09-01,2012-11-30,Zip Code: 98119,All Residential,473400.0,462497.5,255.11279780729487,77.0,94.0,50.0,0.9886142791501096,0.2727272727272727
2012-07-01,2012-09-30,Zip Code: 98115,Townhouse,340000.0,349500.0,212.432915921288,9.0,13.0,7.0,0.9821933959792862,0.0
2014-09-01,2014-11-30,Zip Code: 98115,Single Family Residential,562000.0,582000.0,285.5042016806723,152.0,140.0,28.0,1.0123105906546876,0.375
2016-04-01,2016-06-30,Zip Code: 98106,Multi-Family (2-4 Unit),350000.0,455000.0,238.02622498274675,2.0,7.0,4.0,1.106690667350031,1.0
2016-06-01,2016-08-31,Zip Code: 98118,Single Family Residential,465000.0,455000.0,279.5,145.0,182.0,64.0,1.0523654415281092,0.5379310344827585
2018-11-01,2019-01-31,Zip Code: 98199,All Residential,900000.0,815000.0,421.78542178542176,77.0,48.0,36.0,0.9798407909804993,0.1688311688311688
2016-10-01,2016-12-31,Zip Code: 98115,Townhouse,561000.0,754950.0,475.3363228699552,15.0,21.0,5.0,1.0064649186691237,0.4
2013-05-01,2013-07-31,Zip Code: 98115,All Residential,486000.0,465000.0,252.41916831870105,200.0,261.0,89.0,1.0369767389345572,0.555
2021-03-01,2021-05-31,Zip Code: 98106,All Residential,637000.0,599475.0,406.6284403669725,160.0,186.0,29.0,1.052851159971441,0.6312499999999999
2017-12-01,2018-02-28,Zip Code: 98122,Multi-Family (2-4 Unit),1010000.0,899500.0,457.63479836882647,3.0,2.0,3.0,1.0390176354184115,1.0
2022-08-01,2022-10-31,Zip Code: 98112,All Residential,1360000.0,1360000.0,726.2428912126214,76.0,90.0,48.0,0.978217247276348,0.131578947368421
2018-09-01,2018-11-30,Zip Code: 98115,All Residential,800500.0,810000.0,438.5334291876348,171.0,212.0,86.0,0.9967638416166428,0.2514619883040935
2022-06-01,2022-08-31,Zip Code: 98112,All Residential,1500000.0,1395000.0,710.5374154464271,80.0,119.0,41.0,1.007411846333671,0.25
2021-05-01,2021-07-31,Zip Code: 98122,Multi-Family (2-4 Unit),1030000.0,1350000.0,450.3479241175556,2.0,10.0,2.0,0.9685185185185184,0.0
2012-06-01,2012-08-31,Zip Code: 98178,Multi-Family (2-4 Unit),175000.0,,52.083333333333336,1.0,,,0.7777777777777777,0.0
2014-08-01,2014-10-31,Zip Code: 98117,All Residential,532750.0,549000.0,285.03957255481646,186.0,169.0,55.0,1.0138406540245648,0.4408602150537634
2013-03-01,2013-05-31,Zip Code: 98133,Condo/Co-op,160000.0,136000.0,190.02375296912115,19.0,39.0,21.0,1.0037970359760688,0.4210526315789473
2021-06-01,2021-08-31,Zip Code: 98118,Townhouse,601750.0,589000.0,464.32894750231503,32.0,65.0,30.0,1.0079231300995266,0.28125
2019-03-01,2019-05-31,Zip Code: 98112,Condo/Co-op,625000.0,675000.0,687.392055267703,15.0,15.0,8.0,1.0124982300480103,0.5333333333333333
2023-07-01,2023-09-30,Zip Code: 98121,All Residential,577500.0,722000.0,778.3012642859029,68.0,110.0,94.0,0.986104612815128,0.1617647058823529
2020-08-01,2020-10-31,Zip Code: 98117,All Residential,891500.0,825000.0,461.76470588235287,217.0,236.0,43.0,1.0352939225074005,0.5622119815668202
2023-05-01,2023-07-31,Zip Code: 98119,Condo/Co-op,475000.0,432475.0,589.0168290522587,31.0,42.0,21.0,0.9847395539234398,0.1935483870967741
2022-09-01,2022-11-30,Zip Code: 98136,Condo/Co-op,480000.0,514975.0,495.04950495049513,5.0,6.0,4.0,0.9878399896381026,0.0
2020-06-01,2020-08-31,Zip Code: 98178,Townhouse,524990.0,542085.0,302.2684414864115,3.0,5.0,3.0,0.9416666666666668,0.0
2018-01-01,2018-03-31,Zip Code: 98175,Townhouse,350000.0,319500.0,346.8780971258672,1.0,1.0,,1.0954616588419406,1.0
2019-02-01,2019-04-30,Zip Code: 98175,All Residential,340000.0,,320.45240339302546,1.0,,,0.9444444444444444,0.0
2022-03-01,2022-05-31,Zip Code: 98133,Multi-Family (2-4 Unit),975000.0,887360.5,406.25,1.0,6.0,4.0,1.0427807486631016,1.0
2016-12-01,2017-02-28,Zip Code: 98134,Condo/Co-op,950000.0,,657.8947368421053,1.0,,1.0,0.9547738693467336,0.0
2013-04-01,2013-06-30,Zip Code: 98105,Townhouse,422000.0,419970.0,300.6849315068493,7.0,10.0,5.0,1.0041508920245306,0.4285714285714285
2023-01-01,2023-03-31,Zip Code: 98107,Single Family Residential,1057500.0,1049950.0,526.4426273101981,24.0,25.0,10.0,0.9747367039035548,0.25
2019-07-01,2019-09-30,Zip Code: 98106,Townhouse,557150.0,514450.0,328.0187074829932,36.0,26.0,31.0,0.9971242767091688,0.1388888888888889
2018-11-01,2019-01-31,Zip Code: 98107,Townhouse,785000.0,750000.0,499.219968798752,29.0,41.0,21.0,0.99366115217406,0.1034482758620689
2023-02-01,2023-04-30,Zip Code: 98122,Single Family Residential,999950.0,999950.0,566.5024630541872,47.0,56.0,32.0,1.0180181594299074,0.3191489361702127
2019-09-01,2019-11-30,Zip Code: 98136,Single Family Residential,725000.0,738500.0,393.7216997561825,52.0,53.0,20.0,0.9976301171897016,0.4423076923076922
2015-05-01,2015-07-31,Zip Code: 98108,Townhouse,325000.0,472475.0,278.57142857142856,6.0,16.0,5.0,1.046412374688906,0.8333333333333333
2020-07-01,2020-09-30,Zip Code: 98106,All Residential,560000.0,554934.0,368.5576923076923,149.0,200.0,80.0,1.0057815160492245,0.3624161073825503
2017-01-01,2017-03-31,Zip Code: 98134,All Residential,950000.0,,657.8947368421053,1.0,,,0.9547738693467336,0.0
2018-01-01,2018-03-31,Zip Code: 98133,Single Family Residential,649500.0,599950.0,388.0206378986866,86.0,100.0,25.0,1.0645108666294414,0.6395348837209301
2012-03-01,2012-05-31,Zip Code: 98117,Condo/Co-op,215000.0,234950.0,264.46280991735534,5.0,6.0,7.0,0.9567931618112574,0.0
2018-08-01,2018-10-31,Zip Code: 98105,Condo/Co-op,493500.0,522000.0,473.6241261883596,8.0,10.0,8.0,0.9767077553344152,0.0
2012-11-01,2013-01-31,Zip Code: 98125,Condo/Co-op,146250.0,124944.0,127.17391304347828,21.0,16.0,10.0,0.9837115433430164,0.1428571428571428
2016-09-01,2016-11-30,Zip Code: 98122,Condo/Co-op,395000.0,399000.0,533.210682697623,49.0,48.0,3.0,1.039033486095602,0.510204081632653
2020-11-01,2021-01-31,Zip Code: 98112,Condo/Co-op,652500.0,2100000.0,674.3337102245195,14.0,7.0,10.0,0.972564028711064,0.0714285714285714
2019-11-01,2020-01-31,Zip Code: 98112,Townhouse,720000.0,839950.0,544.6058091286307,15.0,9.0,6.0,0.9853601752920744,0.0
2013-05-01,2013-07-31,Zip Code: 98133,All Residential,316450.0,310000.0,204.8444742279556,202.0,258.0,121.0,1.0080726828618558,0.4653465346534653
2016-11-01,2017-01-31,Zip Code: 98107,Single Family Residential,737805.0,729000.0,418.7821851684934,38.0,30.0,4.0,1.0097800334234357,0.3684210526315789
2023-07-01,2023-09-30,Zip Code: 98108,Single Family Residential,667500.0,696900.0,380.86468957770967,40.0,48.0,30.0,1.0007195026349651,0.2999999999999999
2022-11-01,2023-01-31,Zip Code: 98106,Condo/Co-op,435000.0,325000.0,737.2881355932203,1.0,2.0,1.0,0.9666666666666666,0.0
2021-12-01,2022-02-28,Zip Code: 98109,Townhouse,1305000.0,1195000.0,764.9256847027389,8.0,7.0,2.0,0.9869403858933408,0.375
2018-04-01,2018-06-30,Zip Code: 98119,All Residential,920000.0,949980.0,558.1351021652944,115.0,163.0,50.0,1.0485901625944074,0.617391304347826
2015-06-01,2015-08-31,Zip Code: 98115,Townhouse,545000.0,532500.0,381.0710692399159,18.0,16.0,5.0,1.0207157205121853,0.3888888888888889
2012-12-01,2013-02-28,Zip Code: 98106,Single Family Residential,238250.0,229945.0,154.83939448063742,58.0,64.0,47.0,0.9776933153216883,0.2413793103448276
2014-02-01,2014-04-30,Zip Code: 98106,Townhouse,260000.0,299915.0,176.87074829931973,19.0,22.0,19.0,1.0048551442151052,0.263157894736842
2013-01-01,2013-03-31,Zip Code: 98144,Single Family Residential,458500.0,454950.0,225.1837209302325,46.0,60.0,27.0,0.9934526201423232,0.3043478260869565
2019-04-01,2019-06-30,Zip Code: 98112,Multi-Family (2-4 Unit),1690000.0,1650000.0,457.516339869281,3.0,2.0,,0.9938056523422376,0.0
2013-06-01,2013-08-31,Zip Code: 98126,Single Family Residential,362500.0,369975.0,211.9243730407524,104.0,116.0,58.0,0.9992355323585884,0.3846153846153846
2020-02-01,2020-04-30,Zip Code: 98117,Multi-Family (2-4 Unit),1222500.0,950000.0,380.2764198201461,4.0,3.0,5.0,0.9570571242865744,0.25
2022-07-01,2022-09-30,Zip Code: 98119,Single Family Residential,1525000.0,1449000.0,684.8276723276723,36.0,49.0,24.0,0.990854162081884,0.1666666666666666
2017-01-01,2017-03-31,Zip Code: 98102,All Residential,618250.0,585000.0,554.8014172709295,80.0,83.0,21.0,1.0406172121848638,0.55
2019-08-01,2019-10-31,Zip Code: 98102,Multi-Family (2-4 Unit),2045000.0,1395000.0,432.5296108291032,1.0,4.0,5.0,0.9088888888888887,0.0
2023-11-01,2024-01-31,Zip Code: 98199,All Residential,1025000.0,979000.0,565.3409090909091,51.0,51.0,17.0,1.0057194480286085,0.3137254901960784
2015-11-01,2016-01-31,Zip Code: 98194,Condo/Co-op,875000.0,,473.74120194910665,1.0,,,0.9722222222222222,0.0
2013-07-01,2013-09-30,Zip Code: 98112,All Residential,738000.0,737500.0,371.7579250720461,125.0,125.0,71.0,0.9905586016040154,0.224
2017-06-01,2017-08-31,Zip Code: 98107,Single Family Residential,859950.0,789000.0,482.2834645669291,71.0,65.0,11.0,1.077937220598694,0.6197183098591548
2013-03-01,2013-05-31,Zip Code: 98101,Condo/Co-op,540000.0,490000.0,567.2268907563025,61.0,58.0,54.0,0.9818640619607932,0.081967213114754
2021-07-01,2021-09-30,Zip Code: 98118,Single Family Residential,800000.0,750000.0,457.9207920792079,147.0,171.0,50.0,1.0526722333929073,0.5578231292517006
2021-06-01,2021-08-31,Zip Code: 98104,All Residential,570000.0,580000.0,824.7915407854985,45.0,54.0,42.0,0.989309561111485,0.1777777777777777
2020-04-01,2020-06-30,Zip Code: 98119,Single Family Residential,1187500.0,1229000.0,554.9081388570625,38.0,48.0,19.0,1.0087432129135916,0.3421052631578947
2018-01-01,2018-03-31,Zip Code: 98117,Single Family Residential,811000.0,747750.0,427.84090909090907,83.0,104.0,15.0,1.1132608762111276,0.7590361445783133
2012-07-01,2012-09-30,Zip Code: 98117,Townhouse,325000.0,289975.0,265.84201388888886,10.0,8.0,2.0,0.9931065961633626,0.1
2019-11-01,2020-01-31,Zip Code: 98102,All Residential,670000.0,655000.0,632.0224719101124,88.0,83.0,45.0,0.9906763955706666,0.1704545454545454
2014-03-01,2014-05-31,Zip Code: 98122,Multi-Family (2-4 Unit),575000.0,625000.0,211.3526570048309,3.0,3.0,4.0,0.9328132570494668,0.0
2021-12-01,2022-02-28,Zip Code: 98125,All Residential,656800.0,749999.0,464.91925465838506,96.0,111.0,21.0,1.0433503360547396,0.5208333333333333
2022-06-01,2022-08-31,Zip Code: 98104,Condo/Co-op,405000.0,569000.0,721.5189873417721,29.0,53.0,42.0,0.982431228087146,0.0344827586206896
2018-02-01,2018-04-30,Zip Code: 98107,All Residential,823500.0,762500.0,609.009009009009,101.0,138.0,21.0,1.0604174011559002,0.6138613861386139
2019-04-01,2019-06-30,Zip Code: 98118,All Residential,599475.0,617444.0,362.6952380952381,136.0,227.0,124.0,1.0031486264009688,0.3455882352941176
2017-01-01,2017-03-31,Zip Code: 98117,All Residential,705000.0,699950.0,411.87486230447234,114.0,122.0,14.0,1.0603705652471298,0.587719298245614
2013-07-01,2013-09-30,Zip Code: 98102,Condo/Co-op,301400.0,329750.0,373.9454094292804,55.0,76.0,40.0,1.0020369915246994,0.3636363636363636
2014-12-01,2015-02-28,Zip Code: 98107,Condo/Co-op,309750.0,361475.0,408.8773775422277,20.0,42.0,16.0,0.999282120853099,0.3499999999999999
2019-04-01,2019-06-30,Zip Code: 98117,Condo/Co-op,410000.0,460000.0,449.1386382280559,5.0,11.0,8.0,0.9814126543353467,0.2
2015-10-01,2015-12-31,Zip Code: 98122,Townhouse,597000.0,618975.0,399.0487943050621,28.0,30.0,7.0,1.0134991697374327,0.5
2018-02-01,2018-04-30,Zip Code: 98105,Townhouse,882500.0,950000.0,667.2996121525533,4.0,9.0,1.0,1.0410652792666235,0.75
2019-12-01,2020-02-29,Zip Code: 98133,Single Family Residential,608500.0,609925.0,366.0100896746616,78.0,58.0,21.0,1.000366679776096,0.3589743589743589
2018-11-01,2019-01-31,Zip Code: 98106,Townhouse,500000.0,493700.0,314.4144144144144,21.0,28.0,20.0,0.991738609823184,0.0952380952380952
2019-01-01,2019-03-31,Zip Code: 98178,Townhouse,525000.0,291975.0,262.8943415122684,3.0,4.0,6.0,1.0022727272727272,0.3333333333333333
2012-11-01,2013-01-31,Zip Code: 98122,Multi-Family (2-4 Unit),620000.0,484000.0,279.27927927927925,3.0,2.0,2.0,0.9769911263541836,0.0
2016-08-01,2016-10-31,Zip Code: 98107,Townhouse,651000.0,637500.0,451.61290322580646,37.0,44.0,5.0,1.037525073469916,0.5405405405405405
2012-05-01,2012-07-31,Zip Code: 98125,Multi-Family (2-4 Unit),260000.0,334900.0,100.0,1.0,5.0,6.0,1.0003847633705272,1.0
2016-04-01,2016-06-30,Zip Code: 98119,Condo/Co-op,372500.0,389950.0,482.0712162934608,56.0,57.0,14.0,1.0334467310411672,0.5357142857142857
2012-11-01,2013-01-31,Zip Code: 98106,Single Family Residential,238250.0,259900.0,156.83135152451666,68.0,57.0,40.0,0.975877100802054,0.2647058823529411
2021-05-01,2021-07-31,Zip Code: 98118,All Residential,745000.0,699990.0,447.9166666666666,211.0,271.0,94.0,1.0636457214545505,0.5687203791469194
2018-10-01,2018-12-31,Zip Code: 98144,Multi-Family (2-4 Unit),670000.0,975000.0,391.812865497076,1.0,5.0,7.0,0.9853665710714024,0.0
2014-08-01,2014-10-31,Zip Code: 98106,Townhouse,272400.0,319950.0,200.0,18.0,25.0,20.0,0.9927578838546484,0.1666666666666666
2015-06-01,2015-08-31,Zip Code: 98199,Townhouse,517055.5,492000.0,338.5787821960274,20.0,16.0,5.0,1.0307291125972822,0.5
2023-12-01,2024-02-29,Zip Code: 98106,Single Family Residential,731000.0,772495.0,406.3679017637716,46.0,50.0,20.0,1.0062167948458614,0.3695652173913043
2013-04-01,2013-06-30,Zip Code: 98144,Townhouse,349000.0,369000.0,259.765625,26.0,35.0,21.0,1.005183963617598,0.423076923076923
2020-03-01,2020-05-31,Zip Code: 98122,Single Family Residential,1205000.0,988750.0,511.68224299065423,43.0,62.0,29.0,1.0048859070384426,0.3023255813953488
2017-06-01,2017-08-31,Zip Code: 98106,All Residential,505000.0,488000.0,333.5034013605442,149.0,118.0,18.0,1.0622002236836587,0.5906040268456376
2018-02-01,2018-04-30,Zip Code: 98112,Condo/Co-op,696500.0,695000.0,759.953518592563,12.0,18.0,2.0,1.041797217917568,0.5833333333333333
2013-07-01,2013-09-30,Zip Code: 98136,Townhouse,323000.0,362500.0,238.548660731555,6.0,9.0,5.0,1.0146872044197026,0.5
2014-02-01,2014-04-30,Zip Code: 98144,All Residential,400000.0,419950.0,245.0956937799043,95.0,127.0,60.0,0.9965050396150033,0.3157894736842105
2019-07-01,2019-09-30,Zip Code: 98144,Townhouse,599950.0,699950.0,468.75,33.0,54.0,30.0,0.9881126398061336,0.0606060606060606
2020-11-01,2021-01-31,Zip Code: 98107,Multi-Family (2-4 Unit),956250.0,975000.0,358.34418474866794,4.0,5.0,2.0,1.0036094982647563,0.75
2016-09-01,2016-11-30,Zip Code: 98133,All Residential,443500.0,454900.0,302.3772204806687,178.0,195.0,45.0,1.0203732303055992,0.5224719101123596
2019-04-01,2019-06-30,Zip Code: 98122,Townhouse,760000.0,759950.0,569.5128440558419,30.0,49.0,27.0,1.0016548979838351,0.2666666666666666
2015-12-01,2016-02-29,Zip Code: 98118,Townhouse,395000.0,397000.0,246.875,9.0,22.0,7.0,1.0154332453348835,0.3333333333333333
2018-11-01,2019-01-31,Zip Code: 98113,All Residential,640000.0,,359.55056179775283,1.0,,,1.016679904686259,1.0
2022-12-01,2023-02-28,Zip Code: 98136,Condo/Co-op,477475.0,465000.0,487.3580670715606,6.0,3.0,,0.9983192562070364,0.1666666666666666
2017-06-01,2017-08-31,Zip Code: 98107,Condo/Co-op,460000.0,419999.0,612.84625,39.0,45.0,5.0,1.0850320268025535,0.8205128205128204
2020-02-01,2020-04-30,Zip Code: 98102,Townhouse,834000.0,994500.0,590.9493967379874,22.0,26.0,11.0,1.0012045296433765,0.3636363636363636
2016-10-01,2016-12-31,Zip Code: 98178,Townhouse,245000.0,,245.0,1.0,,,0.980392156862745,0.0
2020-09-01,2020-11-30,Zip Code: 98133,Condo/Co-op,290000.0,288000.0,343.0868167202572,45.0,45.0,18.0,0.9899131301499082,0.2222222222222222
2017-10-01,2017-12-31,Zip Code: 98102,All Residential,715000.0,889950.0,629.9212598425197,111.0,66.0,14.0,1.0232652919701153,0.4414414414414414
2014-05-01,2014-07-31,Zip Code: 98101,Condo/Co-op,525000.0,589000.0,543.3130699088146,49.0,77.0,39.0,0.986266195947826,0.2857142857142857
2020-08-01,2020-10-31,Zip Code: 98133,Multi-Family (2-4 Unit),810000.0,749000.0,360.8974358974359,5.0,5.0,3.0,0.9689605771297312,0.0
2023-04-01,2023-06-30,Zip Code: 98178,Multi-Family (2-4 Unit),922500.0,1045000.0,333.2172119725768,2.0,1.0,1.0,0.9820627802690582,0.0
2014-05-01,2014-07-31,Zip Code: 98117,Multi-Family (2-4 Unit),630000.0,695500.0,229.08366533864543,5.0,6.0,2.0,1.0304770968479844,0.5999999999999999
2015-08-01,2015-10-31,Zip Code: 98125,Single Family Residential,480000.0,459750.0,271.1525423728813,123.0,126.0,23.0,1.0254510418903626,0.5040650406504064
2019-06-01,2019-08-31,Zip Code: 98108,All Residential,597000.0,595000.0,330.685527099464,92.0,103.0,70.0,1.0059301116924342,0.3043478260869565
2021-01-01,2021-03-31,Zip Code: 98102,All Residential,751250.0,695000.0,618.5833747309157,110.0,179.0,90.0,0.9894900157060446,0.1545454545454545
2018-04-01,2018-06-30,Zip Code: 98136,All Residential,702000.0,699000.0,429.3532338308458,101.0,131.0,41.0,1.045419524975121,0.594059405940594
2022-09-01,2022-11-30,Zip Code: 98112,All Residential,1377000.0,1395000.0,728.0596762298552,68.0,76.0,34.0,0.9776522731121076,0.1029411764705882
2014-10-01,2014-12-31,Zip Code: 98107,Multi-Family (2-4 Unit),725000.0,592000.0,264.5985401459854,3.0,8.0,3.0,1.0032712000643036,0.6666666666666666
2014-01-01,2014-03-31,Zip Code: 98107,Multi-Family (2-4 Unit),609250.0,599000.0,210.75013789299504,6.0,5.0,3.0,1.001468285678772,0.1666666666666666
2012-08-01,2012-10-31,Zip Code: 98117,Multi-Family (2-4 Unit),573937.5,619500.0,188.33765033371668,4.0,5.0,3.0,0.973327568895018,0.0
2019-06-01,2019-08-31,Zip Code: 98117,All Residential,767500.0,770000.0,434.2557453088762,196.0,191.0,69.0,1.0026323682901457,0.3316326530612244
2022-03-01,2022-05-31,Zip Code: 98102,All Residential,717500.0,699000.0,687.2893258426966,138.0,167.0,48.0,1.0267426067687144,0.4347826086956521
2015-05-01,2015-07-31,Zip Code: 98102,All Residential,442650.0,484000.0,451.2393420532956,106.0,110.0,23.0,1.0249587932859228,0.490566037735849
2020-11-01,2021-01-31,Zip Code: 98144,Multi-Family (2-4 Unit),760000.0,1195000.0,317.7257525083612,1.0,2.0,3.0,0.9500593787111694,0.0
2020-01-01,2020-03-31,Zip Code: 98133,Single Family Residential,612500.0,650000.0,387.80737704918033,74.0,100.0,31.0,1.0177750771708458,0.4594594594594594
2015-09-01,2015-11-30,Zip Code: 98102,Multi-Family (2-4 Unit),1250000.0,1150000.0,463.2744836775482,2.0,1.0,1.0,0.968579475444464,0.0
2023-07-01,2023-09-30,Zip Code: 98178,Single Family Residential,675000.0,719000.0,387.61467889908255,43.0,61.0,25.0,0.9880359020345272,0.3023255813953488
2023-08-01,2023-10-31,Zip Code: 98136,Townhouse,727500.0,744500.0,503.1418964357768,10.0,8.0,3.0,0.9958255166631972,0.2
2022-01-01,2022-03-31,Zip Code: 98122,Multi-Family (2-4 Unit),1425000.0,1200000.0,455.8859670680757,6.0,11.0,6.0,1.0199924630324806,0.1666666666666666
2013-11-01,2014-01-31,Zip Code: 98119,All Residential,514500.0,499500.0,317.3788502200126,72.0,72.0,53.0,0.9850073837768564,0.1805555555555555
2012-10-01,2012-12-31,Zip Code: 98133,Condo/Co-op,113250.0,99950.0,131.2762237762238,24.0,13.0,9.0,0.994461077192525,0.2916666666666666
2023-11-01,2024-01-31,Zip Code: 98122,Condo/Co-op,499000.0,375000.0,626.8844221105528,23.0,19.0,25.0,0.9720988122024808,0.0434782608695652
2020-11-01,2021-01-31,Zip Code: 98194,Condo/Co-op,687000.0,699000.0,540.5192761605035,1.0,3.0,3.0,0.982832618025751,0.0
2023-01-01,2023-03-31,Zip Code: 98116,Townhouse,720000.0,775000.0,568.6352753391859,14.0,17.0,4.0,1.0088832599202764,0.2857142857142857
2013-05-01,2013-07-31,Zip Code: 98117,All Residential,455000.0,468000.0,254.4642857142857,217.0,223.0,56.0,1.021844457626142,0.5576036866359447
2017-03-01,2017-05-31,Zip Code: 98101,All Residential,625000.0,695000.0,704.5311880533898,58.0,89.0,28.0,1.0329333478046383,0.6206896551724138
2019-03-01,2019-05-31,Zip Code: 98144,Condo/Co-op,394500.0,385000.0,497.6242110088508,20.0,21.0,8.0,1.007621313501733,0.4
2016-06-01,2016-08-31,Zip Code: 98178,Single Family Residential,365500.0,369444.0,205.28574474890712,118.0,130.0,45.0,1.028352159042662,0.5847457627118644
2013-05-01,2013-07-31,Zip Code: 98112,Single Family Residential,950500.0,887000.0,346.8633718156665,106.0,110.0,52.0,0.998728047691192,0.330188679245283
2023-08-01,2023-10-31,Zip Code: 98119,Condo/Co-op,474000.0,580000.0,599.5370370370371,29.0,35.0,21.0,0.9881062999170372,0.0689655172413793
2013-04-01,2013-06-30,Zip Code: 98102,All Residential,417500.0,399950.0,360.15624197550426,110.0,124.0,68.0,1.0066272665278853,0.3818181818181818
2018-04-01,2018-06-30,Zip Code: 98102,Single Family Residential,1625000.0,1500000.0,582.6115204162612,16.0,25.0,14.0,1.011343321100962,0.3125
2019-04-01,2019-06-30,Zip Code: 98106,All Residential,549900.0,559000.0,348.16861903976246,156.0,206.0,96.0,0.9990275419554032,0.2756410256410256
2019-08-01,2019-10-31,Zip Code: 98112,Single Family Residential,1398500.0,1621500.0,513.2352941176471,67.0,72.0,44.0,0.9897677352144422,0.2537313432835821
2022-10-01,2022-12-31,Zip Code: 98101,Condo/Co-op,554887.5,694000.0,754.6100953273949,32.0,41.0,44.0,0.9791296514719076,0.03125
2019-10-01,2019-12-31,Zip Code: 98118,Single Family Residential,607944.0,609500.0,366.40442890442887,102.0,68.0,36.0,0.992847766423938,0.2450980392156862
2014-05-01,2014-07-31,Zip Code: 98107,Townhouse,512000.0,519000.0,350.94488188976374,33.0,41.0,9.0,1.046996589498289,0.6666666666666666
2014-11-01,2015-01-31,Zip Code: 98106,Multi-Family (2-4 Unit),375000.0,425000.0,218.02325581395348,1.0,1.0,2.0,1.0,0.0
2018-09-01,2018-11-30,Zip Code: 98119,Townhouse,938000.0,894500.0,557.1705426356589,15.0,32.0,20.0,0.9845185001671762,0.1333333333333333
2021-03-01,2021-05-31,Zip Code: 98118,Single Family Residential,770500.0,725000.0,445.6020010830604,132.0,190.0,45.0,1.0863804457614954,0.6515151515151514
2018-09-01,2018-11-30,Zip Code: 98136,Single Family Residential,800000.0,762450.0,365.8801020408163,64.0,52.0,20.0,0.987860834740268,0.171875
2021-07-01,2021-09-30,Zip Code: 98177,All Residential,1078500.0,1049500.0,483.8709677419354,105.0,110.0,23.0,1.055661266518001,0.5333333333333333
2015-10-01,2015-12-31,Zip Code: 98119,All Residential,682500.0,695000.0,400.9467040673212,94.0,76.0,20.0,1.0256904502431912,0.4893617021276595
2023-09-01,2023-11-30,Zip Code: 98136,Multi-Family (2-4 Unit),896000.0,1300000.0,378.05907172995774,1.0,4.0,2.0,1.055359246171967,1.0
2023-02-01,2023-04-30,Zip Code: 98107,Condo/Co-op,522500.0,485000.0,653.1501772478247,16.0,19.0,10.0,0.9950422920463852,0.125
2020-06-01,2020-08-31,Zip Code: 98125,All Residential,674266.5,654900.0,403.6059111387292,138.0,196.0,57.0,1.0291673810955122,0.5
2023-10-01,2023-12-31,Zip Code: 98122,Townhouse,885000.0,829000.0,629.1229742612012,35.0,37.0,21.0,0.9949297934318287,0.2571428571428571
2017-08-01,2017-10-31,Zip Code: 98119,All Residential,832100.0,815000.0,498.54227405247815,123.0,132.0,40.0,1.0498175062548545,0.5691056910569104
2012-01-01,2012-03-31,Zip Code: 98118,Condo/Co-op,83000.0,179450.0,177.04918032786884,3.0,4.0,4.0,0.9291060930890046,0.0
2015-03-01,2015-05-31,Zip Code: 98115,Single Family Residential,638000.0,588000.0,327.3520249221184,150.0,179.0,24.0,1.0827308653145198,0.7466666666666667
2012-10-01,2012-12-31,Zip Code: 98136,Condo/Co-op,218500.0,209000.0,205.7654384998781,6.0,5.0,3.0,0.9920970617962324,0.1666666666666666
2017-06-01,2017-08-31,Zip Code: 98177,All Residential,702500.0,689000.0,337.38635523689845,104.0,117.0,30.0,1.05040519612366,0.625
2020-10-01,2020-12-31,Zip Code: 98118,All Residential,639000.0,629925.0,381.90972222222223,175.0,180.0,71.0,1.014389514059406,0.3771428571428571
2023-02-01,2023-04-30,Zip Code: 98117,Townhouse,825000.0,834900.0,561.5942028985507,19.0,36.0,20.0,0.999947988138193,0.3157894736842105
2019-09-01,2019-11-30,Zip Code: 98119,Single Family Residential,1207000.0,1069000.0,506.3311464088398,38.0,50.0,16.0,0.999069519495666,0.3157894736842105
2017-11-01,2018-01-31,Zip Code: 98112,Townhouse,785000.0,895000.0,677.1271622253389,4.0,5.0,2.0,1.0136625426621162,0.25
2017-02-01,2017-04-30,Zip Code: 98112,Multi-Family (2-4 Unit),919000.0,775000.0,191.4583333333333,1.0,2.0,1.0,1.14875,1.0
2012-11-01,2013-01-31,Zip Code: 98102,All Residential,402500.0,377450.0,331.2173913043478,64.0,68.0,47.0,0.9831157494184436,0.1875
2015-09-01,2015-11-30,Zip Code: 98105,All Residential,635000.0,799000.0,382.1441928805184,82.0,77.0,25.0,1.0134320912442232,0.4268292682926829
2022-04-01,2022-06-30,Zip Code: 98115,Condo/Co-op,480000.0,449950.0,524.7678018575851,53.0,55.0,11.0,1.0625931295206568,0.6415094339622641
2015-09-01,2015-11-30,Zip Code: 98102,Condo/Co-op,399000.0,386500.0,468.5835995740149,51.0,47.0,8.0,1.0096553046863344,0.3333333333333333
2019-05-01,2019-07-31,Zip Code: 98108,All Residential,600000.0,576000.0,347.22222222222223,93.0,123.0,62.0,1.0056738599448347,0.3655913978494623
2016-07-01,2016-09-30,Zip Code: 98122,All Residential,608000.0,608750.0,461.7021276595744,171.0,184.0,55.0,1.0326085189269565,0.5029239766081871
2021-08-01,2021-10-31,Zip Code: 98136,Townhouse,645000.0,629900.0,501.09752827319534,26.0,31.0,5.0,1.0076788069069214,0.3461538461538461
2013-11-01,2014-01-31,Zip Code: 98144,Townhouse,365000.0,369900.0,258.4821428571429,26.0,15.0,2.0,0.9990640541190484,0.1538461538461538
2017-08-01,2017-10-31,Zip Code: 98122,Condo/Co-op,448000.0,465000.0,645.0284607000121,57.0,63.0,12.0,1.0717797546817998,0.7368421052631579
2018-04-01,2018-06-30,Zip Code: 98133,Single Family Residential,680000.0,620000.0,369.1275167785235,107.0,155.0,50.0,1.0718940532828958,0.7383177570093457
2022-07-01,2022-09-30,Zip Code: 98106,Townhouse,660000.0,629950.0,434.10852713178286,23.0,35.0,20.0,1.0058385882708378,0.4782608695652174
2021-03-01,2021-05-31,Zip Code: 98104,Condo/Co-op,705000.0,709900.0,770.5594002306804,20.0,47.0,42.0,0.986548852568782,0.05
2019-12-01,2020-02-29,Zip Code: 98122,Multi-Family (2-4 Unit),1670000.0,1499000.0,489.47205067775707,2.0,3.0,1.0,0.9358676039548992,0.0
2021-07-01,2021-09-30,Zip Code: 98116,Single Family Residential,950000.0,925000.0,475.4112506425792,94.0,92.0,17.0,1.0473928645734183,0.6170212765957446
2023-12-01,2024-02-29,Zip Code: 98117,All Residential,863000.0,877000.0,564.5518044237485,99.0,108.0,42.0,1.014101690851323,0.3434343434343434
2019-12-01,2020-02-29,Zip Code: 98144,All Residential,684500.0,699475.0,454.6875,95.0,88.0,43.0,0.9938620882561509,0.2421052631578947
2016-03-01,2016-05-31,Zip Code: 98112,Single Family Residential,1250000.0,1197500.0,467.12802768166085,83.0,98.0,26.0,1.035764965373557,0.4819277108433734
2012-05-01,2012-07-31,Zip Code: 98107,Single Family Residential,468000.0,498950.0,238.0952380952381,53.0,45.0,13.0,1.0048076238201555,0.3773584905660377
2015-11-01,2016-01-31,Zip Code: 98118,All Residential,431000.0,419450.0,233.2835553965841,112.0,84.0,52.0,1.0210225133850663,0.4375
2017-08-01,2017-10-31,Zip Code: 98136,Condo/Co-op,385000.0,369950.0,465.21035598705504,9.0,9.0,1.0,1.0434542331522976,0.6666666666666666
2013-09-01,2013-11-30,Zip Code: 98136,Townhouse,359000.0,372475.0,273.0496453900709,11.0,6.0,1.0,0.9983453744638918,0.2727272727272727
2019-05-01,2019-07-31,Zip Code: 98107,All Residential,750975.0,747475.0,518.1347150259068,178.0,188.0,80.0,0.9981850689098812,0.2191011235955056
2013-07-01,2013-09-30,Zip Code: 98133,Multi-Family (2-4 Unit),364300.0,385000.0,208.69565217391303,5.0,6.0,3.0,1.0056578165120111,0.2
2012-10-01,2012-12-31,Zip Code: 98125,Single Family Residential,357000.0,385000.0,196.47435897435892,87.0,49.0,29.0,0.9996721852323732,0.2873563218390804
2023-02-01,2023-04-30,Zip Code: 98144,All Residential,715000.0,749500.0,537.6316877867507,104.0,153.0,65.0,1.0014440360455128,0.298076923076923
2012-11-01,2013-01-31,Zip Code: 98117,Multi-Family (2-4 Unit),360000.0,424950.0,226.41509433962264,1.0,2.0,3.0,1.0,0.0
2019-05-01,2019-07-31,Zip Code: 98118,Townhouse,541900.0,529950.0,407.709636791958,10.0,35.0,24.0,0.9968966680250392,0.1
2014-11-01,2015-01-31,Zip Code: 98106,Condo/Co-op,179999.0,159875.0,180.648236415634,3.0,4.0,,0.9893456315670088,0.0
2020-10-01,2020-12-31,Zip Code: 98134,All Residential,405500.0,,352.6086956521739,2.0,,,0.9782388037891576,0.0
2023-06-01,2023-08-31,Zip Code: 98119,Single Family Residential,1475000.0,1475000.0,642.0765027322404,27.0,41.0,19.0,0.9973660223309804,0.3333333333333333
2014-01-01,2014-03-31,Zip Code: 98105,Multi-Family (2-4 Unit),750000.0,672500.0,265.625,3.0,2.0,1.0,1.0156833634596878,0.3333333333333333
2021-10-01,2021-12-31,Zip Code: 98108,Townhouse,541309.0,550000.0,432.0601851851852,47.0,55.0,10.0,1.000323956351329,0.1914893617021276
2018-05-01,2018-07-31,Zip Code: 98116,All Residential,769999.0,775000.0,473.6842105263158,135.0,163.0,62.0,1.0388462070851512,0.5037037037037037
2021-12-01,2022-02-28,Zip Code: 98106,Condo/Co-op,238500.0,239500.0,360.57890497662953,4.0,6.0,2.0,0.9938012917933132,0.5
2012-02-01,2012-04-30,Zip Code: 98136,Multi-Family (2-4 Unit),379000.0,459000.0,144.106463878327,1.0,1.0,1.0,1.0,0.0
2014-03-01,2014-05-31,Zip Code: 98112,All Residential,811000.0,850000.0,378.1832003040669,97.0,120.0,38.0,1.0225404939637472,0.5154639175257731
2023-05-01,2023-07-31,Zip Code: 98117,Single Family Residential,1000000.0,899900.0,568.8775510204082,117.0,121.0,27.0,1.04384337645615,0.5555555555555555
2020-03-01,2020-05-31,Zip Code: 98136,Condo/Co-op,337500.0,349975.0,511.7921017708856,6.0,14.0,10.0,0.989972093389734,0.1666666666666666
2014-05-01,2014-07-31,Zip Code: 98117,Townhouse,375000.0,399950.0,303.33333333333326,11.0,21.0,6.0,1.012994731113772,0.5454545454545454
2013-01-01,2013-03-31,Zip Code: 98112,Single Family Residential,899000.0,924500.0,293.7908496732026,49.0,86.0,45.0,0.986722532016176,0.2244897959183673
2014-10-01,2014-12-31,Zip Code: 98112,Condo/Co-op,353500.0,495000.0,374.7063410259156,14.0,5.0,1.0,1.0017914128659966,0.3571428571428571
2017-07-01,2017-09-30,Zip Code: 98101,All Residential,680000.0,765000.0,777.522199636247,38.0,62.0,35.0,1.0596415449873515,0.631578947368421
2015-07-01,2015-09-30,Zip Code: 98178,Condo/Co-op,147499.0,129500.0,125.72815533980582,3.0,1.0,,0.9944444074071604,0.0
2022-12-01,2023-02-28,Zip Code: 98178,Single Family Residential,652500.0,712450.0,382.4369425246618,32.0,24.0,13.0,0.9867896637201437,0.15625
2023-09-01,2023-11-30,Zip Code: 98133,Condo/Co-op,377000.0,415000.0,435.6841447884012,32.0,27.0,13.0,0.996751101947062,0.21875
2023-08-01,2023-10-31,Zip Code: 98133,Townhouse,690000.0,682490.0,450.0112114805561,34.0,34.0,27.0,0.9933692811138616,0.1176470588235294
2016-05-01,2016-07-31,Zip Code: 98108,Condo/Co-op,346000.0,,230.66666666666663,1.0,,,0.9226666666666666,0.0
2022-05-01,2022-07-31,Zip Code: 98112,Multi-Family (2-4 Unit),1575000.0,1848000.0,482.09366391184574,3.0,3.0,,0.9412678912678912,0.0
2020-01-01,2020-03-31,Zip Code: 98115,Townhouse,769950.0,742880.0,505.6251193659282,24.0,40.0,16.0,1.0097064708680366,0.2916666666666666
2016-11-01,2017-01-31,Zip Code: 98119,Single Family Residential,947500.0,1130000.0,388.73257229482965,38.0,27.0,13.0,0.9901906907000884,0.2105263157894736
2015-09-01,2015-11-30,Zip Code: 98106,Townhouse,340000.0,327475.0,229.00763358778627,29.0,28.0,8.0,1.01392151903466,0.586206896551724
2022-03-01,2022-05-31,Zip Code: 98134,Condo/Co-op,475000.0,451500.0,462.06225680933846,1.0,2.0,1.0,1.0844748858447488,1.0
2013-08-01,2013-10-31,Zip Code: 98134,All Residential,855000.0,219950.0,592.1052631578947,1.0,1.0,2.0,0.951056729699666,0.0
2016-02-01,2016-04-30,Zip Code: 98102,Townhouse,811490.0,799950.0,512.9490687780843,18.0,19.0,6.0,1.024497064633223,0.3333333333333333
2020-06-01,2020-08-31,Zip Code: 98133,Townhouse,630000.0,649950.0,391.4285714285714,53.0,67.0,23.0,1.0024946102393804,0.2075471698113207
2019-07-01,2019-09-30,Zip Code: 98117,Condo/Co-op,380000.0,349000.0,467.9802955665025,5.0,7.0,7.0,0.9890692640692642,0.0
2020-02-01,2020-04-30,Zip Code: 98119,Single Family Residential,1247500.0,1187000.0,549.0863787375415,30.0,48.0,17.0,1.031345121702529,0.5
2016-02-01,2016-04-30,Zip Code: 98178,Single Family Residential,328500.0,340000.0,206.12332531776025,66.0,95.0,45.0,1.0522953054330144,0.606060606060606
2023-10-01,2023-12-31,Zip Code: 98133,Condo/Co-op,401250.0,415000.0,443.7527989252128,30.0,17.0,11.0,0.9928867871302,0.2
2013-05-01,2013-07-31,Zip Code: 98112,Multi-Family (2-4 Unit),980000.0,804950.0,473.8878143133462,1.0,2.0,1.0,1.0000510230113782,1.0
2014-07-01,2014-09-30,Zip Code: 98101,All Residential,426500.0,499475.0,517.7184747334261,48.0,62.0,29.0,0.9829685325253456,0.25
2019-04-01,2019-06-30,Zip Code: 98118,Multi-Family (2-4 Unit),800000.0,849000.0,683.7606837606837,1.0,5.0,5.0,1.0,0.0
2012-08-01,2012-10-31,Zip Code: 98136,Condo/Co-op,172500.0,257000.0,180.4114019253911,4.0,7.0,7.0,1.0015218438287554,0.25
2021-07-01,2021-09-30,Zip Code: 98116,Multi-Family (2-4 Unit),867500.0,1349975.0,463.7704974745727,6.0,4.0,2.0,0.9694268757460868,0.3333333333333333
2016-08-01,2016-10-31,Zip Code: 98178,Condo/Co-op,110500.0,110000.0,136.3357843137255,6.0,3.0,,0.995461050059944,0.5
2019-11-01,2020-01-31,Zip Code: 98112,Multi-Family (2-4 Unit),760750.0,1250000.0,287.07547169811323,1.0,2.0,2.0,1.0867857142857142,1.0
2023-08-01,2023-10-31,Zip Code: 98199,Multi-Family (2-4 Unit),1624200.0,1970000.0,510.7547169811321,1.0,1.0,,0.9048467966573815,0.0
2014-05-01,2014-07-31,Zip Code: 98102,Multi-Family (2-4 Unit),1095000.0,895000.0,318.87755102040813,3.0,3.0,2.0,1.045360329180126,0.3333333333333333
2022-06-01,2022-08-31,Zip Code: 98108,Condo/Co-op,225000.0,,401.78571428571433,1.0,,,0.9001800360072014,0.0
2020-01-01,2020-03-31,Zip Code: 98121,Condo/Co-op,609000.0,626997.5,738.0816225386477,78.0,98.0,64.0,0.9843273002015948,0.1282051282051281
2012-04-01,2012-06-30,Zip Code: 98119,All Residential,452500.0,510000.0,290.86538461538464,100.0,121.0,68.0,0.9880441294406443,0.28
2013-10-01,2013-12-31,Zip Code: 98102,Single Family Residential,815000.0,1245000.0,300.0,21.0,12.0,7.0,1.0079343392818754,0.3809523809523809
2019-03-01,2019-05-31,Zip Code: 98134,Condo/Co-op,397250.0,,386.42996108949416,1.0,,,0.9956140350877192,0.0
2023-05-01,2023-07-31,Zip Code: 98108,Townhouse,639935.0,660000.0,492.4886307098181,10.0,7.0,4.0,0.9842148120497076,0.0
2016-04-01,2016-06-30,Zip Code: 98122,Townhouse,634950.0,649950.0,418.9622387507152,50.0,46.0,11.0,1.0182558519146,0.4
2014-06-01,2014-08-31,Zip Code: 98105,Condo/Co-op,275000.0,350000.0,346.0471567267684,21.0,21.0,7.0,1.0023368719389705,0.238095238095238
2018-02-01,2018-04-30,Zip Code: 98116,All Residential,800000.0,775000.0,510.8399390243902,101.0,146.0,31.0,1.0475889104458402,0.5643564356435643
2023-02-01,2023-04-30,Zip Code: 98104,Condo/Co-op,401450.0,402450.0,684.2301988075151,22.0,30.0,26.0,0.9860507013665072,0.1818181818181818
2022-11-01,2023-01-31,Zip Code: 98116,All Residential,810000.0,815000.0,587.2549019607843,59.0,56.0,31.0,0.9961992894705128,0.2372881355932203
2023-01-01,2023-03-31,Zip Code: 98115,All Residential,870000.0,892500.0,563.0582524271845,115.0,168.0,60.0,1.0089850525208268,0.3478260869565217
2019-03-01,2019-05-31,Zip Code: 98106,All Residential,535000.0,572475.0,339.5073329109348,134.0,208.0,99.0,1.0001062118387265,0.2985074626865671
2021-01-01,2021-03-31,Zip Code: 98106,Single Family Residential,615000.0,599950.0,419.01408450704224,69.0,75.0,5.0,1.0367192886213568,0.536231884057971
2013-01-01,2013-03-31,Zip Code: 98102,All Residential,339888.0,449225.0,333.6581105626191,67.0,116.0,62.0,0.9946415508148576,0.2835820895522387
2023-05-01,2023-07-31,Zip Code: 98178,Condo/Co-op,319000.0,893000.0,300.9433962264151,3.0,2.0,,0.9934542208851516,0.3333333333333333
2015-12-01,2016-02-29,Zip Code: 98122,Single Family Residential,749950.0,838500.0,386.96428571428567,43.0,36.0,8.0,1.0184221413442378,0.3953488372093023
2012-04-01,2012-06-30,Zip Code: 98178,Single Family Residential,201475.0,235000.0,111.26790473017988,72.0,97.0,91.0,0.990056475720294,0.3333333333333333
2020-03-01,2020-05-31,Zip Code: 98125,All Residential,628250.0,627000.0,383.39019476485936,98.0,132.0,49.0,1.017909762982125,0.4183673469387755
2016-11-01,2017-01-31,Zip Code: 98122,Single Family Residential,820000.0,798800.0,414.3850267379679,51.0,35.0,14.0,1.0153672672466771,0.3137254901960784
2015-04-01,2015-06-30,Zip Code: 98102,Condo/Co-op,389000.0,357500.0,443.5483870967743,69.0,80.0,21.0,1.0240426478313407,0.5072463768115942
2020-06-01,2020-08-31,Zip Code: 98117,Condo/Co-op,745000.0,515000.0,703.4938621340888,3.0,7.0,4.0,1.003100537898837,0.3333333333333333
2023-04-01,2023-06-30,Zip Code: 98105,Townhouse,990000.0,1012500.0,558.0645161290323,5.0,6.0,4.0,1.0098208056440965,0.4
2013-08-01,2013-10-31,Zip Code: 98117,All Residential,487000.0,450000.0,254.0822447347374,168.0,173.0,60.0,1.016471804909534,0.4583333333333333
2013-07-01,2013-09-30,Zip Code: 98107,Condo/Co-op,285000.0,299900.0,350.55350553505536,39.0,43.0,20.0,0.9931591729718195,0.2564102564102563
2021-07-01,2021-09-30,Zip Code: 98101,Condo/Co-op,668995.0,677450.0,890.2777777777777,95.0,106.0,68.0,0.9882817212769868,0.1263157894736842
2015-08-01,2015-10-31,Zip Code: 98101,Condo/Co-op,739100.0,649250.0,743.523957266502,88.0,64.0,54.0,1.00146611789603,0.125
2022-04-01,2022-06-30,Zip Code: 98112,Condo/Co-op,672000.0,699000.0,782.4642454834524,26.0,28.0,9.0,1.0306604663845944,0.5769230769230768
2017-05-01,2017-07-31,Zip Code: 98118,Multi-Family (2-4 Unit),517500.0,542500.0,236.2637362637363,2.0,4.0,3.0,0.999719887955182,0.5
2014-09-01,2014-11-30,Zip Code: 98116,Townhouse,437000.0,469000.0,332.5958702064897,20.0,20.0,5.0,1.0037739765360558,0.1499999999999999
2014-11-01,2015-01-31,Zip Code: 98106,Townhouse,313750.0,349900.0,210.9287573110716,30.0,43.0,15.0,1.001872216528363,0.1666666666666666
2020-10-01,2020-12-31,Zip Code: 98136,All Residential,750000.0,699000.0,418.8273502445805,110.0,89.0,18.0,1.0077775078015705,0.3636363636363636
2022-02-01,2022-04-30,Zip Code: 98117,Single Family Residential,1136000.0,949980.0,649.3464052287582,122.0,165.0,22.0,1.1813132356149256,0.819672131147541
2019-05-01,2019-07-31,Zip Code: 98178,Single Family Residential,489000.0,475000.0,273.9130434782609,87.0,121.0,62.0,1.0109404476502988,0.425287356321839
2018-08-01,2018-10-31,Zip Code: 98112,Single Family Residential,1298000.0,1497450.0,525.9326737451738,54.0,66.0,38.0,1.0078244782484282,0.2592592592592592
2019-09-01,2019-11-30,Zip Code: 98125,All Residential,599900.0,639000.0,360.4651162790698,121.0,118.0,65.0,0.9935677239149528,0.256198347107438
2016-01-01,2016-03-31,Zip Code: 98116,Condo/Co-op,409500.0,450000.0,412.9993374227884,20.0,23.0,9.0,0.9989664280929,0.3499999999999999
2020-07-01,2020-09-30,Zip Code: 98125,All Residential,688000.0,650000.0,402.5157232704402,161.0,200.0,58.0,1.0365891596198122,0.5527950310559006
2014-04-01,2014-06-30,Zip Code: 98102,All Residential,415000.0,430000.0,379.7277681749658,102.0,123.0,51.0,1.0048982774977802,0.3725490196078431
2013-03-01,2013-05-31,Zip Code: 98105,Multi-Family (2-4 Unit),585000.0,612475.0,202.64227642276424,7.0,8.0,3.0,1.0033846410349645,0.5714285714285714
2019-12-01,2020-02-29,Zip Code: 98144,Townhouse,680000.0,698500.0,496.6442953020134,43.0,49.0,22.0,0.99865428216255,0.2325581395348837
2015-11-01,2016-01-31,Zip Code: 98112,Single Family Residential,1200000.0,1174500.0,386.34090909090907,35.0,30.0,18.0,1.0260517361882422,0.4857142857142857
2017-05-01,2017-07-31,Zip Code: 98116,Condo/Co-op,402500.0,419500.0,520.9157412965186,22.0,24.0,3.0,1.039209254142074,0.5454545454545454
2019-12-01,2020-02-29,Zip Code: 98119,Multi-Family (2-4 Unit),1122500.0,1335000.0,433.5402397260274,4.0,4.0,2.0,0.99020176472468,0.25
2019-06-01,2019-08-31,Zip Code: 98108,Townhouse,555000.0,483500.0,406.28219166082687,14.0,12.0,11.0,0.9886986694538048,0.2142857142857142
2023-08-01,2023-10-31,Zip Code: 98116,Single Family Residential,1087400.0,1050000.0,539.3731329458352,62.0,67.0,20.0,1.0295692450546243,0.4838709677419355
2016-10-01,2016-12-31,Zip Code: 98199,Townhouse,618000.0,628950.0,417.228125,9.0,15.0,3.0,1.0424902866924333,0.5555555555555555
2013-09-01,2013-11-30,Zip Code: 98133,Townhouse,269500.0,269900.0,207.66129032258064,13.0,15.0,6.0,0.9894615031909236,0.1538461538461538
2023-09-01,2023-11-30,Zip Code: 98109,All Residential,865000.0,892450.0,618.9555125725338,65.0,76.0,51.0,0.9906963034102952,0.2307692307692307
2014-09-01,2014-11-30,Zip Code: 98112,Multi-Family (2-4 Unit),840000.0,1122500.0,355.27890613666034,2.0,2.0,3.0,1.0404761904761906,0.5
2021-02-01,2021-04-30,Zip Code: 98144,Multi-Family (2-4 Unit),1208824.5,658000.0,406.7804188516875,2.0,1.0,1.0,0.9947972479277966,0.5
2021-02-01,2021-04-30,Zip Code: 98102,Single Family Residential,1310000.0,1500000.0,535.4938271604939,19.0,29.0,12.0,1.011488390232001,0.2105263157894736
2014-09-01,2014-11-30,Zip Code: 98194,Condo/Co-op,636000.0,,489.9193548387096,2.0,,,1.0207692307692309,0.5
2014-06-01,2014-08-31,Zip Code: 98107,Condo/Co-op,328000.0,349900.0,400.8018327605956,31.0,58.0,24.0,0.992299309462568,0.2258064516129032
2021-09-01,2021-11-30,Zip Code: 98106,All Residential,620000.0,625000.0,407.3033707865168,135.0,140.0,30.0,1.0222746348108782,0.4592592592592592
2013-05-01,2013-07-31,Zip Code: 98107,Single Family Residential,483750.0,488950.0,268.9655172413793,56.0,57.0,12.0,1.0140416592754993,0.4642857142857143
2021-11-01,2022-01-31,Zip Code: 98119,Multi-Family (2-4 Unit),1957495.0,,531.5534368881096,2.0,,,1.0612870967741936,0.5
2014-12-01,2015-02-28,Zip Code: 98118,Single Family Residential,365000.0,399975.0,219.48717948717947,103.0,110.0,58.0,0.9951925804080026,0.3203883495145631
2013-05-01,2013-07-31,Zip Code: 98116,Multi-Family (2-4 Unit),970000.0,663725.0,411.0169491525424,1.0,6.0,5.0,0.9463876286648129,0.0
2014-08-01,2014-10-31,Zip Code: 98133,All Residential,345000.0,339950.0,219.6319018404908,203.0,231.0,117.0,1.0001451679657378,0.3201970443349753
2022-10-01,2022-12-31,Zip Code: 98117,Condo/Co-op,398500.0,684500.0,356.43063888170127,4.0,5.0,1.0,0.9834440753045404,0.0
2018-11-01,2019-01-31,Zip Code: 98117,Multi-Family (2-4 Unit),872500.0,600000.0,393.0397727272728,2.0,1.0,1.0,0.9980392156862744,0.5
2016-04-01,2016-06-30,Zip Code: 98108,Townhouse,464975.0,462450.0,324.67093697811373,26.0,30.0,8.0,1.025733939385262,0.4615384615384615
2012-10-01,2012-12-31,Zip Code: 98178,Single Family Residential,199950.0,239900.0,119.04761904761904,69.0,71.0,75.0,0.9766871037588764,0.217391304347826
2018-09-01,2018-11-30,Zip Code: 98107,Multi-Family (2-4 Unit),1301400.0,1272500.0,494.7159688617715,2.0,4.0,2.0,1.04112,0.5
2020-02-01,2020-04-30,Zip Code: 98133,All Residential,569000.0,575000.0,384.2866823221525,148.0,197.0,68.0,1.0169008668414723,0.4662162162162162
2018-09-01,2018-11-30,Zip Code: 98178,Condo/Co-op,140000.0,151444.0,162.99019607843138,3.0,4.0,3.0,1.0112504575134766,0.6666666666666666
2018-05-01,2018-07-31,Zip Code: 98199,Multi-Family (2-4 Unit),970000.0,1322500.0,382.2154471544716,2.0,4.0,1.0,0.9928571428571428,0.0
2020-04-01,2020-06-30,Zip Code: 98178,All Residential,516019.0,537000.0,285.3655019412091,108.0,119.0,33.0,1.0059154032987907,0.4351851851851851
2022-07-01,2022-09-30,Zip Code: 98107,Townhouse,870000.0,870000.0,609.2847769028872,46.0,54.0,23.0,0.9933867548150392,0.217391304347826
2018-12-01,2019-02-28,Zip Code: 98133,Single Family Residential,593000.0,639250.0,354.72972972972974,75.0,60.0,38.0,0.9922231734248405,0.2266666666666666
2021-02-01,2021-04-30,Zip Code: 98144,Single Family Residential,905000.0,897475.0,507.6685934489402,54.0,58.0,12.0,1.0615887425782884,0.5925925925925924
2021-06-01,2021-08-31,Zip Code: 98125,Multi-Family (2-4 Unit),690000.0,699950.0,396.5517241379311,1.0,1.0,,0.9857846989070648,0.0
2017-05-01,2017-07-31,Zip Code: 98125,Townhouse,485000.0,475000.0,359.55056179775283,21.0,25.0,3.0,1.118720544406384,0.9047619047619048
2018-12-01,2019-02-28,Zip Code: 98133,Townhouse,609950.0,624500.0,359.7666714676652,16.0,21.0,10.0,0.9895391707730832,0.0
2012-03-01,2012-05-31,Zip Code: 98134,All Residential,2107500.0,,785.4119735135506,2.0,,3.0,0.9358064008208004,0.0
2013-06-01,2013-08-31,Zip Code: 98117,Townhouse,400000.0,384500.0,287.6106194690266,15.0,15.0,9.0,0.9981087164535672,0.3333333333333333
2012-07-01,2012-09-30,Zip Code: 98106,Condo/Co-op,52000.0,100000.0,83.60128617363344,3.0,1.0,3.0,1.0064501346164862,0.3333333333333333
2020-02-01,2020-04-30,Zip Code: 98122,Single Family Residential,1249150.0,965000.0,482.8575956680053,34.0,55.0,22.0,1.0073805737355754,0.3823529411764705
2012-02-01,2012-04-30,Zip Code: 98104,Condo/Co-op,184000.0,186000.0,260.98987395269944,18.0,21.0,17.0,0.9561370234167352,0.1111111111111111
2023-11-01,2024-01-31,Zip Code: 98116,All Residential,849000.0,899475.0,558.5768494219449,66.0,52.0,29.0,0.9953863033774047,0.2272727272727272
2020-03-01,2020-05-31,Zip Code: 98133,Condo/Co-op,296142.5,300000.0,375.29089315636304,34.0,43.0,16.0,0.9960832612418384,0.2941176470588235
2022-10-01,2022-12-31,Zip Code: 98122,Multi-Family (2-4 Unit),1260000.0,,458.1818181818182,1.0,,1.0,0.9509433962264152,0.0
2013-01-01,2013-03-31,Zip Code: 98112,Multi-Family (2-4 Unit),926000.0,899950.0,255.58929064311343,1.0,1.0,,1.0289460525584757,1.0
2012-08-01,2012-10-31,Zip Code: 98119,All Residential,478650.0,462475.0,280.7377049180328,86.0,106.0,66.0,0.9895109513614284,0.2790697674418604
2018-04-01,2018-06-30,Zip Code: 98112,Condo/Co-op,683000.0,529500.0,746.3414634146343,19.0,21.0,5.0,1.0674044726094056,0.6842105263157894
2023-04-01,2023-06-30,Zip Code: 98106,Single Family Residential,734000.0,687500.0,464.0720390720391,58.0,94.0,30.0,1.0313524618296748,0.5
2016-01-01,2016-03-31,Zip Code: 98119,Condo/Co-op,371750.0,354925.0,451.45637796200026,30.0,42.0,14.0,1.027715862422108,0.5999999999999999
2023-09-01,2023-11-30,Zip Code: 98122,All Residential,900000.0,827000.0,629.7058823529412,91.0,136.0,73.0,0.9994818453124312,0.2857142857142857
2016-05-01,2016-07-31,Zip Code: 98136,Townhouse,499505.0,487500.0,389.7,9.0,18.0,8.0,1.0736394690328788,1.0
2018-05-01,2018-07-31,Zip Code: 98119,Multi-Family (2-4 Unit),1185000.0,1033500.0,416.37532133676086,2.0,6.0,5.0,1.0383610642231331,0.5
2021-08-01,2021-10-31,Zip Code: 98178,Townhouse,290000.0,287475.0,251.9548218940052,2.0,4.0,4.0,1.0176331335445123,1.0
2019-07-01,2019-09-30,Zip Code: 98177,Condo/Co-op,395000.0,399950.0,301.0670731707317,15.0,7.0,5.0,0.9992545837012404,0.2
2013-04-01,2013-06-30,Zip Code: 98112,Condo/Co-op,400000.0,469000.0,421.875,19.0,37.0,15.0,0.9838745459246462,0.0526315789473684
2020-08-01,2020-10-31,Zip Code: 98144,Single Family Residential,832500.0,799450.0,437.2472074974557,84.0,106.0,29.0,1.0253391060373311,0.5
2014-11-01,2015-01-31,Zip Code: 98178,Condo/Co-op,50500.0,49000.0,45.04906333630687,1.0,1.0,1.0,1.030612244897959,1.0
2022-12-01,2023-02-28,Zip Code: 98102,Single Family Residential,2250000.0,1860000.0,737.7049180327868,5.0,10.0,11.0,0.9503291314112956,0.0
2017-03-01,2017-05-31,Zip Code: 98118,Condo/Co-op,264750.0,275000.0,381.72782874617735,12.0,13.0,1.0,1.0133791937031866,0.3333333333333333
2020-10-01,2020-12-31,Zip Code: 98136,Single Family Residential,850000.0,792449.5,393.9068100358424,77.0,50.0,8.0,1.0146273399292742,0.4415584415584415
2016-02-01,2016-04-30,Zip Code: 98119,Single Family Residential,1013250.0,949950.0,478.55392156862746,22.0,35.0,18.0,1.041502215825892,0.4090909090909091
2021-03-01,2021-05-31,Zip Code: 98112,Townhouse,865000.0,805500.0,668.7140018088347,34.0,40.0,6.0,1.0164779695951442,0.3529411764705882
2019-03-01,2019-05-31,Zip Code: 98136,Townhouse,598500.0,649975.0,436.11682317176513,20.0,28.0,8.0,0.9931573417305776,0.2
2023-11-01,2024-01-31,Zip Code: 98118,Condo/Co-op,415000.0,359900.0,348.2242152466368,2.0,1.0,6.0,1.0104836351885762,0.5
2015-05-01,2015-07-31,Zip Code: 98136,All Residential,525000.0,544500.0,296.2962962962963,117.0,122.0,33.0,1.0310099335517102,0.5299145299145299
2014-09-01,2014-11-30,Zip Code: 98113,Single Family Residential,395000.0,398000.0,195.5445544554456,1.0,1.0,,0.9924623115577887,0.0
2019-07-01,2019-09-30,Zip Code: 98115,Single Family Residential,830000.0,795000.0,428.57142857142856,157.0,165.0,85.0,1.0079974407989687,0.3439490445859872
2018-10-01,2018-12-31,Zip Code: 98133,Single Family Residential,588750.0,620000.0,340.7795076793604,100.0,67.0,41.0,0.9912486565115208,0.23
2014-06-01,2014-08-31,Zip Code: 98178,Multi-Family (2-4 Unit),210000.0,247500.0,150.0,1.0,2.0,2.0,0.9767441860465116,0.0
2018-04-01,2018-06-30,Zip Code: 98144,All Residential,758000.0,750000.0,492.948717948718,141.0,152.0,47.0,1.0304237900379851,0.4326241134751773
2020-04-01,2020-06-30,Zip Code: 98116,All Residential,849950.0,812500.0,454.6703296703297,91.0,178.0,76.0,0.9997341496208292,0.3186813186813186
2021-04-01,2021-06-30,Zip Code: 98133,Townhouse,600000.0,597500.0,459.7226844148641,59.0,74.0,19.0,1.0071495308803735,0.2711864406779661
2020-10-01,2020-12-31,Zip Code: 98105,Condo/Co-op,385000.0,366975.0,469.0265486725664,15.0,12.0,10.0,0.9702271031173592,0.0666666666666666
2014-11-01,2015-01-31,Zip Code: 98115,Townhouse,455950.0,492975.0,322.7167117705402,16.0,16.0,4.0,1.003393187496723,0.25
2013-04-01,2013-06-30,Zip Code: 98144,All Residential,360000.0,419950.0,263.66808840635906,141.0,190.0,91.0,1.0108684597390598,0.3404255319148936
2016-04-01,2016-06-30,Zip Code: 98116,Condo/Co-op,375000.0,362475.0,456.93622616699537,23.0,42.0,10.0,1.0317405284817127,0.5652173913043477
2014-03-01,2014-05-31,Zip Code: 98125,Townhouse,307000.0,322000.0,216.57039711191337,19.0,12.0,5.0,1.0237406860759566,0.4736842105263157
2018-04-01,2018-06-30,Zip Code: 98118,All Residential,662000.0,589000.0,387.32394366197184,167.0,209.0,87.0,1.0772059229389197,0.6227544910179641
2014-03-01,2014-05-31,Zip Code: 98107,Multi-Family (2-4 Unit),675000.0,600000.0,238.59649122807016,5.0,9.0,4.0,1.0045556395609818,0.4
2022-09-01,2022-11-30,Zip Code: 98116,Condo/Co-op,640000.0,659000.0,606.8376068376068,31.0,23.0,17.0,0.9892613234318478,0.1935483870967741
2020-02-01,2020-04-30,Zip Code: 98119,All Residential,937000.0,965000.0,545.4545454545455,87.0,109.0,52.0,1.0086560726520122,0.3563218390804597
2020-05-01,2020-07-31,Zip Code: 98105,All Residential,1100000.0,947475.0,487.3744267307272,90.0,134.0,47.0,0.9984321225810324,0.2777777777777777
2023-03-01,2023-05-31,Zip Code: 98122,All Residential,734975.0,772000.0,606.9023569023568,112.0,162.0,78.0,1.0048178063885256,0.2053571428571428
2012-02-01,2012-04-30,Zip Code: 98107,Condo/Co-op,236500.0,249475.0,308.9307411907655,27.0,40.0,30.0,0.986087555845891,0.2962962962962962
2014-07-01,2014-09-30,Zip Code: 98118,Multi-Family (2-4 Unit),300000.0,279500.0,131.70103092783506,3.0,3.0,6.0,1.0206066740901691,0.3333333333333333
2016-06-01,2016-08-31,Zip Code: 98136,Condo/Co-op,322000.0,343975.0,387.2932985204525,9.0,8.0,4.0,1.0200961559151442,0.6666666666666666
2012-07-01,2012-09-30,Zip Code: 98178,Condo/Co-op,64950.0,89000.0,73.02903653318003,2.0,1.0,,0.9749873673572512,0.0
2021-04-01,2021-06-30,Zip Code: 98112,All Residential,1325000.0,1274975.0,657.001414427157,191.0,190.0,43.0,1.0325331553624808,0.4293193717277487
2022-04-01,2022-06-30,Zip Code: 98144,Single Family Residential,1055000.0,967500.0,596.1538461538462,73.0,102.0,34.0,1.0965453705914263,0.6575342465753424
2015-10-01,2015-12-31,Zip Code: 98136,Condo/Co-op,294000.0,344475.0,333.60128617363347,13.0,6.0,1.0,1.0010014558298042,0.2307692307692307
2018-01-01,2018-03-31,Zip Code: 98112,Single Family Residential,1241500.0,1335000.0,540.8705080545229,44.0,86.0,26.0,1.0303988510265445,0.4772727272727272
2017-12-01,2018-02-28,Zip Code: 98115,All Residential,749950.0,749725.0,462.9629629629629,139.0,122.0,30.0,1.0643689027921728,0.5107913669064748
2014-08-01,2014-10-31,Zip Code: 98122,All Residential,493000.0,449975.0,347.5274725274725,137.0,150.0,66.0,1.001442968856243,0.3430656934306569
2017-07-01,2017-09-30,Zip Code: 98125,Multi-Family (2-4 Unit),765000.0,762000.0,296.51162790697674,1.0,2.0,,1.094420600858369,1.0
2013-11-01,2014-01-31,Zip Code: 98119,Multi-Family (2-4 Unit),606500.0,1060000.0,251.09747023809524,4.0,2.0,2.0,1.0099125023658349,0.25
2023-01-01,2023-03-31,Zip Code: 98102,Single Family Residential,1519000.0,1860000.0,634.4265993265993,7.0,14.0,9.0,1.00029192721818,0.2857142857142857
2019-09-01,2019-11-30,Zip Code: 98107,Townhouse,695000.0,725000.0,512.1293800539083,73.0,65.0,19.0,0.992969143639256,0.1780821917808219
2020-09-01,2020-11-30,Zip Code: 98108,Single Family Residential,680000.0,694500.0,361.5942028985508,69.0,64.0,24.0,1.0273668626229453,0.5652173913043477
2015-08-01,2015-10-31,Zip Code: 98115,Single Family Residential,633006.0,604975.0,332.30150119283286,174.0,156.0,32.0,1.047175978008872,0.603448275862069
2012-01-01,2012-03-31,Zip Code: 98102,Single Family Residential,780000.0,949950.0,277.6923076923077,13.0,19.0,11.0,0.9619736591688314,0.2307692307692307
2022-06-01,2022-08-31,Zip Code: 98108,Multi-Family (2-4 Unit),775000.0,625000.0,407.89473684210526,3.0,1.0,,1.0066666666666666,0.3333333333333333
2019-12-01,2020-02-29,Zip Code: 98115,Condo/Co-op,461500.0,457000.0,446.9056835347432,22.0,20.0,5.0,0.9866858537114556,0.1363636363636363
2020-07-01,2020-09-30,Zip Code: 98108,All Residential,639000.0,644250.0,381.6,81.0,138.0,63.0,1.0126413597690225,0.3950617283950617
2016-07-01,2016-09-30,Zip Code: 98121,Condo/Co-op,762300.0,569444.0,752.2639068564035,353.0,134.0,55.0,1.005369065963614,0.1501416430594901
2020-07-01,2020-09-30,Zip Code: 98106,Multi-Family (2-4 Unit),800000.0,850000.0,297.3977695167286,3.0,3.0,,0.987134751617096,0.3333333333333333
2021-06-01,2021-08-31,Zip Code: 98144,Single Family Residential,995000.0,962500.0,527.7660609993511,76.0,80.0,13.0,1.0736514700136834,0.6052631578947368
2014-11-01,2015-01-31,Zip Code: 98117,Townhouse,457000.0,480000.0,320.45454545454544,11.0,5.0,1.0,1.0040790980946834,0.2727272727272727
2013-07-01,2013-09-30,Zip Code: 98119,All Residential,552000.0,589500.0,319.73170263174745,107.0,141.0,93.0,1.0024337115006048,0.3271028037383177
2012-12-01,2013-02-28,Zip Code: 98133,Townhouse,254750.0,272225.0,195.53198729582576,16.0,18.0,11.0,0.9989674901575608,0.375
2022-08-01,2022-10-31,Zip Code: 98136,Townhouse,722500.0,755000.0,523.0288836846214,9.0,15.0,7.0,0.9927661704413496,0.2222222222222222
2012-03-01,2012-05-31,Zip Code: 98109,Multi-Family (2-4 Unit),842500.0,519999.0,263.45537119295653,2.0,3.0,3.0,0.9806052469247796,0.0
2015-03-01,2015-05-31,Zip Code: 98115,Multi-Family (2-4 Unit),596000.0,562000.0,294.55445544554453,7.0,8.0,1.0,0.989784448559626,0.0
2015-10-01,2015-12-31,Zip Code: 98144,Single Family Residential,633000.0,598900.0,325.7575757575757,79.0,47.0,13.0,1.012541310673629,0.3037974683544303
2022-06-01,2022-08-31,Zip Code: 98106,All Residential,695000.0,699950.0,447.22222222222223,127.0,137.0,54.0,1.0100098061007148,0.4566929133858267
2016-09-01,2016-11-30,Zip Code: 98117,Multi-Family (2-4 Unit),712500.0,675000.0,288.14935064935054,2.0,1.0,,1.0357525537538397,0.5
2012-09-01,2012-11-30,Zip Code: 98104,Condo/Co-op,228000.0,382497.5,288.60759493670884,21.0,16.0,13.0,0.9777000234530684,0.0952380952380952
2021-08-01,2021-10-31,Zip Code: 98178,All Residential,619961.5,625000.0,349.03055983564457,112.0,107.0,25.0,1.0393442303275466,0.5446428571428571
2021-09-01,2021-11-30,Zip Code: 98106,Single Family Residential,657000.0,649950.0,433.33333333333326,87.0,85.0,11.0,1.0320196002265762,0.5057471264367815
2023-02-01,2023-04-30,Zip Code: 98119,Townhouse,1020000.0,1072450.0,675.6695331695332,7.0,10.0,6.0,0.9947165005962028,0.1428571428571428
2022-08-01,2022-10-31,Zip Code: 98115,Multi-Family (2-4 Unit),1837500.0,1922500.0,467.2503849723777,2.0,2.0,,0.9570746675758608,0.0
2019-01-01,2019-03-31,Zip Code: 98107,Multi-Family (2-4 Unit),1100000.0,1172500.0,348.36065573770486,4.0,8.0,3.0,0.9938190954773868,0.25
2013-08-01,2013-10-31,Zip Code: 98177,Condo/Co-op,252000.0,160000.0,168.55965631115458,6.0,1.0,,0.9365079945101362,0.1666666666666666
2019-08-01,2019-10-31,Zip Code: 98118,Single Family Residential,629950.0,599950.0,358.1110625273284,103.0,109.0,60.0,0.998449475734534,0.29126213592233
2023-12-01,2024-02-29,Zip Code: 98136,Single Family Residential,1030000.0,1012000.0,537.0370370370371,27.0,28.0,9.0,1.0145806958010013,0.2962962962962962
2015-01-01,2015-03-31,Zip Code: 98119,Condo/Co-op,355000.0,349950.0,390.2439024390244,41.0,59.0,18.0,1.0066113322600747,0.3902439024390244
2019-12-01,2020-02-29,Zip Code: 98105,Condo/Co-op,453000.0,522500.0,507.5507614213199,11.0,10.0,8.0,0.9634444210187846,0.0
2022-02-01,2022-04-30,Zip Code: 98134,Condo/Co-op,377000.0,451500.0,416.0443910041388,2.0,2.0,1.0,1.0422374429223744,0.5
2012-11-01,2013-01-31,Zip Code: 98107,Multi-Family (2-4 Unit),480000.0,499950.0,176.41843971631204,2.0,5.0,3.0,1.0,0.0
2023-05-01,2023-07-31,Zip Code: 98107,Condo/Co-op,515000.0,485000.0,650.5588597210829,22.0,29.0,10.0,1.0238509320580649,0.3636363636363636
2023-08-01,2023-10-31,Zip Code: 98102,All Residential,887500.0,648950.0,654.5309645064729,62.0,101.0,62.0,0.9859013627291706,0.2258064516129032
2017-03-01,2017-05-31,Zip Code: 98102,All Residential,595000.0,545000.0,575.8739837398374,103.0,127.0,28.0,1.056820463238901,0.5436893203883495
2012-04-01,2012-06-30,Zip Code: 98102,All Residential,398000.0,381475.0,326.99787481454746,83.0,114.0,77.0,0.9867017032244176,0.216867469879518
2019-07-01,2019-09-30,Zip Code: 98112,Single Family Residential,1310000.0,1585000.0,509.0684253915911,69.0,83.0,50.0,0.9857172412954146,0.2608695652173913
2019-02-01,2019-04-30,Zip Code: 98101,Condo/Co-op,659500.0,689000.0,745.4227593218659,32.0,83.0,71.0,0.9793918176325552,0.125
2022-09-01,2022-11-30,Zip Code: 98199,Multi-Family (2-4 Unit),1050000.0,2200000.0,354.72972972972974,1.0,1.0,1.0,1.0,0.0
2019-09-01,2019-11-30,Zip Code: 98116,Condo/Co-op,495000.0,467000.0,558.8235294117648,33.0,24.0,9.0,0.9904532921588256,0.1515151515151515
2018-01-01,2018-03-31,Zip Code: 98102,Single Family Residential,1303000.0,1472500.0,484.2671447781264,16.0,24.0,7.0,1.0296131386018283,0.375
2014-08-01,2014-10-31,Zip Code: 98115,Townhouse,497000.0,457725.0,349.59349593495926,15.0,26.0,11.0,1.0065738991201367,0.5333333333333333
2016-02-01,2016-04-30,Zip Code: 98134,All Residential,315100.0,250000.0,274.0,1.0,3.0,,1.2604,1.0
2021-02-01,2021-04-30,Zip Code: 98178,Condo/Co-op,280000.0,548478.0,304.0173724212812,7.0,14.0,1.0,1.03146414481281,0.5714285714285714
2015-04-01,2015-06-30,Zip Code: 98112,Single Family Residential,1150000.0,1250000.0,401.7291792700141,82.0,88.0,29.0,1.038236363702839,0.4512195121951219
2013-02-01,2013-04-30,Zip Code: 98112,Multi-Family (2-4 Unit),926000.0,648500.0,255.58929064311343,1.0,2.0,2.0,1.0289460525584757,1.0
2020-04-01,2020-06-30,Zip Code: 98144,Townhouse,650000.0,655000.0,515.9613956941351,57.0,78.0,30.0,0.9939951535895843,0.1929824561403508
2021-01-01,2021-03-31,Zip Code: 98119,Condo/Co-op,444950.0,462500.0,546.218487394958,35.0,47.0,28.0,0.9862954536127306,0.1142857142857142
2015-07-01,2015-09-30,Zip Code: 98134,Condo/Co-op,325000.0,275000.0,270.83333333333326,1.0,1.0,,1.181818181818182,1.0
2014-02-01,2014-04-30,Zip Code: 98133,Townhouse,285000.0,309450.0,218.75,17.0,20.0,7.0,0.9971630628291736,0.2941176470588235
2018-03-01,2018-05-31,Zip Code: 98117,Multi-Family (2-4 Unit),1200000.0,1000000.0,,1.0,3.0,1.0,1.0,0.0
2015-04-01,2015-06-30,Zip Code: 98178,All Residential,280002.5,322425.0,173.94817450895547,92.0,110.0,55.0,1.0103267474966215,0.4456521739130434
2015-03-01,2015-05-31,Zip Code: 98105,All Residential,712500.0,750000.0,359.5890410958904,93.0,133.0,34.0,1.0461131666453154,0.5806451612903226
2016-10-01,2016-12-31,Zip Code: 98177,Townhouse,432000.0,469950.0,285.1485148514852,3.0,1.0,,1.0420618958438286,0.6666666666666666
2022-12-01,2023-02-28,Zip Code: 98117,Condo/Co-op,739900.0,600000.0,635.6529209621993,3.0,5.0,3.0,0.9857134751820624,0.3333333333333333
2020-04-01,2020-06-30,Zip Code: 98117,Townhouse,630000.0,654500.0,507.4507468264256,30.0,32.0,8.0,0.9994467823034748,0.2
2017-07-01,2017-09-30,Zip Code: 98112,Condo/Co-op,630000.0,549950.0,613.2075471698113,17.0,19.0,6.0,1.052007734134607,0.7058823529411765
2016-01-01,2016-03-31,Zip Code: 98199,All Residential,720000.0,686500.0,374.6268656716418,77.0,112.0,33.0,1.0266491272081244,0.4805194805194805
2018-01-01,2018-03-31,Zip Code: 98144,Multi-Family (2-4 Unit),966550.0,1088050.0,556.7375886524824,6.0,6.0,1.0,0.9950676064958056,0.1666666666666666
2015-01-01,2015-03-31,Zip Code: 98102,Single Family Residential,1032500.0,989500.0,381.94444444444446,10.0,14.0,7.0,1.0200447561535069,0.5
2012-05-01,2012-07-31,Zip Code: 98117,All Residential,427000.0,429950.0,244.00977995110023,133.0,157.0,63.0,1.0057067228945649,0.4135338345864661
2012-05-01,2012-07-31,Zip Code: 98118,Townhouse,224000.0,169100.0,147.22363728986247,16.0,5.0,4.0,1.0132598659125107,0.375
2019-09-01,2019-11-30,Zip Code: 98105,Multi-Family (2-4 Unit),858900.0,1549000.0,403.21601941747576,4.0,2.0,2.0,0.97109060170985,0.25
2014-12-01,2015-02-28,Zip Code: 98122,Townhouse,560000.0,572499.5,405.3097345132744,33.0,30.0,4.0,1.001598036179334,0.303030303030303
2014-09-01,2014-11-30,Zip Code: 98136,Condo/Co-op,214000.0,285000.0,288.1149509840717,6.0,6.0,4.0,0.9887029663455604,0.3333333333333333
2020-02-01,2020-04-30,Zip Code: 98108,Multi-Family (2-4 Unit),450000.0,,89.89212944466638,1.0,,,,0.0
2020-06-01,2020-08-31,Zip Code: 98117,Single Family Residential,920000.0,879900.0,467.39130434782606,167.0,175.0,28.0,1.043569032526122,0.5628742514970059
2014-03-01,2014-05-31,Zip Code: 98105,All Residential,584250.0,670000.0,328.57142857142856,84.0,110.0,37.0,1.0283294731864767,0.488095238095238
2015-02-01,2015-04-30,Zip Code: 98133,Townhouse,318500.0,325000.0,244.00158361875296,18.0,31.0,5.0,1.0085462120808233,0.4444444444444444
2017-01-01,2017-03-31,Zip Code: 98108,Townhouse,575500.0,572500.0,396.3087248322148,17.0,16.0,,1.0518236826699947,0.4705882352941176
2016-11-01,2017-01-31,Zip Code: 98133,All Residential,468000.0,458888.0,303.61050328227566,167.0,122.0,28.0,1.0228875955466998,0.4730538922155688
2013-07-01,2013-09-30,Zip Code: 98136,Condo/Co-op,256000.0,228000.0,256.92221390307395,8.0,16.0,9.0,0.99860226596351,0.25
2012-03-01,2012-05-31,Zip Code: 98109,Single Family Residential,718000.0,739000.0,292.472024415056,29.0,39.0,16.0,0.9897131237148588,0.3103448275862069
2018-04-01,2018-06-30,Zip Code: 98104,Condo/Co-op,756900.0,630000.0,836.3263461809305,38.0,29.0,15.0,1.0202179578045452,0.2894736842105263
2016-08-01,2016-10-31,Zip Code: 98107,All Residential,630001.0,599900.0,462.0462046204621,149.0,139.0,20.0,1.0297430558525211,0.5100671140939597
2014-06-01,2014-08-31,Zip Code: 98116,Multi-Family (2-4 Unit),1300000.0,1065000.0,293.6525864016264,1.0,1.0,2.0,0.9420289855072465,0.0
2014-02-01,2014-04-30,Zip Code: 98102,Single Family Residential,840000.0,890000.0,330.1490984743412,16.0,30.0,15.0,0.9901219317263332,0.375
2020-12-01,2021-02-28,Zip Code: 98178,Townhouse,554808.5,589900.0,307.7140876317249,6.0,5.0,1.0,1.0,0.0
2018-03-01,2018-05-31,Zip Code: 98108,All Residential,638000.0,596500.0,401.03382441436094,80.0,109.0,30.0,1.0773826987944657,0.6624999999999999
2021-05-01,2021-07-31,Zip Code: 98106,Multi-Family (2-4 Unit),962500.0,925000.0,313.0715641653575,4.0,6.0,3.0,0.9772729545456612,0.25
2022-11-01,2023-01-31,Zip Code: 98136,Condo/Co-op,477475.0,465000.0,447.1499308369344,6.0,3.0,1.0,0.9936078310009115,0.1666666666666666
2022-01-01,2022-03-31,Zip Code: 98125,Multi-Family (2-4 Unit),873000.0,872500.0,321.8326208204751,2.0,2.0,1.0,1.0276381909547738,0.5
2018-09-01,2018-11-30,Zip Code: 98144,All Residential,699950.0,704975.0,453.7987777253272,86.0,144.0,79.0,0.9844204918846144,0.1976744186046511
2019-05-01,2019-07-31,Zip Code: 98144,Single Family Residential,835000.0,871944.0,449.6855345911949,67.0,98.0,54.0,1.0114528229423752,0.3283582089552238
2016-03-01,2016-05-31,Zip Code: 98121,All Residential,543500.0,540000.0,632.1499886878942,104.0,173.0,56.0,1.0142165010128483,0.4134615384615384
2015-02-01,2015-04-30,Zip Code: 98117,Townhouse,449500.0,427000.0,322.16824417993206,16.0,20.0,1.0,1.0184561547834543,0.4375
2017-08-01,2017-10-31,Zip Code: 98122,All Residential,712500.0,727500.0,560.1816805450417,162.0,178.0,41.0,1.0600429341500333,0.5925925925925924
2016-06-01,2016-08-31,Zip Code: 98106,Single Family Residential,389500.0,399000.0,267.53095223746675,98.0,105.0,33.0,1.0482967478553626,0.6530612244897958
2012-08-01,2012-10-31,Zip Code: 98106,All Residential,210000.0,249950.0,129.67728758169935,80.0,95.0,70.0,0.9920199907728284,0.3375
2023-03-01,2023-05-31,Zip Code: 98178,Condo/Co-op,319000.0,893000.0,300.9433962264151,3.0,2.0,1.0,0.9727891156462584,0.0
2012-02-01,2012-04-30,Zip Code: 98101,All Residential,474500.0,573750.0,456.7517112632234,54.0,92.0,60.0,0.964294829417362,0.074074074074074
2018-11-01,2019-01-31,Zip Code: 98106,Condo/Co-op,273000.0,279925.0,269.2307692307692,7.0,2.0,1.0,0.9501248173624768,0.1428571428571428
2021-01-01,2021-03-31,Zip Code: 98136,Condo/Co-op,457500.0,410000.0,478.6482433590402,12.0,16.0,5.0,0.9941086854050848,0.3333333333333333
2013-12-01,2014-02-28,Zip Code: 98144,Single Family Residential,435328.5,425000.0,250.5538820652476,64.0,51.0,29.0,0.9943100810805882,0.34375
2018-03-01,2018-05-31,Zip Code: 98112,Single Family Residential,1475000.0,1550000.0,599.4550408719346,83.0,101.0,32.0,1.0497946035786243,0.5060240963855421
2014-05-01,2014-07-31,Zip Code: 98136,Townhouse,403500.0,398000.0,277.5144335270918,16.0,17.0,4.0,1.000225646606133,0.4375
2020-04-01,2020-06-30,Zip Code: 98144,Multi-Family (2-4 Unit),901000.0,925000.0,333.5940002135156,2.0,4.0,1.0,0.9747368421052632,0.0
2018-06-01,2018-08-31,Zip Code: 98175,Townhouse,577000.0,595000.0,417.8131788559015,1.0,1.0,,0.9697478991596638,0.0
2020-05-01,2020-07-31,Zip Code: 98144,Condo/Co-op,449000.0,425000.0,541.662761270972,8.0,19.0,9.0,0.992946181728061,0.375
2017-04-01,2017-06-30,Zip Code: 98102,All Residential,562000.0,600000.0,597.0942706204107,108.0,131.0,24.0,1.0600227576917336,0.5648148148148147
2021-07-01,2021-09-30,Zip Code: 98178,Multi-Family (2-4 Unit),655000.0,658000.0,352.1505376344086,1.0,1.0,,0.9954407294832824,0.0
2023-10-01,2023-12-31,Zip Code: 98117,Single Family Residential,1000000.0,1074000.0,491.3223140495868,69.0,45.0,11.0,1.0146840835238704,0.3913043478260869
2014-01-01,2014-03-31,Zip Code: 98177,All Residential,470000.0,500000.0,233.34409777424483,52.0,67.0,37.0,0.9915335536839704,0.3269230769230769
2019-02-01,2019-04-30,Zip Code: 98116,Multi-Family (2-4 Unit),736500.0,881250.0,288.8235294117647,1.0,2.0,1.0,1.0911111111111111,1.0
2020-06-01,2020-08-31,Zip Code: 98144,Single Family Residential,868750.0,825000.0,441.5184678522572,74.0,99.0,40.0,1.024589156065938,0.4189189189189189
2023-09-01,2023-11-30,Zip Code: 98112,Single Family Residential,1482000.0,1625000.0,663.078853046595,39.0,40.0,17.0,0.9817218335221772,0.2564102564102563
2018-01-01,2018-03-31,Zip Code: 98136,Townhouse,622000.0,624950.0,443.1379556826304,9.0,12.0,3.0,1.016913402884971,0.3333333333333333
2023-02-01,2023-04-30,Zip Code: 98134,Single Family Residential,862000.0,819950.0,598.6111111111111,1.0,1.0,,1.0512836148545643,1.0
2015-08-01,2015-10-31,Zip Code: 98144,Townhouse,455000.0,454950.0,343.99847094801225,51.0,38.0,6.0,1.0295626144437238,0.5098039215686274
2015-10-01,2015-12-31,Zip Code: 98107,Townhouse,609000.0,627475.0,423.732782369146,34.0,32.0,5.0,1.0226674383680243,0.4705882352941176
2021-01-01,2021-03-31,Zip Code: 98107,Townhouse,754500.0,787500.0,557.6342814664797,70.0,76.0,6.0,1.0154885150556825,0.3428571428571428
2019-06-01,2019-08-31,Zip Code: 98117,Multi-Family (2-4 Unit),1235000.0,1012500.0,347.88732394366195,1.0,2.0,2.0,0.988,0.0
2022-09-01,2022-11-30,Zip Code: 98119,Townhouse,1029250.0,1095000.0,674.1296296296297,4.0,9.0,6.0,0.9844042019103302,0.0
2021-07-01,2021-09-30,Zip Code: 98112,Multi-Family (2-4 Unit),1505000.0,1150000.0,660.2375856204962,2.0,5.0,,1.1138888888888887,0.5
2013-11-01,2014-01-31,Zip Code: 98106,Townhouse,248944.0,252500.0,183.36214708651164,12.0,23.0,24.0,0.989211412930566,0.4166666666666666
2018-12-01,2019-02-28,Zip Code: 98102,Single Family Residential,1220000.0,1200000.0,517.2413793103449,9.0,6.0,9.0,0.9542962849668086,0.0
2021-04-01,2021-06-30,Zip Code: 98102,Multi-Family (2-4 Unit),1300000.0,1787500.0,574.2971887550201,3.0,4.0,3.0,1.0474225008707767,0.6666666666666666
2013-10-01,2013-12-31,Zip Code: 98115,Townhouse,399950.0,399950.0,276.5151515151515,15.0,7.0,3.0,0.9872233237708726,0.2
2012-04-01,2012-06-30,Zip Code: 98103,All Residential,430000.0,439426.0,263.9052095573835,216.0,229.0,95.0,0.9992422932248124,0.3611111111111111
2015-11-01,2016-01-31,Zip Code: 98117,All Residential,630000.0,599950.0,322.37054215054104,114.0,85.0,23.0,1.033693731559422,0.4649122807017543
2020-04-01,2020-06-30,Zip Code: 98118,Townhouse,515000.0,579950.0,392.11764705882354,21.0,29.0,19.0,0.9838688808741416,0.1904761904761904
2015-07-01,2015-09-30,Zip Code: 98134,All Residential,325000.0,392500.0,270.83333333333326,1.0,2.0,,1.181818181818182,1.0
2015-01-01,2015-03-31,Zip Code: 98117,Single Family Residential,574975.0,549000.0,302.7936507936508,86.0,112.0,12.0,1.0347899923164994,0.5116279069767442
2013-11-01,2014-01-31,Zip Code: 98106,Multi-Family (2-4 Unit),295000.0,,107.66423357664232,1.0,,2.0,0.9834972495415902,0.0
2019-09-01,2019-11-30,Zip Code: 98119,Townhouse,1095000.0,935000.0,623.0614385614385,23.0,23.0,20.0,1.0025766388568802,0.4782608695652174
2020-10-01,2020-12-31,Zip Code: 98144,Townhouse,692475.0,679999.0,486.9505624350128,52.0,53.0,33.0,0.99105856288886,0.0769230769230769
2021-06-01,2021-08-31,Zip Code: 98117,Condo/Co-op,650000.0,690000.0,613.2075471698113,7.0,7.0,4.0,0.994223464791955,0.1428571428571428
2015-10-01,2015-12-31,Zip Code: 98107,Multi-Family (2-4 Unit),720825.0,809975.0,274.05285890580006,4.0,6.0,,1.014966654684311,0.5
2021-09-01,2021-11-30,Zip Code: 98125,All Residential,753750.0,729950.0,460.4166666666666,172.0,170.0,22.0,1.046260474882735,0.5116279069767442
2019-01-01,2019-03-31,Zip Code: 98118,Single Family Residential,580000.0,587475.0,364.72222222222223,79.0,116.0,61.0,1.0017719444109252,0.2531645569620253
2020-08-01,2020-10-31,Zip Code: 98133,Townhouse,610000.0,634249.5,387.15277777777777,53.0,60.0,26.0,1.0060158169627107,0.1886792452830188
2019-10-01,2019-12-31,Zip Code: 98102,Townhouse,925000.0,699000.0,632.0224719101124,21.0,25.0,10.0,1.0001260343937055,0.1904761904761904
2021-09-01,2021-11-30,Zip Code: 98105,All Residential,980000.0,990000.0,566.4739884393064,113.0,104.0,27.0,1.0374635167126414,0.504424778761062
2013-08-01,2013-10-31,Zip Code: 98112,Townhouse,534999.5,549999.0,371.2163820084576,14.0,13.0,4.0,0.9872621924140484,0.1428571428571428
2012-06-01,2012-08-31,Zip Code: 98102,Single Family Residential,681000.0,975000.0,242.16524216524212,15.0,18.0,14.0,1.0039163011524477,0.1333333333333333
2017-12-01,2018-02-28,Zip Code: 98119,Condo/Co-op,564000.0,550000.0,580.7856216416528,24.0,21.0,9.0,1.0522046207268436,0.5833333333333333
2015-11-01,2016-01-31,Zip Code: 98107,Townhouse,608000.0,667225.0,424.24242424242425,31.0,30.0,8.0,1.0245268409138482,0.4193548387096774
2023-07-01,2023-09-30,Zip Code: 98112,Townhouse,864000.0,899800.0,695.0925181013677,3.0,9.0,5.0,0.9921951602149272,0.0
2023-03-01,2023-05-31,Zip Code: 98102,All Residential,675000.0,680000.0,634.4086021505376,81.0,111.0,54.0,0.9948497590216838,0.2098765432098765
2018-06-01,2018-08-31,Zip Code: 98199,Multi-Family (2-4 Unit),992012.5,1325000.0,365.5947580645161,2.0,2.0,2.0,0.992480694980695,0.0
2014-03-01,2014-05-31,Zip Code: 98119,Multi-Family (2-4 Unit),581700.0,687000.0,286.36490083695054,2.0,4.0,3.0,1.0029713861018208,0.5
2023-06-01,2023-08-31,Zip Code: 98136,Single Family Residential,989950.0,999000.0,586.7052023121387,45.0,63.0,17.0,1.0401433792494714,0.4888888888888888
2021-03-01,2021-05-31,Zip Code: 98185,All Residential,459000.0,459000.0,628.7671232876712,1.0,1.0,,1.0,0.0
2017-12-01,2018-02-28,Zip Code: 98106,Single Family Residential,615000.0,550000.0,350.54183457006786,63.0,51.0,10.0,1.0464314852134016,0.6031746031746031
2023-09-01,2023-11-30,Zip Code: 98112,Condo/Co-op,735000.0,630000.0,796.5299684542586,9.0,11.0,9.0,0.995384942203784,0.1111111111111111
2016-03-01,2016-05-31,Zip Code: 98102,Townhouse,838990.0,799500.0,519.9116768140823,16.0,19.0,6.0,1.0283194893148484,0.375
2015-03-01,2015-05-31,Zip Code: 98108,All Residential,380000.0,399950.0,213.2958801498128,79.0,67.0,19.0,1.0100416630884592,0.3924050632911392
2017-04-01,2017-06-30,Zip Code: 98116,Condo/Co-op,396500.0,400000.0,501.3464845397618,14.0,21.0,2.0,1.094376429896299,0.8571428571428571
2021-12-01,2022-02-28,Zip Code: 98102,Multi-Family (2-4 Unit),1950000.0,1185000.0,532.994923857868,5.0,2.0,2.0,0.9703698081347738,0.0
2023-11-01,2024-01-31,Zip Code: 98119,All Residential,1100000.0,918000.0,562.7530364372469,39.0,51.0,32.0,0.994401247782392,0.1794871794871794
2016-04-01,2016-06-30,Zip Code: 98177,Multi-Family (2-4 Unit),475000.0,,281.06508875739644,1.0,,,0.9405940594059404,0.0
2019-04-01,2019-06-30,Zip Code: 98144,Condo/Co-op,394500.0,400000.0,503.1241527994733,18.0,18.0,8.0,0.9957832080362528,0.2777777777777777
2015-04-01,2015-06-30,Zip Code: 98118,Townhouse,327500.0,315000.0,248.2394366197183,18.0,13.0,1.0,1.0435095502095162,0.6666666666666666
2017-01-01,2017-03-31,Zip Code: 98144,Townhouse,609000.0,627500.0,419.2914606959388,32.0,56.0,18.0,1.0186215172109792,0.3125
2018-02-01,2018-04-30,Zip Code: 98134,All Residential,350000.0,420000.0,464.19098143236073,1.0,1.0,1.0,1.166861143523921,1.0
2012-05-01,2012-07-31,Zip Code: 98109,All Residential,423000.0,399000.0,305.4483300719779,114.0,105.0,66.0,0.9855248812414672,0.2543859649122807
2014-05-01,2014-07-31,Zip Code: 98102,Single Family Residential,950415.0,895000.0,444.69599157942446,18.0,17.0,12.0,0.9802997712663648,0.1666666666666666
2020-04-01,2020-06-30,Zip Code: 98102,Condo/Co-op,447000.0,447500.0,632.6534517896871,44.0,84.0,44.0,0.9939014176183124,0.1363636363636363
2016-01-01,2016-03-31,Zip Code: 98117,Condo/Co-op,415000.0,,490.566037735849,3.0,,,0.9865085753663848,0.3333333333333333
2021-04-01,2021-06-30,Zip Code: 98194,Condo/Co-op,1500000.0,,859.5988538681949,1.0,,1.0,0.970873786407767,0.0
2020-04-01,2020-06-30,Zip Code: 98178,Single Family Residential,530000.0,549999.0,286.3247863247863,93.0,109.0,27.0,1.0091860564550577,0.4731182795698925
2012-09-01,2012-11-30,Zip Code: 98102,Single Family Residential,771500.0,712475.0,305.64415259537213,20.0,28.0,12.0,0.9844981616841656,0.2999999999999999
2016-09-01,2016-11-30,Zip Code: 98105,Townhouse,675000.0,639000.0,437.125748502994,7.0,5.0,,1.0448201245594495,0.4285714285714285
2019-07-01,2019-09-30,Zip Code: 98133,Townhouse,566500.0,509000.0,369.1451990632319,10.0,22.0,19.0,0.9723533858447136,0.0
2018-08-01,2018-10-31,Zip Code: 98107,Condo/Co-op,514500.0,500000.0,654.0521918477045,30.0,41.0,22.0,0.9993381203652428,0.2333333333333333
2014-04-01,2014-06-30,Zip Code: 98122,Condo/Co-op,276800.0,275000.0,433.86638686280105,60.0,65.0,20.0,1.0052979350914035,0.3333333333333333
2012-02-01,2012-04-30,Zip Code: 98177,Condo/Co-op,95000.0,235000.0,88.04448563484708,2.0,3.0,5.0,0.9236111111111112,0.5
2015-10-01,2015-12-31,Zip Code: 98125,Condo/Co-op,208975.0,200000.0,225.83323131541897,26.0,20.0,3.0,1.0141152298654927,0.423076923076923
2022-12-01,2023-02-28,Zip Code: 98104,Condo/Co-op,448575.0,527425.0,620.6093801721285,12.0,26.0,29.0,0.9976177861721583,0.4166666666666666
2014-10-01,2014-12-31,Zip Code: 98136,Townhouse,370000.0,459000.0,303.47890451517395,11.0,13.0,3.0,0.991098240633378,0.2727272727272727
2021-04-01,2021-06-30,Zip Code: 98101,Condo/Co-op,659000.0,735000.0,860.215053763441,87.0,93.0,63.0,0.9890502519830818,0.2068965517241379
2020-08-01,2020-10-31,Zip Code: 98136,Single Family Residential,825750.0,825000.0,411.46702219791234,84.0,89.0,18.0,1.0117311873404713,0.4523809523809523
2012-09-01,2012-11-30,Zip Code: 98136,Single Family Residential,438250.0,435000.0,221.35416666666669,62.0,45.0,26.0,0.9880861506260904,0.2580645161290322
2021-08-01,2021-10-31,Zip Code: 98134,All Residential,418000.0,427000.0,363.4782608695653,4.0,5.0,1.0,0.993342422505386,0.25
2016-07-01,2016-09-30,Zip Code: 98199,Multi-Family (2-4 Unit),1130000.0,599950.0,290.29126213592235,5.0,3.0,1.0,1.0012653442828734,0.4
2018-06-01,2018-08-31,Zip Code: 98107,Townhouse,795000.0,790000.0,577.1812080536913,35.0,43.0,12.0,1.0297629798288177,0.4285714285714285
2020-05-01,2020-07-31,Zip Code: 98117,Multi-Family (2-4 Unit),795000.0,1050000.0,386.5521327014218,2.0,5.0,6.0,1.0078626878502814,0.5
2023-06-01,2023-08-31,Zip Code: 98108,All Residential,665000.0,679999.0,404.4117647058824,63.0,57.0,33.0,0.992641189733657,0.2698412698412698
2016-01-01,2016-03-31,Zip Code: 98112,Townhouse,782500.0,767450.0,537.2500933648699,6.0,16.0,5.0,1.0486054825178843,0.6666666666666666
2019-09-01,2019-11-30,Zip Code: 98106,Single Family Residential,553500.0,525000.0,346.15384615384613,83.0,69.0,32.0,0.9897194790624934,0.2289156626506024
2023-03-01,2023-05-31,Zip Code: 98144,All Residential,740000.0,749925.0,548.5786701711702,116.0,180.0,75.0,1.0046348487428003,0.3103448275862069
2019-03-01,2019-05-31,Zip Code: 98117,Multi-Family (2-4 Unit),610000.0,1465000.0,396.1038961038961,1.0,4.0,3.0,1.0166666666666666,1.0
2014-07-01,2014-09-30,Zip Code: 98126,Single Family Residential,406650.0,399975.0,242.84943335132212,109.0,119.0,63.0,1.004184549214434,0.3119266055045871
2020-05-01,2020-07-31,Zip Code: 98122,Single Family Residential,1150000.0,1085000.0,500.35087719298247,57.0,88.0,31.0,1.016579598599153,0.2982456140350877
2022-01-01,2022-03-31,Zip Code: 98107,Multi-Family (2-4 Unit),1387500.0,1350000.0,501.98986975397975,8.0,11.0,3.0,1.052943010291694,0.5
2018-09-01,2018-11-30,Zip Code: 98134,Condo/Co-op,400000.0,399950.0,311.284046692607,1.0,1.0,1.0,0.9523809523809524,0.0
2013-11-01,2014-01-31,Zip Code: 98108,Single Family Residential,330000.0,322450.0,187.8501400560224,45.0,40.0,26.0,0.9980906650373184,0.2666666666666666
2019-05-01,2019-07-31,Zip Code: 98117,Townhouse,659950.0,634990.0,462.42089937261295,26.0,33.0,18.0,0.9930167215289772,0.0769230769230769
2017-04-01,2017-06-30,Zip Code: 98118,All Residential,540000.0,550000.0,330.8641975308642,181.0,241.0,68.0,1.074566794783848,0.6077348066298341
2012-04-01,2012-06-30,Zip Code: 98108,Single Family Residential,264950.0,255000.0,156.12881355932203,51.0,63.0,54.0,0.9959559280204876,0.3333333333333333
2017-02-01,2017-04-30,Zip Code: 98118,Multi-Family (2-4 Unit),657500.0,,349.51417648932784,2.0,,,1.006575707714296,0.5
2014-01-01,2014-03-31,Zip Code: 98107,Condo/Co-op,269975.0,289000.0,356.87190950348844,26.0,61.0,24.0,0.9931451071952572,0.1923076923076923
2012-07-01,2012-09-30,Zip Code: 98136,Condo/Co-op,147000.0,321750.0,156.25,3.0,4.0,5.0,1.0011100272242657,0.3333333333333333
2022-08-01,2022-10-31,Zip Code: 98112,Townhouse,830000.0,925000.0,602.7596223674656,3.0,11.0,10.0,0.9793092703900615,0.0
2015-02-01,2015-04-30,Zip Code: 98112,Townhouse,592500.0,598975.0,464.51209646544174,10.0,14.0,5.0,1.0075351740730931,0.5
2019-05-01,2019-07-31,Zip Code: 98122,All Residential,788000.0,775000.0,551.5128303332057,151.0,187.0,89.0,1.002059198091286,0.271523178807947
2022-09-01,2022-11-30,Zip Code: 98102,All Residential,737500.0,685000.0,643.2107496463932,64.0,61.0,42.0,0.9737636301437816,0.09375
2012-01-01,2012-03-31,Zip Code: 98199,Condo/Co-op,149450.0,225000.0,205.1003500378181,12.0,17.0,21.0,0.9465513205512672,0.25
2015-05-01,2015-07-31,Zip Code: 98101,All Residential,583150.0,584950.0,577.2930648769575,75.0,119.0,56.0,1.0082534547064967,0.2666666666666666
2013-11-01,2014-01-31,Zip Code: 98108,All Residential,325000.0,310400.0,203.4515752155346,53.0,54.0,38.0,0.9971707438231732,0.2452830188679245
2016-10-01,2016-12-31,Zip Code: 98136,Townhouse,510000.0,521900.0,383.12693498452006,17.0,10.0,2.0,1.0058761962409648,0.4705882352941176
2013-01-01,2013-03-31,Zip Code: 98112,Condo/Co-op,375000.0,479500.0,412.2965641952984,15.0,15.0,9.0,0.968951829580186,0.0666666666666666
2021-06-01,2021-08-31,Zip Code: 98194,Condo/Co-op,1500000.0,,859.5988538681949,1.0,,,0.970873786407767,0.0
2020-07-01,2020-09-30,Zip Code: 98199,All Residential,925000.0,950000.0,500.6954102920723,169.0,197.0,65.0,1.013425726196303,0.408284023668639
2020-12-01,2021-02-28,Zip Code: 98102,Townhouse,888000.0,1010000.0,605.2076002814919,25.0,39.0,15.0,0.9844034545232504,0.12
2018-07-01,2018-09-30,Zip Code: 98108,Single Family Residential,537500.0,537489.5,352.2064777327936,61.0,88.0,51.0,1.0097111813053643,0.3770491803278688
2021-11-01,2022-01-31,Zip Code: 98178,Townhouse,290000.0,705000.0,251.9548218940052,3.0,3.0,2.0,0.9827147900155316,0.3333333333333333
2022-12-01,2023-02-28,Zip Code: 98119,All Residential,865000.0,885000.0,601.5801354401806,35.0,51.0,26.0,0.997992475097705,0.1714285714285714
2017-10-01,2017-12-31,Zip Code: 98112,Single Family Residential,1322500.0,1175000.0,503.7730724597808,64.0,35.0,17.0,1.0094066104760298,0.421875
2019-02-01,2019-04-30,Zip Code: 98108,Townhouse,592000.0,589000.0,439.269076524484,22.0,31.0,17.0,0.9914611757741874,0.0454545454545454
2018-04-01,2018-06-30,Zip Code: 98119,Single Family Residential,1230000.0,1195000.0,538.0028157683025,46.0,64.0,22.0,1.040664087735354,0.4782608695652174
2019-05-01,2019-07-31,Zip Code: 98118,All Residential,624990.0,610000.0,371.09375,151.0,212.0,118.0,0.9959054161982648,0.2980132450331126
2015-11-01,2016-01-31,Zip Code: 98108,Single Family Residential,400000.0,432000.0,219.33962264150944,41.0,38.0,22.0,0.9960218054568686,0.3658536585365853
2022-03-01,2022-05-31,Zip Code: 98136,Townhouse,778500.0,753500.0,552.4013388303986,12.0,16.0,1.0,1.0866517104134867,0.9166666666666666
2015-11-01,2016-01-31,Zip Code: 98106,Multi-Family (2-4 Unit),342500.0,355000.0,216.74037771934016,2.0,3.0,,0.9852941176470588,0.0
2012-06-01,2012-08-31,Zip Code: 98122,Single Family Residential,534750.0,524900.0,253.4483240223464,54.0,55.0,29.0,0.9986050562071292,0.3518518518518518
2016-03-01,2016-05-31,Zip Code: 98118,Single Family Residential,470000.0,450000.0,282.24852071005915,145.0,171.0,41.0,1.0608256041422903,0.5724137931034483
2019-02-01,2019-04-30,Zip Code: 98112,Single Family Residential,1180000.0,1250000.0,522.3880597014926,59.0,81.0,44.0,0.9949158246399636,0.3559322033898305
2012-03-01,2012-05-31,Zip Code: 98112,All Residential,634500.0,849000.0,311.10074626865674,110.0,129.0,100.0,0.9700104876338854,0.1909090909090909
2023-11-01,2024-01-31,Zip Code: 98118,Multi-Family (2-4 Unit),850000.0,1250000.0,274.1935483870968,1.0,1.0,2.0,0.9714285714285714,0.0
2018-05-01,2018-07-31,Zip Code: 98117,All Residential,815000.0,759000.0,458.27633378932967,195.0,233.0,61.0,1.0529404529685409,0.5282051282051282
2016-03-01,2016-05-31,Zip Code: 98122,All Residential,616975.0,577250.0,449.4949494949496,150.0,184.0,43.0,1.0524671566874877,0.56
2020-05-01,2020-07-31,Zip Code: 98178,All Residential,530000.0,549950.0,292.1348314606741,131.0,126.0,33.0,1.0132101379041092,0.465648854961832
2021-11-01,2022-01-31,Zip Code: 98116,Townhouse,827500.0,865000.0,526.5096253069067,24.0,15.0,1.0,1.007859538225983,0.3333333333333333
2012-07-01,2012-09-30,Zip Code: 98104,All Residential,189000.0,314950.0,290.0,15.0,21.0,17.0,0.9776311339182336,0.0666666666666666
2013-02-01,2013-04-30,Zip Code: 98126,Condo/Co-op,200000.0,160000.0,219.3251533742332,7.0,13.0,9.0,0.960926214045876,0.1428571428571428
2020-11-01,2021-01-31,Zip Code: 98117,Townhouse,699900.0,725000.0,481.7363684489148,23.0,26.0,9.0,0.9913166724108208,0.0869565217391304
2023-09-01,2023-11-30,Zip Code: 98122,Condo/Co-op,459975.0,450000.0,659.2853179007452,22.0,41.0,28.0,0.991678074542158,0.1363636363636363
2016-02-01,2016-04-30,Zip Code: 98107,Multi-Family (2-4 Unit),825000.0,900000.0,353.0434782608696,3.0,7.0,1.0,1.0629050279329608,0.6666666666666666
2017-11-01,2018-01-31,Zip Code: 98102,Townhouse,912500.0,899950.0,617.2092874610937,24.0,21.0,4.0,0.9921503093515304,0.125
2012-03-01,2012-05-31,Zip Code: 98118,Condo/Co-op,135000.0,147475.0,159.07132737733832,6.0,6.0,7.0,0.9515416017707508,0.1666666666666666
2020-12-01,2021-02-28,Zip Code: 98119,All Residential,920000.0,899000.0,561.9834710743802,109.0,110.0,50.0,0.9970400243530309,0.1926605504587156
2020-03-01,2020-05-31,Zip Code: 98119,Multi-Family (2-4 Unit),1320000.0,1400000.0,482.32323232323233,3.0,1.0,2.0,0.9159793160095578,0.0
2017-06-01,2017-08-31,Zip Code: 98108,Townhouse,535000.0,495000.0,374.8299319727891,9.0,15.0,3.0,1.0796735281222314,0.8888888888888888
2015-08-01,2015-10-31,Zip Code: 98105,All Residential,635817.5,789900.0,371.6665659282541,92.0,99.0,29.0,1.019354266534673,0.4565217391304347
2013-01-01,2013-03-31,Zip Code: 98178,Townhouse,120000.0,153200.0,120.0,1.0,3.0,3.0,1.1019283746556474,1.0
2021-05-01,2021-07-31,Zip Code: 98107,Condo/Co-op,470375.0,454999.5,593.7988650693569,54.0,42.0,11.0,0.9999526323053924,0.2777777777777777
2017-10-01,2017-12-31,Zip Code: 98144,All Residential,710000.0,710000.0,452.6666666666666,149.0,115.0,21.0,1.030966880007398,0.436241610738255
2013-05-01,2013-07-31,Zip Code: 98112,Townhouse,465000.0,427475.0,343.33884419310414,14.0,16.0,5.0,1.003865514458009,0.3571428571428571
2018-06-01,2018-08-31,Zip Code: 98177,Condo/Co-op,382000.0,409999.0,328.9302016311443,8.0,9.0,5.0,1.0025403151911552,0.25
2023-02-01,2023-04-30,Zip Code: 98136,All Residential,772500.0,821500.0,508.0881632496995,62.0,84.0,22.0,1.0207153836019995,0.4516129032258064
2020-02-01,2020-04-30,Zip Code: 98133,Multi-Family (2-4 Unit),884000.0,1150000.0,265.5913978494624,2.0,7.0,7.0,0.939161719733765,0.5
2019-01-01,2019-03-31,Zip Code: 98199,Townhouse,774000.0,745000.0,489.9135446685879,9.0,13.0,9.0,0.9853248383525288,0.0
2019-06-01,2019-08-31,Zip Code: 98109,Townhouse,815000.0,859900.0,627.2727272727273,13.0,13.0,8.0,0.982639876821338,0.0
2019-11-01,2020-01-31,Zip Code: 98117,Condo/Co-op,325000.0,399970.0,512.396694214876,5.0,4.0,3.0,0.9794962599133664,0.2
2012-06-01,2012-08-31,Zip Code: 98117,Condo/Co-op,500000.0,374750.0,441.35387157695936,6.0,6.0,5.0,0.9492724020333868,0.0
2014-01-01,2014-03-31,Zip Code: 98117,Multi-Family (2-4 Unit),480000.0,607500.0,213.95238095238096,3.0,4.0,,0.966229956328966,0.0
2018-03-01,2018-05-31,Zip Code: 98133,All Residential,583364.5,575000.0,388.71655518394647,150.0,213.0,55.0,1.0768166517487543,0.7199999999999999
2015-10-01,2015-12-31,Zip Code: 98104,All Residential,422000.0,596950.0,473.21428571428567,17.0,16.0,17.0,0.9716877171077456,0.1764705882352941
2023-03-01,2023-05-31,Zip Code: 98119,Condo/Co-op,479000.0,439950.0,598.1035740335521,27.0,43.0,15.0,0.9956984155461566,0.1851851851851851
2014-02-01,2014-04-30,Zip Code: 98199,Condo/Co-op,236500.0,289975.0,268.4118316268487,10.0,20.0,7.0,1.020177463724092,0.5999999999999999
2022-10-01,2022-12-31,Zip Code: 98133,All Residential,650500.0,699865.0,445.7370737073708,104.0,110.0,70.0,0.9895326466217144,0.25
2022-09-01,2022-11-30,Zip Code: 98106,Condo/Co-op,430000.0,375000.0,434.44057905958925,4.0,5.0,2.0,0.9716386554621848,0.0
2013-02-01,2013-04-30,Zip Code: 98102,Townhouse,590500.0,579000.0,354.88274029574853,12.0,25.0,14.0,0.9969900669035148,0.3333333333333333
2023-10-01,2023-12-31,Zip Code: 98136,All Residential,822142.5,987000.0,530.7968870213647,32.0,32.0,13.0,1.0125991398739094,0.40625
2022-02-01,2022-04-30,Zip Code: 98133,All Residential,805000.0,780000.0,504.9047893825736,203.0,277.0,67.0,1.1082400347125272,0.7044334975369458
2015-07-01,2015-09-30,Zip Code: 98118,Condo/Co-op,223000.0,226900.0,313.4568995582423,12.0,10.0,5.0,0.9879837386811362,0.3333333333333333
2016-09-01,2016-11-30,Zip Code: 98104,Condo/Co-op,381444.0,499000.0,464.0338790727833,20.0,23.0,20.0,0.994790669695446,0.3499999999999999
2023-07-01,2023-09-30,Zip Code: 98106,Single Family Residential,725000.0,699999.5,416.6666666666666,65.0,68.0,33.0,1.0018976255485363,0.4
2013-04-01,2013-06-30,Zip Code: 98125,All Residential,324500.0,349950.0,205.29589582606675,144.0,179.0,64.0,1.0139744174422356,0.4513888888888889
2017-05-01,2017-07-31,Zip Code: 98112,Townhouse,759000.0,840166.0,527.8561882102929,22.0,14.0,2.0,1.0284629077799992,0.3181818181818181
2022-02-01,2022-04-30,Zip Code: 98102,All Residential,747000.0,727550.0,682.5938566552901,115.0,143.0,36.0,1.0202456265862518,0.3478260869565217
2019-08-01,2019-10-31,Zip Code: 98107,Multi-Family (2-4 Unit),899975.0,1185000.0,388.2753759398496,6.0,5.0,5.0,0.9713668829866012,0.1666666666666666
2022-09-01,2022-11-30,Zip Code: 98105,Single Family Residential,1396500.0,1374000.0,601.2471315973262,44.0,42.0,17.0,0.981283692441547,0.2045454545454545
2020-05-01,2020-07-31,Zip Code: 98108,Multi-Family (2-4 Unit),739000.0,749500.0,208.16901408450704,1.0,2.0,1.0,1.0,0.0
2012-09-01,2012-11-30,Zip Code: 98108,All Residential,250000.0,294800.0,155.7537688442211,65.0,81.0,58.0,0.9939582615707004,0.2153846153846154
2015-09-01,2015-11-30,Zip Code: 98102,Single Family Residential,1134000.0,967475.0,447.7272727272728,15.0,14.0,9.0,1.0027134972207306,0.3333333333333333
2023-12-01,2024-02-29,Zip Code: 98117,Single Family Residential,1105000.0,1075000.0,554.1189508681197,45.0,55.0,19.0,1.0407630892418716,0.4888888888888888
2020-04-01,2020-06-30,Zip Code: 98125,Condo/Co-op,346000.0,325000.0,346.53465346534654,15.0,17.0,9.0,0.9887282103051996,0.1333333333333333
2018-08-01,2018-10-31,Zip Code: 98102,Single Family Residential,1525000.0,1510000.0,591.0726751883681,10.0,22.0,12.0,0.997521256173511,0.2999999999999999
2013-03-01,2013-05-31,Zip Code: 98105,Condo/Co-op,268750.0,289000.0,284.1823621118274,16.0,13.0,6.0,0.9903165302288868,0.125
2014-08-01,2014-10-31,Zip Code: 98108,Single Family Residential,350975.0,349725.0,199.31407531126632,66.0,76.0,40.0,1.0036773567340935,0.3636363636363636
2017-02-01,2017-04-30,Zip Code: 98102,Single Family Residential,1174500.0,1247500.0,467.4548071631176,16.0,16.0,5.0,1.0708237820716489,0.5625
2023-10-01,2023-12-31,Zip Code: 98105,Townhouse,900860.0,762000.0,631.4878892733564,5.0,2.0,,1.0048448074196583,0.8
2020-02-01,2020-04-30,Zip Code: 98115,Multi-Family (2-4 Unit),775000.0,1050000.0,469.6969696969697,1.0,2.0,1.0,1.0,0.0
2020-10-01,2020-12-31,Zip Code: 98117,Single Family Residential,875000.0,849450.0,464.47291788002326,159.0,114.0,10.0,1.0290153819496008,0.5157232704402515
2012-11-01,2013-01-31,Zip Code: 98112,Condo/Co-op,354650.0,295000.0,344.82758620689657,7.0,9.0,14.0,0.9861594115518936,0.2857142857142857
2012-03-01,2012-05-31,Zip Code: 98125,Single Family Residential,350000.0,357475.0,186.3636363636364,69.0,92.0,46.0,0.9873718769842867,0.3623188405797101
2021-05-01,2021-07-31,Zip Code: 98144,Condo/Co-op,411250.0,399950.0,545.2187551330758,26.0,32.0,7.0,1.0191358572908362,0.4615384615384615
2017-11-01,2018-01-31,Zip Code: 98122,Multi-Family (2-4 Unit),935000.0,1072475.0,405.9007325177466,4.0,2.0,1.0,1.0156369751733747,0.75
2014-07-01,2014-09-30,Zip Code: 98102,Townhouse,696925.0,684950.0,439.7098152385984,18.0,19.0,12.0,0.9815228998737529,0.0
2016-12-01,2017-02-28,Zip Code: 98106,Multi-Family (2-4 Unit),700000.0,700000.0,236.48648648648648,3.0,1.0,,0.9940297602812376,0.0
2018-11-01,2019-01-31,Zip Code: 98112,Single Family Residential,1383750.0,1325000.0,513.5536398467433,42.0,39.0,25.0,0.970595651689504,0.119047619047619
2017-08-01,2017-10-31,Zip Code: 98144,Single Family Residential,774975.0,709000.0,413.34540644607273,76.0,79.0,29.0,1.0366992194367368,0.4473684210526315
2013-02-01,2013-04-30,Zip Code: 98119,Townhouse,489950.0,550000.0,349.96428571428567,9.0,15.0,10.0,0.9638523629742471,0.1111111111111111
2023-06-01,2023-08-31,Zip Code: 98126,Multi-Family (2-4 Unit),1149000.0,,470.13093289689033,1.0,,,1.0942857142857143,1.0
2012-12-01,2013-02-28,Zip Code: 98178,Single Family Residential,219000.0,239900.0,122.67080745341616,63.0,77.0,60.0,0.9970603940512291,0.2857142857142857
2012-01-01,2012-03-31,Zip Code: 98106,Townhouse,190750.0,234650.0,130.45494560774696,10.0,20.0,17.0,0.9987798696868136,0.2
2019-05-01,2019-07-31,Zip Code: 98133,All Residential,557500.0,562000.0,360.8786610878661,201.0,264.0,115.0,1.0046875709108691,0.3333333333333333
2019-10-01,2019-12-31,Zip Code: 98117,Condo/Co-op,324000.0,449950.0,512.396694214876,5.0,1.0,1.0,0.9826310561516108,0.4
2021-02-01,2021-04-30,Zip Code: 98117,All Residential,885000.0,859000.0,533.2750582750583,192.0,252.0,36.0,1.084501789079404,0.625
2012-11-01,2013-01-31,Zip Code: 98106,Multi-Family (2-4 Unit),343000.0,378400.0,124.27536231884058,1.0,2.0,2.0,0.982808022922636,0.0
2012-05-01,2012-07-31,Zip Code: 98178,All Residential,199950.0,234700.0,117.5,77.0,94.0,90.0,0.9873926262039712,0.2987012987012986
2017-03-01,2017-05-31,Zip Code: 98199,Multi-Family (2-4 Unit),1000000.0,1275000.0,436.9565217391304,3.0,4.0,1.0,1.0477815699658704,0.3333333333333333
2022-01-01,2022-03-31,Zip Code: 98118,Single Family Residential,872500.0,809975.0,472.58481523521255,80.0,110.0,22.0,1.0904696122818778,0.6125
2020-03-01,2020-05-31,Zip Code: 98112,Condo/Co-op,597000.0,695000.0,762.4521072796935,17.0,23.0,10.0,1.0148428273431247,0.4705882352941176
2023-07-01,2023-09-30,Zip Code: 98122,All Residential,860000.0,807950.0,603.6789297658863,103.0,148.0,84.0,0.9976718434418632,0.2718446601941747
2013-06-01,2013-08-31,Zip Code: 98104,Condo/Co-op,290000.0,361500.0,315.5339805825243,19.0,22.0,21.0,0.9943976613055898,0.3157894736842105
2019-10-01,2019-12-31,Zip Code: 98144,Multi-Family (2-4 Unit),1050000.0,,385.5855855855856,3.0,,,0.9352800758619992,0.0
2021-11-01,2022-01-31,Zip Code: 98116,Multi-Family (2-4 Unit),1520000.0,865000.0,560.8856088560884,1.0,1.0,2.0,0.8941176470588235,0.0
2019-07-01,2019-09-30,Zip Code: 98177,Single Family Residential,847500.0,799500.0,356.4150866958354,82.0,75.0,43.0,1.0024482159304793,0.2926829268292682
2017-08-01,2017-10-31,Zip Code: 98107,All Residential,746650.0,765000.0,534.9856559976322,150.0,145.0,15.0,1.043869556277521,0.54
2017-05-01,2017-07-31,Zip Code: 98119,Multi-Family (2-4 Unit),1130000.0,997925.0,516.441074339168,4.0,4.0,1.0,1.125376125306794,0.75
2023-01-01,2023-03-31,Zip Code: 98105,Multi-Family (2-4 Unit),1510000.0,1295000.0,423.5527279153728,4.0,5.0,2.0,0.9725705329153604,0.0
2023-08-01,2023-10-31,Zip Code: 98105,Townhouse,900860.0,849475.0,600.5733333333334,3.0,8.0,3.0,0.9964079167866292,0.3333333333333333
2015-09-01,2015-11-30,Zip Code: 98178,Multi-Family (2-4 Unit),430000.0,449900.0,121.60633484162896,1.0,1.0,1.0,0.979498861047836,0.0
2019-09-01,2019-11-30,Zip Code: 98108,Single Family Residential,600000.0,622475.0,333.4582240539528,45.0,52.0,33.0,0.9842213251668908,0.2
2015-12-01,2016-02-29,Zip Code: 98122,Condo/Co-op,340000.0,304950.0,492.4953095684803,35.0,31.0,6.0,1.0185072853927282,0.4857142857142857
2022-08-01,2022-10-31,Zip Code: 98144,Townhouse,699900.0,689950.0,531.9082446808511,65.0,69.0,36.0,0.9936463474883764,0.2461538461538461
2023-01-01,2023-03-31,Zip Code: 98133,Single Family Residential,750000.0,740000.0,476.1904761904762,79.0,75.0,20.0,0.9983270526117582,0.3417721518987341
2021-03-01,2021-05-31,Zip Code: 98118,All Residential,719975.0,700000.0,428.0814093314093,188.0,251.0,71.0,1.0616380661724034,0.5478723404255319
2018-08-01,2018-10-31,Zip Code: 98107,Townhouse,790000.0,795000.0,568.1818181818181,31.0,59.0,29.0,1.0018194814436994,0.2903225806451613
2018-02-01,2018-04-30,Zip Code: 98115,All Residential,825309.0,750000.0,483.94574175824175,154.0,197.0,50.0,1.0979367311072048,0.6818181818181817
2014-03-01,2014-05-31,Zip Code: 98144,Multi-Family (2-4 Unit),682500.0,523500.0,297.90929084862137,2.0,4.0,4.0,0.9610219181907022,0.0
2021-03-01,2021-05-31,Zip Code: 98108,All Residential,630000.0,625000.0,400.24038461538464,110.0,141.0,31.0,1.0514728697075724,0.5818181818181817
2014-11-01,2015-01-31,Zip Code: 98117,All Residential,573750.0,575000.0,294.7867463184218,124.0,75.0,23.0,1.0077144148109325,0.3306451612903225
2023-03-01,2023-05-31,Zip Code: 98102,Multi-Family (2-4 Unit),1090000.0,1467500.0,473.9130434782609,1.0,6.0,6.0,0.9909090909090909,0.0
2019-05-01,2019-07-31,Zip Code: 98122,Multi-Family (2-4 Unit),1040000.0,969500.0,520.0,3.0,6.0,4.0,1.0630303030303032,0.3333333333333333
2022-07-01,2022-09-30,Zip Code: 98115,Townhouse,797000.0,799000.0,576.6970067049808,26.0,19.0,10.0,0.982802937439016,0.0769230769230769
2014-07-01,2014-09-30,Zip Code: 98108,All Residential,310800.0,332925.0,193.18181818181816,75.0,84.0,42.0,1.0047986566013192,0.3599999999999999
2014-10-01,2014-12-31,Zip Code: 98144,Townhouse,353500.0,389800.0,306.3709677419355,21.0,25.0,9.0,1.0097127725309212,0.3809523809523809
2021-07-01,2021-09-30,Zip Code: 98104,All Residential,605000.0,589950.0,898.565965583174,35.0,51.0,40.0,0.9880756215812264,0.1142857142857142
2012-01-01,2012-03-31,Zip Code: 98119,Townhouse,600000.0,416975.0,292.39766081871346,1.0,14.0,4.0,0.9244992295839752,0.0
2012-08-01,2012-10-31,Zip Code: 98136,Townhouse,342500.0,429000.0,213.56807511737088,4.0,7.0,7.0,0.995869997347057,0.25
2016-06-01,2016-08-31,Zip Code: 98118,All Residential,455000.0,449894.0,287.3310810810811,185.0,228.0,86.0,1.0459887472342435,0.518918918918919
2014-11-01,2015-01-31,Zip Code: 98116,Multi-Family (2-4 Unit),1005000.0,,492.6470588235293,1.0,,3.0,0.9436619718309858,0.0
2023-09-01,2023-11-30,Zip Code: 98102,Condo/Co-op,570000.0,532475.0,655.1724137931035,37.0,50.0,32.0,0.9794935253980916,0.1081081081081081
2018-03-01,2018-05-31,Zip Code: 98122,Townhouse,841500.0,787500.0,576.6930251419303,26.0,36.0,12.0,1.0662261380415727,0.7307692307692307
2017-07-01,2017-09-30,Zip Code: 98199,Condo/Co-op,420000.0,395000.0,452.8985507246377,19.0,22.0,7.0,1.0374292495270336,0.4210526315789473
2020-10-01,2020-12-31,Zip Code: 98105,All Residential,946750.0,892500.0,506.72419505436585,118.0,92.0,34.0,0.9974368270137082,0.2542372881355932
2022-03-01,2022-05-31,Zip Code: 98122,Condo/Co-op,485000.0,475000.0,652.7490122686629,68.0,85.0,24.0,1.0210853409251328,0.5147058823529411
2015-11-01,2016-01-31,Zip Code: 98112,Townhouse,843975.0,670000.0,524.4328645185128,8.0,3.0,1.0,0.994687423349047,0.375
2017-02-01,2017-04-30,Zip Code: 98133,Multi-Family (2-4 Unit),530000.0,419888.0,250.0,3.0,1.0,,1.030932346339324,1.0
2016-06-01,2016-08-31,Zip Code: 98136,All Residential,620000.0,575000.0,339.311157674175,100.0,107.0,24.0,1.040020892293231,0.57
2022-10-01,2022-12-31,Zip Code: 98104,Condo/Co-op,347475.0,624900.0,560.0242077464789,14.0,27.0,28.0,0.9729779465573918,0.1428571428571428
2015-09-01,2015-11-30,Zip Code: 98144,Townhouse,451300.0,474475.0,331.525187599075,38.0,32.0,9.0,1.0296761248203703,0.5263157894736841
2022-04-01,2022-06-30,Zip Code: 98102,All Residential,615000.0,599950.0,687.0786516853933,137.0,173.0,67.0,1.0215313537471316,0.4452554744525547
2016-02-01,2016-04-30,Zip Code: 98119,All Residential,720725.0,600000.0,464.4596796955378,74.0,109.0,43.0,1.0343161878388096,0.4729729729729729
2012-01-01,2012-03-31,Zip Code: 98144,Condo/Co-op,185750.0,244900.0,221.3318842752211,6.0,24.0,33.0,0.9946577583047292,0.1666666666666666
2014-02-01,2014-04-30,Zip Code: 98116,Condo/Co-op,354975.0,418000.0,391.7073970046866,22.0,31.0,20.0,0.9839302208309382,0.0909090909090909
2014-03-01,2014-05-31,Zip Code: 98199,All Residential,622500.0,652500.0,294.823340129986,104.0,158.0,58.0,1.0139047158115482,0.4423076923076922
2020-04-01,2020-06-30,Zip Code: 98107,Multi-Family (2-4 Unit),1080750.0,975000.0,458.40867992766727,5.0,5.0,3.0,0.9915,0.0
2021-09-01,2021-11-30,Zip Code: 98102,Townhouse,980000.0,925000.0,692.8838951310861,39.0,22.0,7.0,1.0073661816988453,0.2564102564102563
2017-07-01,2017-09-30,Zip Code: 98116,All Residential,695000.0,675000.0,413.16180108857,145.0,159.0,41.0,1.0290914352606375,0.5034482758620689
2014-03-01,2014-05-31,Zip Code: 98177,Townhouse,240000.0,245000.0,181.6805450416352,5.0,9.0,4.0,0.9824952491117904,0.0
2023-08-01,2023-10-31,Zip Code: 98112,Multi-Family (2-4 Unit),1795000.0,1349997.5,663.4054281630016,2.0,2.0,1.0,0.9084967320261436,0.0
2016-01-01,2016-03-31,Zip Code: 98118,Townhouse,385500.0,397000.0,217.137173171656,10.0,32.0,10.0,1.0351332759718948,0.5999999999999999
2018-07-01,2018-09-30,Zip Code: 98133,All Residential,570000.0,549925.0,375.2079619726678,168.0,264.0,139.0,1.0064167714594885,0.375
2012-04-01,2012-06-30,Zip Code: 98175,Townhouse,277000.0,269900.0,200.5792903692976,1.0,1.0,,1.026306039273805,1.0
2012-01-01,2012-03-31,Zip Code: 98116,Condo/Co-op,252250.0,235000.0,250.26505541283623,18.0,27.0,23.0,0.9628190960951196,0.0555555555555555
2019-05-01,2019-07-31,Zip Code: 98116,Single Family Residential,810000.0,829950.0,431.4220183486239,103.0,109.0,39.0,1.0077690143914235,0.4174757281553397
2023-01-01,2023-03-31,Zip Code: 98113,All Residential,925000.0,,471.9387755102041,1.0,,,0.925000925000925,0.0
2022-10-01,2022-12-31,Zip Code: 98117,Single Family Residential,950000.0,867475.0,545.9770114942529,105.0,68.0,18.0,0.9868051218945664,0.2857142857142857
2014-10-01,2014-12-31,Zip Code: 98112,Multi-Family (2-4 Unit),1005000.0,1122000.0,411.88524590163934,1.0,2.0,2.0,1.1166666666666667,1.0
2017-01-01,2017-03-31,Zip Code: 98102,Townhouse,839990.0,937475.0,569.0989159891599,15.0,18.0,5.0,0.9957517945941536,0.2
2020-07-01,2020-09-30,Zip Code: 98116,Multi-Family (2-4 Unit),1089750.0,1047500.0,560.2077627975564,2.0,8.0,9.0,0.9990003910142404,0.5
2019-09-01,2019-11-30,Zip Code: 98144,Townhouse,649975.0,625000.0,480.4057353699232,42.0,50.0,26.0,0.9937632123414528,0.0952380952380952
2016-05-01,2016-07-31,Zip Code: 98102,Multi-Family (2-4 Unit),1645000.0,2000000.0,466.2280701754386,2.0,3.0,1.0,1.0007329668499083,0.5
2022-08-01,2022-10-31,Zip Code: 98112,Single Family Residential,1715000.0,1688000.0,727.8481012658227,49.0,61.0,32.0,0.9754215528175488,0.1224489795918367
2020-11-01,2021-01-31,Zip Code: 98105,All Residential,893500.0,890000.0,505.757305292909,118.0,73.0,30.0,0.996161316386156,0.2542372881355932
2021-11-01,2022-01-31,Zip Code: 98136,All Residential,697475.0,795450.0,513.1027888875424,60.0,41.0,8.0,1.0293326445212432,0.5
2022-08-01,2022-10-31,Zip Code: 98117,Multi-Family (2-4 Unit),975000.0,1465000.0,581.9631002007102,2.0,2.0,3.0,0.962962962962963,0.0
2012-05-01,2012-07-31,Zip Code: 98133,Condo/Co-op,91750.0,122450.0,122.3551062158657,26.0,18.0,14.0,0.9742253811123692,0.2307692307692307
2017-05-01,2017-07-31,Zip Code: 98102,Multi-Family (2-4 Unit),1010000.0,1950000.0,346.9562144101118,2.0,3.0,2.0,1.113177724057986,1.0
2018-02-01,2018-04-30,Zip Code: 98107,Single Family Residential,890000.0,859500.0,494.5736434108527,29.0,48.0,9.0,1.0786023813699954,0.6551724137931034
2019-10-01,2019-12-31,Zip Code: 98108,Condo/Co-op,985000.0,502800.0,303.1702062172976,1.0,5.0,5.0,0.9850049250246252,0.0
2016-05-01,2016-07-31,Zip Code: 98107,Condo/Co-op,380000.0,369900.0,510.3244837758112,51.0,47.0,11.0,1.0378334856549634,0.5490196078431373
2022-11-01,2023-01-31,Zip Code: 98105,Condo/Co-op,420000.0,452500.0,521.7391304347825,19.0,8.0,6.0,0.9733633567629149,0.0526315789473684
2019-04-01,2019-06-30,Zip Code: 98105,Townhouse,762500.0,814950.0,525.8019686429877,6.0,19.0,8.0,0.9799129784845046,0.0
2018-01-01,2018-03-31,Zip Code: 98178,Single Family Residential,522500.0,459999.0,277.67593957258657,100.0,97.0,31.0,1.0282721577403269,0.44
2013-08-01,2013-10-31,Zip Code: 98178,Single Family Residential,250000.0,234950.0,147.50904186055493,94.0,89.0,82.0,0.9979906006179632,0.2978723404255319
2021-08-01,2021-10-31,Zip Code: 98144,All Residential,750000.0,749975.0,517.4825174825174,161.0,172.0,56.0,1.0289902742860024,0.4037267080745341
2014-08-01,2014-10-31,Zip Code: 98178,Condo/Co-op,53875.0,,79.0923231180584,2.0,,1.0,1.0,0.0
2020-04-01,2020-06-30,Zip Code: 98178,Condo/Co-op,229000.0,182500.0,222.33009708737865,5.0,8.0,2.0,0.9926555256064687,0.4
2023-01-01,2023-03-31,Zip Code: 98144,All Residential,699975.0,725000.0,533.6553668654393,68.0,134.0,77.0,0.995272293732618,0.2058823529411764
2019-02-01,2019-04-30,Zip Code: 98115,Condo/Co-op,410000.0,449000.0,434.68118195956447,25.0,45.0,22.0,0.9815692470147092,0.12
2023-01-01,2023-03-31,Zip Code: 98121,All Residential,572500.0,595000.0,806.9248288089998,70.0,110.0,62.0,0.9872279939970248,0.0857142857142857
2019-02-01,2019-04-30,Zip Code: 98178,Townhouse,525000.0,399000.0,262.8943415122684,1.0,3.0,6.0,1.0,0.0
2015-07-01,2015-09-30,Zip Code: 98104,Condo/Co-op,375000.0,429419.0,379.4266441821248,15.0,20.0,11.0,0.9889384479609492,0.3333333333333333
2015-07-01,2015-09-30,Zip Code: 98177,Single Family Residential,595000.0,600000.0,277.77777777777777,101.0,101.0,37.0,1.0226756982879903,0.504950495049505
2018-04-01,2018-06-30,Zip Code: 98177,All Residential,880000.0,797450.0,382.35294117647055,89.0,114.0,36.0,1.0494738776837935,0.5842696629213483
2016-06-01,2016-08-31,Zip Code: 98102,Multi-Family (2-4 Unit),1980000.0,2000000.0,576.4192139737992,3.0,3.0,1.0,1.0551086956521738,0.3333333333333333
2022-08-01,2022-10-31,Zip Code: 98146,Single Family Residential,680000.0,724950.0,381.76470588235287,63.0,81.0,35.0,1.00502435147058,0.365079365079365
2019-04-01,2019-06-30,Zip Code: 98116,Condo/Co-op,547500.0,557475.0,541.6677025582378,28.0,30.0,12.0,0.9863344479120596,0.2857142857142857
2012-10-01,2012-12-31,Zip Code: 98125,Condo/Co-op,157000.0,151975.0,134.2281879194631,25.0,12.0,9.0,0.9884513386278796,0.2
2022-10-01,2022-12-31,Zip Code: 98144,Condo/Co-op,490000.0,434444.0,573.5430157261793,13.0,10.0,7.0,0.987887059833034,0.3846153846153846
2013-09-01,2013-11-30,Zip Code: 98102,Condo/Co-op,325050.0,300000.0,358.7513381183094,54.0,63.0,27.0,0.9940998838748986,0.2222222222222222
2012-05-01,2012-07-31,Zip Code: 98106,Multi-Family (2-4 Unit),262000.0,350000.0,129.3827160493827,1.0,3.0,3.0,0.9597069597069596,0.0
2023-11-01,2024-01-31,Zip Code: 98106,All Residential,703500.0,697000.0,402.6748365196189,56.0,65.0,33.0,1.0091135508694826,0.3928571428571428
2015-12-01,2016-02-29,Zip Code: 98105,Condo/Co-op,362500.0,372500.0,472.3340477293791,8.0,8.0,3.0,1.0348620603118408,0.625
2018-03-01,2018-05-31,Zip Code: 98116,All Residential,799800.0,769990.0,519.6451204055767,131.0,173.0,41.0,1.0522765212942735,0.564885496183206
2021-10-01,2021-12-31,Zip Code: 98112,Single Family Residential,1800000.0,1800000.0,674.93615468807,55.0,35.0,7.0,1.0455985259549525,0.3818181818181818
2013-03-01,2013-05-31,Zip Code: 98117,Townhouse,399950.0,399950.0,266.27906976744185,13.0,15.0,7.0,1.0153073216333734,0.4615384615384615
2022-09-01,2022-11-30,Zip Code: 98178,All Residential,600000.0,634499.5,338.9189189189189,49.0,56.0,34.0,0.9921316555027804,0.1836734693877551
2016-01-01,2016-03-31,Zip Code: 98144,All Residential,527000.0,548000.0,356.3614805650067,86.0,117.0,38.0,1.0365487529695807,0.3953488372093023
2018-11-01,2019-01-31,Zip Code: 98175,Condo/Co-op,360000.0,364500.0,318.5840707964602,1.0,2.0,1.0,0.9756097560975608,0.0
2014-08-01,2014-10-31,Zip Code: 98194,All Residential,636000.0,622500.0,489.9193548387096,2.0,2.0,,1.0207692307692309,0.5
2022-08-01,2022-10-31,Zip Code: 98107,Multi-Family (2-4 Unit),775000.0,1067000.0,445.6018518518519,2.0,4.0,4.0,0.9470764946690576,0.0
2019-09-01,2019-11-30,Zip Code: 98178,All Residential,460000.0,479990.0,259.4594594594595,83.0,107.0,58.0,0.994013001687095,0.3373493975903614
2017-08-01,2017-10-31,Zip Code: 98107,Single Family Residential,847699.0,850000.0,463.5391129930912,50.0,48.0,4.0,1.0431155025525982,0.5
2017-04-01,2017-06-30,Zip Code: 98119,All Residential,743725.0,799475.0,522.5114831826937,142.0,134.0,30.0,1.0626405376222932,0.6197183098591548
2022-10-01,2022-12-31,Zip Code: 98178,Single Family Residential,619000.0,649000.0,340.8794079233783,41.0,37.0,19.0,0.9982224553846653,0.2682926829268292
2023-10-01,2023-12-31,Zip Code: 98122,All Residential,918500.0,877000.0,629.4144283070711,96.0,90.0,55.0,0.9992815184567446,0.2708333333333333
2016-11-01,2017-01-31,Zip Code: 98119,Townhouse,767500.0,899000.0,467.20959458970736,12.0,11.0,5.0,0.9860443131909528,0.0833333333333333
2015-11-01,2016-01-31,Zip Code: 98102,All Residential,483500.0,635000.0,500.0794472774694,74.0,55.0,22.0,1.0089526944664104,0.3378378378378378
2019-05-01,2019-07-31,Zip Code: 98133,Single Family Residential,600000.0,599950.0,356.9805194805195,156.0,193.0,70.0,1.007709881489394,0.3589743589743589
2023-04-01,2023-06-30,Zip Code: 98118,Townhouse,635000.0,659925.0,479.45205479452056,41.0,38.0,22.0,0.9944529395112516,0.2195121951219512
2012-03-01,2012-05-31,Zip Code: 98116,All Residential,438500.0,454975.0,247.6655901038506,92.0,136.0,88.0,0.9832344095250856,0.1847826086956521
2014-04-01,2014-06-30,Zip Code: 98112,Condo/Co-op,415000.0,399975.0,431.4329738058552,9.0,18.0,13.0,1.0051092003411113,0.4444444444444444
2017-07-01,2017-09-30,Zip Code: 98105,Condo/Co-op,554000.0,468000.0,564.8099947943779,20.0,19.0,4.0,1.0681617785356177,0.8
2018-11-01,2019-01-31,Zip Code: 98144,Townhouse,679000.0,656500.0,474.0356083086053,39.0,36.0,23.0,0.9926906827035988,0.1282051282051281
2023-01-01,2023-03-31,Zip Code: 98118,All Residential,707975.0,735000.0,452.55304341643625,80.0,125.0,66.0,1.0006117058004662,0.325
2021-06-01,2021-08-31,Zip Code: 98177,Condo/Co-op,623000.0,625000.0,388.0998452012384,4.0,3.0,1.0,1.0437341776524092,0.5
2013-01-01,2013-03-31,Zip Code: 98105,All Residential,442000.0,614000.0,277.3925104022192,63.0,87.0,32.0,0.9869579573937034,0.2698412698412698
2021-06-01,2021-08-31,Zip Code: 98108,Condo/Co-op,534040.0,426300.0,394.81839258114366,8.0,18.0,7.0,1.027829459846054,0.625
2016-08-01,2016-10-31,Zip Code: 98103,All Residential,617500.0,624950.0,394.8028673835125,254.0,231.0,47.0,1.0311005682030117,0.5433070866141732
2015-07-01,2015-09-30,Zip Code: 98178,Multi-Family (2-4 Unit),430000.0,449900.0,121.60633484162896,1.0,1.0,2.0,0.979498861047836,0.0
2020-09-01,2020-11-30,Zip Code: 98117,Condo/Co-op,654450.0,587450.0,653.9461924996627,8.0,8.0,2.0,0.9817177910011224,0.25
2015-10-01,2015-12-31,Zip Code: 98107,Condo/Co-op,362000.0,396900.0,457.1535412377907,34.0,31.0,2.0,1.0295300425188822,0.6470588235294118
2013-12-01,2014-02-28,Zip Code: 98118,All Residential,299600.0,325000.0,182.3308270676692,102.0,111.0,97.0,1.006455527125626,0.3137254901960784
2017-10-01,2017-12-31,Zip Code: 98106,Single Family Residential,526000.0,535000.0,348.765075717312,80.0,71.0,12.0,1.0223217071681867,0.5124999999999998
2019-07-01,2019-09-30,Zip Code: 98102,Single Family Residential,1405000.0,1299000.0,551.0370622237335,26.0,25.0,13.0,0.99389798915898,0.2307692307692307
2022-10-01,2022-12-31,Zip Code: 98178,Condo/Co-op,240000.0,294000.0,295.2029520295203,1.0,1.0,1.0,0.9638554216867468,0.0
2020-11-01,2021-01-31,Zip Code: 98119,Condo/Co-op,380000.0,425000.0,544.2092833626722,34.0,28.0,31.0,0.983716241558216,0.088235294117647
2013-06-01,2013-08-31,Zip Code: 98112,Condo/Co-op,425000.0,420000.0,431.46395919131993,28.0,28.0,11.0,0.991753583405175,0.1785714285714285
2023-03-01,2023-05-31,Zip Code: 98118,Townhouse,645900.0,649950.0,463.6363636363636,41.0,39.0,16.0,0.9920936891908988,0.2195121951219512
2018-05-01,2018-07-31,Zip Code: 98117,Multi-Family (2-4 Unit),1137500.0,1000000.0,417.3394135102112,2.0,5.0,2.0,1.0408261678688346,1.0
2013-02-01,2013-04-30,Zip Code: 98121,Condo/Co-op,390000.0,399000.0,419.7494319509802,54.0,91.0,47.0,0.9921395738543232,0.2222222222222222
2014-05-01,2014-07-31,Zip Code: 98102,All Residential,399950.0,404500.0,400.7936507936508,97.0,112.0,50.0,1.0041474801663024,0.3402061855670103
2014-07-01,2014-09-30,Zip Code: 98107,Single Family Residential,554800.0,550000.0,328.5775604658107,42.0,63.0,17.0,1.0377937784573976,0.5714285714285714
2016-11-01,2017-01-31,Zip Code: 98106,Townhouse,415900.0,424900.0,281.30841121495325,27.0,14.0,3.0,1.002743283102304,0.3703703703703703
2020-04-01,2020-06-30,Zip Code: 98133,Condo/Co-op,305000.0,295000.0,369.31818181818176,31.0,34.0,17.0,1.000374139182524,0.3548387096774193
2019-09-01,2019-11-30,Zip Code: 98122,Condo/Co-op,408000.0,500000.0,649.4350292975278,34.0,33.0,15.0,0.9923299210980736,0.2647058823529411
2019-12-01,2020-02-29,Zip Code: 98112,Townhouse,729000.0,819750.0,557.8619615983393,13.0,10.0,7.0,0.986824773222622,0.0
2013-05-01,2013-07-31,Zip Code: 98136,Multi-Family (2-4 Unit),399000.0,778500.0,241.8181818181818,1.0,2.0,1.0,1.0,0.0
2014-02-01,2014-04-30,Zip Code: 98105,Condo/Co-op,301500.0,260000.0,328.45130155016085,14.0,14.0,7.0,0.9913119379933965,0.2857142857142857
2018-01-01,2018-03-31,Zip Code: 98134,All Residential,350000.0,299950.0,464.19098143236073,1.0,1.0,,1.166861143523921,1.0
2012-01-01,2012-03-31,Zip Code: 98122,Single Family Residential,524375.0,610475.0,210.60606060606057,28.0,44.0,31.0,0.9785812383753438,0.2142857142857142
2017-12-01,2018-02-28,Zip Code: 98112,Single Family Residential,1350000.0,1200000.0,536.6666666666665,35.0,47.0,21.0,1.0112180856326314,0.4
2018-01-01,2018-03-31,Zip Code: 98133,Townhouse,624950.0,530000.0,398.8598810310641,24.0,17.0,3.0,1.0497792580361762,0.5416666666666666
2018-02-01,2018-04-30,Zip Code: 98126,All Residential,591500.0,599950.0,426.4150943396226,101.0,200.0,42.0,1.0714228268581014,0.7326732673267325
2014-10-01,2014-12-31,Zip Code: 98113,Single Family Residential,395000.0,398000.0,195.5445544554456,1.0,1.0,,0.9924623115577887,0.0
2020-12-01,2021-02-28,Zip Code: 98122,Single Family Residential,860000.0,837475.0,540.2472527472528,45.0,44.0,17.0,1.0053507368373462,0.3777777777777777
2017-09-01,2017-11-30,Zip Code: 98101,All Residential,675000.0,685000.0,738.9937106918238,47.0,59.0,29.0,1.0337800687075054,0.5319148936170212
2012-01-01,2012-03-31,Zip Code: 98136,Condo/Co-op,135000.0,189900.0,191.2037037037037,5.0,7.0,7.0,0.9845425010204676,0.2
2021-06-01,2021-08-31,Zip Code: 98109,Multi-Family (2-4 Unit),1417500.0,1275000.0,553.5385973579985,4.0,5.0,1.0,0.9513708427012656,0.25
2017-02-01,2017-04-30,Zip Code: 98122,Condo/Co-op,425000.0,389000.0,614.2241379310345,43.0,59.0,9.0,1.0803056198454164,0.7674418604651163
2012-08-01,2012-10-31,Zip Code: 98112,Townhouse,370000.0,387000.0,280.94420342251146,2.0,2.0,1.0,0.9401734741272878,0.0
2015-03-01,2015-05-31,Zip Code: 98102,Condo/Co-op,325000.0,369500.0,443.2656826568266,59.0,74.0,21.0,1.0205696209115007,0.5084745762711864
2017-07-01,2017-09-30,Zip Code: 98106,Condo/Co-op,272500.0,314000.0,407.89473684210526,2.0,4.0,1.0,0.99,0.0
2014-07-01,2014-09-30,Zip Code: 98106,Townhouse,259800.0,284400.0,201.29910350448247,19.0,28.0,20.0,0.9950234026050108,0.2105263157894736
2023-02-01,2023-04-30,Zip Code: 98199,Single Family Residential,1240000.0,1399999.0,614.7058823529412,39.0,62.0,25.0,1.0119294076681125,0.4102564102564102
2019-04-01,2019-06-30,Zip Code: 98112,Single Family Residential,1257500.0,1250000.0,536.4583333333334,75.0,95.0,44.0,1.0104923048104022,0.4266666666666666
2017-04-01,2017-06-30,Zip Code: 98136,Single Family Residential,764000.0,699950.0,357.7611367127496,90.0,95.0,26.0,1.053666206299426,0.5777777777777777
2023-08-01,2023-10-31,Zip Code: 98117,All Residential,880000.0,875000.0,571.0227272727273,133.0,153.0,71.0,1.0161053530886888,0.3609022556390977
2020-05-01,2020-07-31,Zip Code: 98119,Multi-Family (2-4 Unit),1137500.0,1400000.0,485.6060606060606,2.0,7.0,6.0,0.8975627240143369,0.0
2023-10-01,2023-12-31,Zip Code: 98175,All Residential,572500.0,549950.0,465.0079116045807,2.0,1.0,,0.9432231442527832,0.0
2015-03-01,2015-05-31,Zip Code: 98178,All Residential,267450.0,315000.0,163.28810975609755,86.0,99.0,55.0,1.0151231102490683,0.4302325581395348
2018-11-01,2019-01-31,Zip Code: 98118,Single Family Residential,582000.0,625000.0,316.31057842626365,70.0,67.0,54.0,0.974375354452554,0.2
2023-07-01,2023-09-30,Zip Code: 98116,All Residential,975000.0,975000.0,574.3375709753327,104.0,128.0,55.0,1.0150448093086444,0.4038461538461538
2016-04-01,2016-06-30,Zip Code: 98133,Multi-Family (2-4 Unit),547000.0,687500.0,213.2916735868904,2.0,4.0,,1.0,0.0
2021-02-01,2021-04-30,Zip Code: 98105,All Residential,1042500.0,950000.0,527.0310758082497,106.0,139.0,38.0,1.0492853349241236,0.5660377358490565
2012-10-01,2012-12-31,Zip Code: 98116,Condo/Co-op,299950.0,324900.0,277.3109243697479,25.0,7.0,18.0,0.9802480767874971,0.2399999999999999
2020-04-01,2020-06-30,Zip Code: 98116,Condo/Co-op,605000.0,634750.0,625.9780907668231,13.0,42.0,29.0,0.9828776710187636,0.0769230769230769
2017-11-01,2018-01-31,Zip Code: 98122,Townhouse,778950.0,799000.0,536.9127516778524,21.0,20.0,4.0,1.006303306088311,0.4285714285714285
2022-10-01,2022-12-31,Zip Code: 98178,All Residential,600000.0,649000.0,340.8794079233783,43.0,39.0,24.0,0.9974645602897212,0.2558139534883721
2018-07-01,2018-09-30,Zip Code: 98102,All Residential,675500.0,679000.0,641.5051483949121,94.0,113.0,67.0,0.9978233920847028,0.2659574468085106
2021-02-01,2021-04-30,Zip Code: 98122,Condo/Co-op,438000.0,435000.0,616.6077738515901,53.0,77.0,42.0,0.9923346524320013,0.1698113207547169
2015-03-01,2015-05-31,Zip Code: 98107,Multi-Family (2-4 Unit),616250.0,662475.0,320.7750922151039,8.0,12.0,4.0,1.029574956171189,0.625
2018-02-01,2018-04-30,Zip Code: 98199,All Residential,946500.0,974000.0,509.3225246091488,98.0,121.0,32.0,1.067988590797714,0.6632653061224489
2019-09-01,2019-11-30,Zip Code: 98116,Townhouse,697500.0,677475.0,475.3962238614063,16.0,26.0,19.0,0.9929983501677476,0.125
2016-02-01,2016-04-30,Zip Code: 98118,All Residential,430475.0,449475.0,253.8875534188034,134.0,200.0,64.0,1.0507120253240918,0.5970149253731342
2015-08-01,2015-10-31,Zip Code: 98113,Single Family Residential,567500.0,499975.0,411.29539733908666,2.0,2.0,,1.1500722302478057,0.5
2013-10-01,2013-12-31,Zip Code: 98112,Townhouse,555000.0,559000.0,378.9772727272728,13.0,3.0,2.0,0.9904556940153714,0.1538461538461538
2017-06-01,2017-08-31,Zip Code: 98119,Townhouse,855000.0,849425.0,487.5776397515528,13.0,12.0,5.0,1.0450259686386114,0.7692307692307692
2017-09-01,2017-11-30,Zip Code: 98119,All Residential,760800.0,867475.0,511.0799438990183,108.0,112.0,25.0,1.0516602931937415,0.5648148148148147
2017-03-01,2017-05-31,Zip Code: 98107,Condo/Co-op,450025.0,449000.0,603.3457464310579,28.0,33.0,4.0,1.0763623831373588,0.5714285714285714
2019-06-01,2019-08-31,Zip Code: 98122,Multi-Family (2-4 Unit),1040000.0,969500.0,520.0,3.0,4.0,2.0,1.0658111706610038,0.6666666666666666
2018-02-01,2018-04-30,Zip Code: 98136,Townhouse,646800.0,649999.0,442.9975492698866,12.0,21.0,6.0,1.0254252086421651,0.4166666666666666
2018-03-01,2018-05-31,Zip Code: 98116,Single Family Residential,909000.0,850000.0,468.3019434751462,60.0,94.0,26.0,1.0709243985423704,0.5999999999999999
2022-02-01,2022-04-30,Zip Code: 98178,All Residential,655500.0,672500.0,408.40345956054233,74.0,96.0,20.0,1.096364281456683,0.7162162162162162
2020-02-01,2020-04-30,Zip Code: 98112,Townhouse,829000.0,859950.0,584.6422338568937,9.0,15.0,7.0,0.9966223227607774,0.2222222222222222
2013-02-01,2013-04-30,Zip Code: 98117,All Residential,445000.0,425000.0,256.5216655382532,122.0,180.0,43.0,1.0208299564457817,0.540983606557377
2020-04-01,2020-06-30,Zip Code: 98112,Single Family Residential,1445000.0,1462500.0,585.5263157894736,59.0,86.0,31.0,1.0193411766231126,0.3389830508474576
2013-12-01,2014-02-28,Zip Code: 98122,All Residential,454500.0,414950.0,320.09983867219006,76.0,101.0,48.0,0.9855002730941244,0.3552631578947368
2014-06-01,2014-08-31,Zip Code: 98102,All Residential,399000.0,400000.0,383.6930455635492,105.0,93.0,42.0,0.9963782665370592,0.2476190476190476
2017-08-01,2017-10-31,Zip Code: 98125,Multi-Family (2-4 Unit),765000.0,860000.0,296.51162790697674,1.0,2.0,1.0,1.094420600858369,1.0
2015-02-01,2015-04-30,Zip Code: 98107,Single Family Residential,610000.0,649900.0,381.3725490196079,33.0,55.0,8.0,1.0355975886714357,0.5454545454545454
2018-07-01,2018-09-30,Zip Code: 98133,Multi-Family (2-4 Unit),715000.0,800000.0,311.14012184508266,3.0,5.0,2.0,0.9346257979479068,0.3333333333333333
2019-01-01,2019-03-31,Zip Code: 98117,Single Family Residential,857000.0,829990.0,421.7111781622092,84.0,129.0,41.0,1.0133533633656298,0.3809523809523809
2017-12-01,2018-02-28,Zip Code: 98117,Single Family Residential,777700.0,725000.0,417.8378271682918,74.0,67.0,10.0,1.0833328841687593,0.6486486486486486
2017-01-01,2017-03-31,Zip Code: 98199,Single Family Residential,985000.0,962250.0,438.1530165149984,51.0,86.0,32.0,1.039989804767936,0.588235294117647
2017-03-01,2017-05-31,Zip Code: 98108,Multi-Family (2-4 Unit),445000.0,919940.0,370.83333333333326,1.0,2.0,1.0,1.0470588235294118,1.0
2015-11-01,2016-01-31,Zip Code: 98194,All Residential,875000.0,,473.74120194910665,1.0,,,0.9722222222222222,0.0
2015-08-01,2015-10-31,Zip Code: 98144,Multi-Family (2-4 Unit),560700.0,724500.0,178.73817966903073,2.0,4.0,4.0,1.1532491652754593,0.5
2018-04-01,2018-06-30,Zip Code: 98119,Condo/Co-op,560500.0,454100.0,610.62636259685,42.0,47.0,14.0,1.0626399288854254,0.7619047619047618
2019-08-01,2019-10-31,Zip Code: 98117,Multi-Family (2-4 Unit),1209000.0,999975.0,417.0141784820684,3.0,6.0,4.0,0.9850666666666666,0.0
2023-02-01,2023-04-30,Zip Code: 98113,All Residential,925000.0,,471.9387755102041,1.0,,,0.925000925000925,0.0
2018-08-01,2018-10-31,Zip Code: 98102,Condo/Co-op,535000.0,537500.0,628.3662477558348,47.0,80.0,39.0,0.9889561132644556,0.1702127659574468
2015-12-01,2016-02-29,Zip Code: 98106,All Residential,333000.0,375000.0,233.51170568561872,76.0,77.0,24.0,1.01581439476494,0.5
2019-06-01,2019-08-31,Zip Code: 98136,Townhouse,597000.0,572000.0,423.7543771043771,26.0,26.0,10.0,0.9971819258876828,0.1923076923076923
2022-01-01,2022-03-31,Zip Code: 98125,All Residential,750000.0,750000.0,473.84,113.0,139.0,22.0,1.0819603336341015,0.5663716814159292
2023-07-01,2023-09-30,Zip Code: 98175,All Residential,475000.0,660000.0,471.23015873015873,1.0,1.0,,1.1202830188679245,1.0
2012-09-01,2012-11-30,Zip Code: 98116,All Residential,432000.0,475000.0,259.56284153005464,105.0,100.0,67.0,0.9819260981603756,0.2285714285714285
2015-06-01,2015-08-31,Zip Code: 98126,Townhouse,425000.0,411250.0,289.64421768707484,21.0,18.0,2.0,1.002409614541513,0.4761904761904761
2014-09-01,2014-11-30,Zip Code: 98116,All Residential,490000.0,534950.0,315.2542372881356,117.0,111.0,40.0,0.9985957946212952,0.2649572649572649
2016-10-01,2016-12-31,Zip Code: 98107,Condo/Co-op,384000.0,399000.0,497.8927203065135,41.0,17.0,1.0,1.0144044116145334,0.4390243902439024
2017-09-01,2017-11-30,Zip Code: 98144,Single Family Residential,775000.0,750000.0,411.8454255541095,72.0,79.0,24.0,1.0381949102104493,0.4166666666666666
2018-05-01,2018-07-31,Zip Code: 98108,Townhouse,717578.0,630000.0,451.3278118807456,22.0,43.0,12.0,1.0260538254555491,0.4090909090909091
2017-02-01,2017-04-30,Zip Code: 98102,Multi-Family (2-4 Unit),976000.0,899900.0,420.6896551724138,3.0,1.0,1.0,1.08719221631717,1.0
2019-11-01,2020-01-31,Zip Code: 98107,Townhouse,741100.0,739475.0,513.768006573762,52.0,30.0,9.0,0.9914724305181664,0.1923076923076923
2014-09-01,2014-11-30,Zip Code: 98133,Multi-Family (2-4 Unit),484250.0,550000.0,234.8325195378788,2.0,5.0,4.0,1.0193908652533892,0.5
2017-05-01,2017-07-31,Zip Code: 98178,All Residential,433775.0,430000.0,251.66607388965457,102.0,141.0,47.0,1.0693021554369893,0.676470588235294
2017-04-01,2017-06-30,Zip Code: 98117,Townhouse,670000.0,685000.0,469.1358024691358,17.0,23.0,1.0,1.040887587110367,0.588235294117647
2020-02-01,2020-04-30,Zip Code: 98125,Condo/Co-op,326000.0,324950.0,347.5177304964539,17.0,20.0,7.0,0.994808018985461,0.2352941176470588
2023-05-01,2023-07-31,Zip Code: 98112,Townhouse,905000.0,887000.0,686.2745098039215,13.0,4.0,1.0,0.990249626339361,0.1538461538461538
2018-04-01,2018-06-30,Zip Code: 98115,Townhouse,825000.0,779475.0,595.2380952380952,17.0,22.0,5.0,1.0542719476641194,0.5294117647058822
2016-05-01,2016-07-31,Zip Code: 98115,Townhouse,699900.0,535000.0,453.48837209302326,11.0,13.0,2.0,1.0558815100813452,0.5454545454545454
2022-12-01,2023-02-28,Zip Code: 98136,All Residential,790000.0,769944.0,516.8067226890756,43.0,34.0,6.0,1.0109581655047333,0.3023255813953488
2021-07-01,2021-09-30,Zip Code: 98194,All Residential,650000.0,,524.1935483870968,1.0,,,0.9629629629629628,0.0
2017-01-01,2017-03-31,Zip Code: 98119,All Residential,808725.0,789950.0,503.922751961376,72.0,121.0,36.0,1.0256581664310094,0.5138888888888888
2012-10-01,2012-12-31,Zip Code: 98119,Condo/Co-op,261500.0,293725.0,280.2192773730644,20.0,28.0,29.0,0.996770362712094,0.4
2016-09-01,2016-11-30,Zip Code: 98116,Townhouse,624990.0,665000.0,402.9615626969125,29.0,25.0,13.0,0.9981831452946583,0.1379310344827586
2015-07-01,2015-09-30,Zip Code: 98105,Condo/Co-op,313000.0,343500.0,366.07142857142856,17.0,18.0,2.0,1.0081851964513038,0.4705882352941176
2017-11-01,2018-01-31,Zip Code: 98175,Single Family Residential,610000.0,511950.0,420.6896551724138,1.0,2.0,,1.222444889779559,1.0
2016-11-01,2017-01-31,Zip Code: 98116,Multi-Family (2-4 Unit),815000.0,575000.0,294.3630443630444,2.0,2.0,3.0,1.0317156715671567,0.5
2016-12-01,2017-02-28,Zip Code: 98136,Multi-Family (2-4 Unit),900000.0,900000.0,542.1686746987951,1.0,1.0,,1.0,0.0
2023-11-01,2024-01-31,Zip Code: 98136,Single Family Residential,1150000.0,1052000.0,537.0036101083033,17.0,22.0,9.0,0.9971039278032612,0.2352941176470588
2013-10-01,2013-12-31,Zip Code: 98106,Single Family Residential,269074.0,279500.0,187.0967741935484,69.0,74.0,52.0,0.9902089825545992,0.3043478260869565
2017-03-01,2017-05-31,Zip Code: 98121,Condo/Co-op,575000.0,582500.0,718.9014539579968,97.0,110.0,20.0,1.047685736602727,0.6288659793814432
2014-09-01,2014-11-30,Zip Code: 98116,Condo/Co-op,350000.0,359950.0,368.1217734588521,26.0,17.0,6.0,0.9721175739312587,0.1153846153846153
2013-10-01,2013-12-31,Zip Code: 98106,Multi-Family (2-4 Unit),295000.0,,107.66423357664232,1.0,,3.0,0.9834972495415902,0.0
2021-07-01,2021-09-30,Zip Code: 98102,Single Family Residential,1630000.0,1662500.0,605.5665839536807,28.0,24.0,6.0,1.0059987999194446,0.2857142857142857
2018-06-01,2018-08-31,Zip Code: 98144,All Residential,730000.0,717500.0,483.6069554300869,126.0,142.0,60.0,1.016368764986338,0.3968253968253968
2016-07-01,2016-09-30,Zip Code: 98108,Townhouse,447700.0,399950.0,323.68824097298653,22.0,17.0,2.0,1.0214813181894635,0.6818181818181817
2017-09-01,2017-11-30,Zip Code: 98106,Townhouse,450000.0,499500.0,342.28187919463085,25.0,36.0,6.0,1.020412599625525,0.44
2017-03-01,2017-05-31,Zip Code: 98136,Townhouse,592950.0,510000.0,397.03947368421046,7.0,9.0,,1.0646425400373185,0.8571428571428571
2015-02-01,2015-04-30,Zip Code: 98116,Townhouse,529500.0,561475.0,364.2284153005464,25.0,24.0,7.0,1.0074267736551474,0.3599999999999999
2021-03-01,2021-05-31,Zip Code: 98112,Condo/Co-op,549000.0,607500.0,652.6601421467335,18.0,24.0,11.0,1.0075920495133894,0.2777777777777777
2015-11-01,2016-01-31,Zip Code: 98108,Multi-Family (2-4 Unit),172600.0,,273.968253968254,1.0,,1.0,0.9862857142857144,0.0
2015-01-01,2015-03-31,Zip Code: 98102,Multi-Family (2-4 Unit),800000.0,850000.0,261.437908496732,1.0,1.0,1.0,0.9696969696969696,0.0
2014-07-01,2014-09-30,Zip Code: 98136,All Residential,428000.0,467500.0,288.2856781376518,80.0,102.0,47.0,0.993394241121954,0.2999999999999999
2013-08-01,2013-10-31,Zip Code: 98106,All Residential,269074.0,269900.0,186.8131868131868,89.0,127.0,101.0,0.9993615744652242,0.348314606741573
2013-10-01,2013-12-31,Zip Code: 98106,All Residential,265000.0,279000.0,186.37747336377475,85.0,87.0,75.0,0.9914048214173284,0.2941176470588235
2012-09-01,2012-11-30,Zip Code: 98105,Condo/Co-op,240000.0,245000.0,313.54513477418504,16.0,13.0,14.0,1.0043916423928232,0.3125
2014-01-01,2014-03-31,Zip Code: 98121,Condo/Co-op,408500.0,504750.0,462.5950647614576,58.0,148.0,64.0,0.9943670243480236,0.2413793103448276
2017-03-01,2017-05-31,Zip Code: 98119,All Residential,719975.0,775000.0,524.3253476877104,126.0,147.0,29.0,1.0617510741840173,0.6428571428571429
2023-07-01,2023-09-30,Zip Code: 98134,All Residential,331500.0,459999.5,436.7588932806325,1.0,2.0,2.0,0.975,0.0
2023-04-01,2023-06-30,Zip Code: 98144,Townhouse,685000.0,692475.0,548.5786701711702,62.0,60.0,23.0,0.99364930595107,0.1451612903225806
2017-02-01,2017-04-30,Zip Code: 98117,Townhouse,679950.0,685000.0,463.15077755240026,21.0,15.0,3.0,1.031909699670298,0.3809523809523809
2023-05-01,2023-07-31,Zip Code: 98118,Single Family Residential,810000.0,789000.0,475.5434782608696,99.0,113.0,49.0,1.0323812818076863,0.4545454545454545
2014-03-01,2014-05-31,Zip Code: 98118,Multi-Family (2-4 Unit),480000.0,442000.0,137.14285714285714,1.0,6.0,5.0,0.9896907216494844,0.0
2016-04-01,2016-06-30,Zip Code: 98125,Townhouse,408250.0,389000.0,315.961941714598,20.0,29.0,2.0,1.0637657797641946,0.6999999999999998
2021-05-01,2021-07-31,Zip Code: 98106,All Residential,642000.0,600000.0,420.6349206349207,185.0,201.0,44.0,1.0455061516273745,0.5945945945945946
2023-08-01,2023-10-31,Zip Code: 98177,Single Family Residential,1211000.0,1139000.0,508.4745762711864,57.0,71.0,22.0,1.0210089851377613,0.4561403508771929
2014-09-01,2014-11-30,Zip Code: 98122,All Residential,502225.0,435000.0,355.5084745762712,138.0,141.0,52.0,0.9970330485890426,0.3115942028985507
2020-02-01,2020-04-30,Zip Code: 98144,Townhouse,695000.0,667450.0,511.400651465798,59.0,72.0,28.0,1.0019090545635807,0.2881355932203389
2022-10-01,2022-12-31,Zip Code: 98102,Single Family Residential,1715000.0,2395000.0,537.3831775700935,13.0,5.0,7.0,0.9315904866721526,0.0
2019-03-01,2019-05-31,Zip Code: 98116,All Residential,749000.0,750000.0,460.2272727272728,145.0,202.0,75.0,1.0059633844969622,0.4
2016-03-01,2016-05-31,Zip Code: 98178,Multi-Family (2-4 Unit),350000.0,525000.0,105.10510510510512,1.0,1.0,2.0,1.0001428775539365,1.0
2018-05-01,2018-07-31,Zip Code: 98126,Single Family Residential,681000.0,665000.0,391.48936170212767,123.0,145.0,50.0,1.0342709536880172,0.5365853658536585
2013-02-01,2013-04-30,Zip Code: 98106,Townhouse,228250.0,244900.0,172.0429368480634,14.0,21.0,14.0,1.0153578874758975,0.2857142857142857
2019-07-01,2019-09-30,Zip Code: 98116,Condo/Co-op,450000.0,532500.0,529.4582377501235,24.0,30.0,13.0,0.9943975562837724,0.1666666666666666
2013-04-01,2013-06-30,Zip Code: 98178,All Residential,250000.0,259925.0,139.71962616822427,117.0,140.0,96.0,1.0156351898672518,0.5128205128205127
2023-12-01,2024-02-29,Zip Code: 98136,Condo/Co-op,635000.0,724497.5,602.3529411764706,3.0,4.0,2.0,1.0301351135986478,0.6666666666666666
2022-02-01,2022-04-30,Zip Code: 98106,All Residential,702500.0,699000.0,486.4008065419514,134.0,166.0,24.0,1.0772371033062007,0.7238805970149254
2013-02-01,2013-04-30,Zip Code: 98105,Single Family Residential,675500.0,662000.0,289.8429951690821,52.0,94.0,23.0,1.0036834828522967,0.3653846153846153
2023-06-01,2023-08-31,Zip Code: 98108,Single Family Residential,680000.0,686950.0,385.4077253218884,49.0,46.0,21.0,0.994349471853478,0.346938775510204
2022-09-01,2022-11-30,Zip Code: 98122,Single Family Residential,1207000.0,1000000.0,578.7878787878788,57.0,65.0,28.0,0.9768623789713796,0.175438596491228
2015-10-01,2015-12-31,Zip Code: 98136,Townhouse,497500.0,525000.0,332.75132275132273,10.0,5.0,1.0,1.0110799033696083,0.5
2019-11-01,2020-01-31,Zip Code: 98108,All Residential,612000.0,579800.0,337.6111345006068,62.0,57.0,29.0,0.9737919926146816,0.1451612903225806
2012-04-01,2012-06-30,Zip Code: 98119,Townhouse,405500.0,502500.0,301.18552029791994,18.0,10.0,3.0,0.9825973908214038,0.2777777777777777
2021-01-01,2021-03-31,Zip Code: 98112,Condo/Co-op,599000.0,544000.0,721.951219512195,11.0,16.0,10.0,1.0101961699056403,0.3636363636363636
2021-08-01,2021-10-31,Zip Code: 98178,Single Family Residential,622500.0,625000.0,344.97413155949744,102.0,101.0,21.0,1.0429004588246362,0.5784313725490196
2013-06-01,2013-08-31,Zip Code: 98136,Single Family Residential,480000.0,460500.0,240.84577259475216,79.0,76.0,34.0,1.0074759586726647,0.4050632911392405
2018-01-01,2018-03-31,Zip Code: 98108,Townhouse,665000.0,699750.0,437.125748502994,17.0,24.0,4.0,1.0446863765475758,0.4705882352941176
2013-03-01,2013-05-31,Zip Code: 98108,Single Family Residential,275000.0,299980.0,174.89711934156378,59.0,77.0,29.0,1.001893370193384,0.3389830508474576
2019-02-01,2019-04-30,Zip Code: 98115,Townhouse,649475.0,711880.0,459.41236913026887,18.0,47.0,18.0,0.9894074281151728,0.0555555555555555
2012-09-01,2012-11-30,Zip Code: 98144,Townhouse,340000.0,339925.0,228.18791946308724,13.0,16.0,12.0,0.985054428089248,0.0769230769230769
2020-01-01,2020-03-31,Zip Code: 98117,Condo/Co-op,349990.0,424970.0,480.2027748132337,3.0,4.0,1.0,0.9976663332857076,0.0
2017-07-01,2017-09-30,Zip Code: 98105,Townhouse,844500.0,867475.0,573.7283963931369,14.0,12.0,5.0,0.9931522361373176,0.0714285714285714
2019-02-01,2019-04-30,Zip Code: 98102,Multi-Family (2-4 Unit),1332500.0,1600000.0,554.9937578027466,2.0,3.0,2.0,0.9111969111969112,0.0
2020-04-01,2020-06-30,Zip Code: 98133,Townhouse,545000.0,622500.0,394.356005788712,21.0,51.0,14.0,1.0010456100390883,0.2857142857142857
2016-02-01,2016-04-30,Zip Code: 98116,All Residential,629950.0,637000.0,376.8025833815308,110.0,140.0,45.0,1.0217163329108736,0.4272727272727272
2013-12-01,2014-02-28,Zip Code: 98108,Townhouse,354150.0,297000.0,222.2179610725771,6.0,16.0,8.0,1.0121388225125787,0.3333333333333333
2021-09-01,2021-11-30,Zip Code: 98101,Townhouse,1387500.0,1345000.0,685.7981571520262,2.0,4.0,1.0,1.0304659498207889,0.5
2014-11-01,2015-01-31,Zip Code: 98178,All Residential,264795.0,265245.0,167.92035700617788,76.0,68.0,55.0,0.993550877888813,0.3026315789473684
2017-03-01,2017-05-31,Zip Code: 98185,All Residential,260000.0,,317.0731707317073,1.0,,,0.9454545454545454,0.0
2016-09-01,2016-11-30,Zip Code: 98106,Condo/Co-op,238000.0,214950.0,249.6940024479804,7.0,9.0,1.0,1.0449596921075763,0.7142857142857143
2017-07-01,2017-09-30,Zip Code: 98119,Multi-Family (2-4 Unit),1852000.0,1095900.0,430.6976744186047,1.0,3.0,1.0,1.1224242424242423,1.0
2012-01-01,2012-03-31,Zip Code: 98112,All Residential,719000.0,757500.0,308.79864636209805,65.0,98.0,84.0,0.9621251105399072,0.1538461538461538
2017-08-01,2017-10-31,Zip Code: 98126,Single Family Residential,593000.0,625000.0,376.763085399449,92.0,100.0,15.0,1.0504807380694876,0.6630434782608695
2017-09-01,2017-11-30,Zip Code: 98119,Single Family Residential,1042500.0,1195000.0,481.5480722055863,48.0,51.0,15.0,1.034875825264583,0.4583333333333333
2018-04-01,2018-06-30,Zip Code: 98122,Condo/Co-op,575000.0,499000.0,705.9157033021737,44.0,58.0,12.0,1.0791292678545472,0.7045454545454545
2021-07-01,2021-09-30,Zip Code: 98106,All Residential,647242.5,622475.0,433.8608943000055,152.0,164.0,55.0,1.039380186846202,0.5394736842105263
2021-05-01,2021-07-31,Zip Code: 98136,Townhouse,615000.0,630000.0,496.9915757866422,30.0,25.0,6.0,1.0172878768369036,0.4
2012-01-01,2012-03-31,Zip Code: 98116,Single Family Residential,434350.0,522000.0,209.09873708381173,36.0,54.0,42.0,0.9741693175852554,0.1388888888888889
2018-01-01,2018-03-31,Zip Code: 98108,All Residential,645000.0,625000.0,364.79591836734687,77.0,90.0,26.0,1.0381907161058517,0.5194805194805194
2018-02-01,2018-04-30,Zip Code: 98107,Townhouse,858000.0,778000.0,583.3193927074317,34.0,47.0,5.0,1.0494512489267651,0.4705882352941176
2015-06-01,2015-08-31,Zip Code: 98133,Townhouse,322475.0,340000.0,226.2841182855479,28.0,25.0,5.0,1.008763383584242,0.3928571428571428
2021-12-01,2022-02-28,Zip Code: 98107,Condo/Co-op,472500.0,462500.0,609.7118728266269,34.0,30.0,8.0,1.004215700504978,0.2941176470588235
2020-01-01,2020-03-31,Zip Code: 98178,All Residential,480000.0,519880.5,287.4191616766467,71.0,104.0,51.0,1.0108748138921195,0.380281690140845
2012-04-01,2012-06-30,Zip Code: 98109,Single Family Residential,717000.0,749475.0,296.8142181016598,34.0,34.0,13.0,0.9841449259670058,0.2941176470588235
2016-04-01,2016-06-30,Zip Code: 98107,Condo/Co-op,397000.0,375000.0,513.9719626168225,59.0,49.0,8.0,1.0378224718412876,0.5423728813559322
2021-10-01,2021-12-31,Zip Code: 98134,Condo/Co-op,427500.0,392900.0,371.73913043478257,4.0,3.0,1.0,0.9973132293613944,0.25
2020-10-01,2020-12-31,Zip Code: 98115,Single Family Residential,940000.0,877500.0,431.4159292035398,149.0,116.0,15.0,1.024090640589869,0.4765100671140939
2012-07-01,2012-09-30,Zip Code: 98144,Multi-Family (2-4 Unit),387500.0,345000.0,133.95090256633318,4.0,3.0,4.0,0.9917784646894144,0.25
2013-12-01,2014-02-28,Zip Code: 98144,All Residential,386950.0,419900.0,259.14502164502164,101.0,73.0,51.0,0.9858370040455424,0.2574257425742574
2023-07-01,2023-09-30,Zip Code: 98136,All Residential,894975.0,899950.0,544.0893901420218,74.0,77.0,21.0,1.0262123949173152,0.4324324324324324
2012-08-01,2012-10-31,Zip Code: 98116,All Residential,409975.0,474950.0,251.79335931244327,108.0,113.0,73.0,0.9833351499323408,0.1851851851851851
2018-07-01,2018-09-30,Zip Code: 98119,Single Family Residential,1250000.0,1222000.0,554.0540540540541,35.0,42.0,35.0,1.0162838356146924,0.3714285714285714
2018-11-01,2019-01-31,Zip Code: 98108,Multi-Family (2-4 Unit),253000.0,601500.0,175.69444444444446,1.0,2.0,1.0,1.0,0.0
2021-10-01,2021-12-31,Zip Code: 98112,All Residential,1275000.0,1200000.0,674.93615468807,91.0,69.0,11.0,1.0359932932643543,0.3736263736263736
2018-01-01,2018-03-31,Zip Code: 98125,Townhouse,600000.0,559000.0,388.3955002960332,7.0,12.0,,1.130717027197795,1.0
2016-08-01,2016-10-31,Zip Code: 98122,Condo/Co-op,391000.0,389950.0,541.0821643286573,55.0,61.0,11.0,1.0348746888698277,0.4727272727272727
2021-08-01,2021-10-31,Zip Code: 98116,Condo/Co-op,567500.0,646250.0,541.7623421354765,28.0,40.0,17.0,0.9903515114085104,0.25
2023-10-01,2023-12-31,Zip Code: 98112,All Residential,1165000.0,1322500.0,672.8122060632371,46.0,30.0,16.0,0.9724497871259944,0.108695652173913
2018-07-01,2018-09-30,Zip Code: 98107,All Residential,750000.0,760000.0,569.7875970525691,102.0,155.0,61.0,1.018262209470706,0.3823529411764705
2020-01-01,2020-03-31,Zip Code: 98199,Condo/Co-op,395000.0,385000.0,457.516339869281,13.0,15.0,7.0,1.0080122146224697,0.3846153846153846
2017-03-01,2017-05-31,Zip Code: 98117,Townhouse,629406.0,679990.0,460.448448778352,16.0,19.0,2.0,1.036311264824065,0.5
2019-06-01,2019-08-31,Zip Code: 98115,Single Family Residential,830000.0,796000.0,439.6808510638298,167.0,176.0,66.0,1.013359926912268,0.3952095808383233
2021-06-01,2021-08-31,Zip Code: 98115,Multi-Family (2-4 Unit),793000.0,2490000.0,472.0238095238095,1.0,1.0,1.0,0.9329411764705882,0.0
2015-06-01,2015-08-31,Zip Code: 98119,Townhouse,672000.0,667000.0,438.25788352163846,14.0,13.0,3.0,1.0092704497974636,0.3571428571428571
2018-02-01,2018-04-30,Zip Code: 98112,Townhouse,890000.0,742500.0,618.705035971223,9.0,8.0,2.0,1.0855778411021193,0.5555555555555555
2021-12-01,2022-02-28,Zip Code: 98117,Multi-Family (2-4 Unit),900000.0,1605000.0,532.5443786982248,1.0,2.0,2.0,1.0123734533183353,1.0
2013-05-01,2013-07-31,Zip Code: 98102,All Residential,427325.0,399950.0,352.15265221781294,100.0,120.0,61.0,1.007013627960842,0.4
2020-10-01,2020-12-31,Zip Code: 98105,Single Family Residential,1200000.0,985000.0,505.6497175141242,81.0,57.0,12.0,1.0062789765461744,0.3086419753086419
2020-01-01,2020-03-31,Zip Code: 98106,Multi-Family (2-4 Unit),962500.0,714500.0,295.24539877300606,1.0,2.0,2.0,0.9871794871794872,0.0
2013-11-01,2014-01-31,Zip Code: 98116,Single Family Residential,499950.0,562500.0,257.3684210526316,61.0,36.0,20.0,0.9798490858350584,0.2622950819672131
2012-05-01,2012-07-31,Zip Code: 98119,All Residential,439500.0,500000.0,289.2707204767064,100.0,101.0,67.0,0.9915426286812596,0.27
2021-01-01,2021-03-31,Zip Code: 98199,Condo/Co-op,458000.0,350000.0,525.5681818181819,17.0,25.0,11.0,1.0005215393143718,0.2352941176470588
2020-05-01,2020-07-31,Zip Code: 98115,Townhouse,749880.0,722440.0,512.8083623693379,39.0,44.0,16.0,1.000654412364273,0.2051282051282051
2023-03-01,2023-05-31,Zip Code: 98134,Single Family Residential,862000.0,819950.0,598.6111111111111,1.0,1.0,,1.0512836148545643,1.0
2016-01-01,2016-03-31,Zip Code: 98118,Condo/Co-op,194750.0,211250.0,232.4445050063092,10.0,8.0,1.0,1.012763387839796,0.5999999999999999
2018-11-01,2019-01-31,Zip Code: 98117,Single Family Residential,838500.0,799725.0,423.1527093596059,79.0,70.0,32.0,0.9983438282015472,0.2911392405063291
2021-03-01,2021-05-31,Zip Code: 98115,Condo/Co-op,389500.0,382250.0,409.2261904761905,37.0,34.0,5.0,1.013034741432042,0.4324324324324324
2019-09-01,2019-11-30,Zip Code: 98106,All Residential,519538.5,529925.0,339.3181818181818,116.0,112.0,59.0,0.990805928787372,0.2241379310344827
2023-12-01,2024-02-29,Zip Code: 98125,Townhouse,851000.0,649747.5,576.9230769230769,3.0,8.0,4.0,1.0212721628435113,0.3333333333333333
2019-05-01,2019-07-31,Zip Code: 98108,Townhouse,590000.0,499000.0,399.43938332165374,21.0,21.0,12.0,0.999314966562758,0.2857142857142857
2022-08-01,2022-10-31,Zip Code: 98133,Townhouse,829975.0,627000.0,512.1042830540038,26.0,38.0,41.0,0.9864213401891008,0.0769230769230769
2022-07-01,2022-09-30,Zip Code: 98122,Multi-Family (2-4 Unit),997500.0,974975.0,413.8729669931554,6.0,4.0,2.0,0.9792248824810716,0.0
2014-04-01,2014-06-30,Zip Code: 98136,All Residential,440000.0,480000.0,259.54301075268813,80.0,116.0,50.0,1.0221188211036865,0.4874999999999999
2018-07-01,2018-09-30,Zip Code: 98116,Townhouse,763000.0,729999.0,466.16827743035816,17.0,37.0,15.0,0.9873079771861863,0.1176470588235294
2018-06-01,2018-08-31,Zip Code: 98144,Single Family Residential,861150.0,825000.0,441.71557068673167,62.0,79.0,33.0,1.0185311439163194,0.3870967741935483
2012-07-01,2012-09-30,Zip Code: 98177,Townhouse,295000.0,249900.0,185.15643706600687,4.0,3.0,1.0,0.9947768732853371,0.0
2012-09-01,2012-11-30,Zip Code: 98144,All Residential,357475.0,375000.0,216.153700870682,80.0,105.0,79.0,0.9986775972630048,0.375
2023-07-01,2023-09-30,Zip Code: 98115,Townhouse,819950.0,825000.0,618.7399030694669,23.0,18.0,9.0,1.0007747622503842,0.1739130434782608
2019-02-01,2019-04-30,Zip Code: 98177,All Residential,815000.0,899990.0,365.0485436893204,71.0,108.0,54.0,1.0053596160447569,0.380281690140845
2019-02-01,2019-04-30,Zip Code: 98122,Condo/Co-op,455000.0,457000.0,678.7204450625869,35.0,52.0,33.0,0.992368728365833,0.2285714285714285
2023-01-01,2023-03-31,Zip Code: 98119,Condo/Co-op,515000.0,479000.0,538.320197044335,17.0,29.0,15.0,0.991836144813198,0.1176470588235294
2014-04-01,2014-06-30,Zip Code: 98136,Townhouse,405000.0,389950.0,268.6861313868613,11.0,17.0,5.0,1.0030453523033924,0.4545454545454545
2023-12-01,2024-02-29,Zip Code: 98133,Condo/Co-op,337475.0,414975.0,443.4820013864131,14.0,34.0,17.0,0.9993976278053917,0.3571428571428571
2020-12-01,2021-02-28,Zip Code: 98118,Townhouse,562475.0,609950.0,400.1798318937495,50.0,45.0,18.0,0.997615369537282,0.16
2020-06-01,2020-08-31,Zip Code: 98119,Multi-Family (2-4 Unit),822500.0,1365000.0,445.82769574680873,2.0,7.0,6.0,1.0280547409579668,1.0
2017-01-01,2017-03-31,Zip Code: 98133,Townhouse,455000.0,458888.0,341.36546184738955,27.0,29.0,4.0,1.019030155553158,0.4444444444444444
2020-09-01,2020-11-30,Zip Code: 98177,Townhouse,560000.0,574975.0,381.48347698988886,6.0,10.0,2.0,1.0023554562068049,0.1666666666666666
2017-10-01,2017-12-31,Zip Code: 98133,Multi-Family (2-4 Unit),900000.0,745000.0,302.5064822817632,5.0,1.0,,0.9784920474476336,0.2
2013-10-01,2013-12-31,Zip Code: 98116,Multi-Family (2-4 Unit),1125000.0,549995.0,290.9162755053166,2.0,1.0,3.0,1.0267857142857144,0.5
2018-01-01,2018-03-31,Zip Code: 98119,Townhouse,899000.0,859000.0,593.4653421756907,8.0,14.0,3.0,1.0434180051098487,0.5
2014-08-01,2014-10-31,Zip Code: 98107,Single Family Residential,571000.0,571800.0,324.2157490396927,50.0,64.0,13.0,1.0313874022713048,0.56
2022-01-01,2022-03-31,Zip Code: 98116,Townhouse,920500.0,899950.0,542.5780161604904,20.0,27.0,5.0,1.0317411873370663,0.5999999999999999
2017-01-01,2017-03-31,Zip Code: 98102,Multi-Family (2-4 Unit),976000.0,899000.0,420.6896551724138,3.0,3.0,1.0,1.08719221631717,1.0
2021-12-01,2022-02-28,Zip Code: 98118,Condo/Co-op,419000.0,438000.0,523.308405120276,4.0,3.0,,1.0008481711610782,0.25
2013-04-01,2013-06-30,Zip Code: 98117,Townhouse,399950.0,397000.0,266.27906976744185,11.0,22.0,10.0,1.0151064072727498,0.6363636363636364
2022-09-01,2022-11-30,Zip Code: 98125,Condo/Co-op,382500.0,425000.0,403.7605435801312,14.0,14.0,9.0,0.9689392114258252,0.0714285714285714
2013-07-01,2013-09-30,Zip Code: 98177,Condo/Co-op,320000.0,260000.0,189.1741071428572,5.0,2.0,1.0,0.976603705176634,0.2
2020-10-01,2020-12-31,Zip Code: 98102,All Residential,815750.0,775000.0,603.2446073717558,102.0,104.0,66.0,0.9817607378327146,0.088235294117647
2016-11-01,2017-01-31,Zip Code: 98118,Multi-Family (2-4 Unit),500000.0,599000.0,187.9699248120301,3.0,3.0,,0.9599070699771928,0.0
2021-12-01,2022-02-28,Zip Code: 98136,Condo/Co-op,308500.0,467500.0,546.6237942122185,5.0,2.0,,0.993022656659586,0.4
2014-08-01,2014-10-31,Zip Code: 98178,Townhouse,288750.0,,212.3767184698147,2.0,,,1.0555905963302754,0.5
2017-05-01,2017-07-31,Zip Code: 98144,Single Family Residential,760000.0,735000.0,416.6666666666666,85.0,109.0,37.0,1.0717214477607488,0.6117647058823529
2015-07-01,2015-09-30,Zip Code: 98119,All Residential,617000.0,528000.0,400.763358778626,103.0,113.0,36.0,1.016652928588767,0.4271844660194174
2015-11-01,2016-01-31,Zip Code: 98105,Multi-Family (2-4 Unit),1020000.0,860000.0,288.46153846153845,3.0,1.0,,1.007226154364678,0.3333333333333333
2019-08-01,2019-10-31,Zip Code: 98178,All Residential,445000.0,485000.0,266.44212661161816,84.0,106.0,60.0,0.997124142393902,0.3452380952380952
2018-07-01,2018-09-30,Zip Code: 98116,Single Family Residential,847500.0,835000.0,421.416953693073,66.0,93.0,45.0,1.0107140481533528,0.3636363636363636
2023-02-01,2023-04-30,Zip Code: 98106,Multi-Family (2-4 Unit),710344.0,,406.75593220338976,2.0,,,0.9510683042971128,0.0
2019-01-01,2019-03-31,Zip Code: 98178,All Residential,501000.0,499000.0,264.216401525365,64.0,70.0,39.0,0.9845916697306628,0.21875
2012-05-01,2012-07-31,Zip Code: 98118,Multi-Family (2-4 Unit),330000.0,340000.0,94.0841584158416,5.0,5.0,7.0,1.023452129814397,0.4
2016-04-01,2016-06-30,Zip Code: 98199,All Residential,769000.0,767475.0,402.5766871165644,127.0,132.0,40.0,1.0418865706123388,0.5354330708661417
2014-12-01,2015-02-28,Zip Code: 98105,All Residential,589000.0,650000.0,327.77777777777777,55.0,37.0,22.0,0.9877055535414409,0.2727272727272727
2022-12-01,2023-02-28,Zip Code: 98133,Condo/Co-op,328750.0,329888.0,430.7295055302537,16.0,13.0,12.0,0.9962005181034822,0.3125
2013-06-01,2013-08-31,Zip Code: 98112,Single Family Residential,942500.0,887000.0,353.39176829268297,106.0,84.0,46.0,0.9955638738940868,0.2830188679245282
2022-02-01,2022-04-30,Zip Code: 98116,Multi-Family (2-4 Unit),895000.0,1017500.0,433.1683168316832,3.0,3.0,1.0,1.017470954649385,0.6666666666666666
2014-03-01,2014-05-31,Zip Code: 98144,Single Family Residential,452750.0,554475.0,243.48815026781128,70.0,102.0,42.0,1.0094518389985934,0.4285714285714285
2023-01-01,2023-03-31,Zip Code: 98104,All Residential,433000.0,459975.0,674.7443762781186,21.0,36.0,34.0,0.9814733254996372,0.238095238095238
2022-11-01,2023-01-31,Zip Code: 98104,All Residential,366100.0,605900.0,526.9024276377218,10.0,23.0,32.0,0.9634645085166482,0.2999999999999999
2017-07-01,2017-09-30,Zip Code: 98134,Condo/Co-op,380000.0,332500.0,339.1304347826087,5.0,4.0,1.0,0.9822158704975996,0.4
2014-09-01,2014-11-30,Zip Code: 98106,Condo/Co-op,173612.5,179950.0,175.11242095203238,2.0,3.0,2.0,0.9944172873323546,0.5
2015-06-01,2015-08-31,Zip Code: 98118,Townhouse,289500.0,349000.0,238.76404494382024,11.0,15.0,5.0,1.0456309245594997,0.5454545454545454
2020-07-01,2020-09-30,Zip Code: 98178,Single Family Residential,605000.0,530000.0,303.7974683544304,105.0,107.0,33.0,1.0204251581763766,0.5333333333333333
2013-10-01,2013-12-31,Zip Code: 98194,Townhouse,715000.0,,409.74212034383953,1.0,,,0.8959899749373433,0.0
2014-09-01,2014-11-30,Zip Code: 98117,Single Family Residential,565000.0,549950.0,280.4232804232804,143.0,129.0,33.0,1.0098330591293354,0.3986013986013985
2015-12-01,2016-02-29,Zip Code: 98115,All Residential,631250.0,629000.0,336.930126899577,120.0,121.0,33.0,1.0321909349421348,0.5083333333333333
2015-02-01,2015-04-30,Zip Code: 98102,Townhouse,705000.0,679000.0,448.2126173745188,8.0,5.0,3.0,1.05498093220608,0.625
2015-03-01,2015-05-31,Zip Code: 98112,All Residential,930000.0,880000.0,412.378434611848,94.0,147.0,47.0,1.037689397643538,0.4893617021276595
2023-04-01,2023-06-30,Zip Code: 98144,Single Family Residential,1080500.0,899450.0,551.1655515888156,60.0,70.0,32.0,1.0268221626446314,0.5666666666666667
2021-02-01,2021-04-30,Zip Code: 98122,All Residential,775000.0,779950.0,591.0165484633569,179.0,248.0,83.0,1.0202381141781018,0.3407821229050279
2020-08-01,2020-10-31,Zip Code: 98106,Single Family Residential,600000.0,599000.0,384.375,110.0,115.0,41.0,1.007499080438306,0.4636363636363636
2019-07-01,2019-09-30,Zip Code: 98112,Multi-Family (2-4 Unit),1400000.0,1295000.0,376.3440860215054,1.0,1.0,,1.0810810810810811,1.0
2021-01-01,2021-03-31,Zip Code: 98106,Condo/Co-op,299950.0,339500.0,314.96062992125985,3.0,3.0,1.0,0.9752986417934872,0.0
2023-09-01,2023-11-30,Zip Code: 98118,Townhouse,788800.0,734425.0,488.9880952380952,18.0,30.0,23.0,0.9972853287338462,0.2222222222222222
2013-10-01,2013-12-31,Zip Code: 98144,Single Family Residential,480000.0,449000.0,242.7184466019417,69.0,73.0,30.0,1.0006506172193894,0.4057971014492753
2023-11-01,2024-01-31,Zip Code: 98133,Multi-Family (2-4 Unit),1625000.0,1997000.0,367.31464737793846,1.0,1.0,1.0,0.9558823529411764,0.0
2022-03-01,2022-05-31,Zip Code: 98116,Condo/Co-op,548500.0,639500.0,607.7718676122931,28.0,26.0,9.0,1.0367843529464518,0.4642857142857143
2013-04-01,2013-06-30,Zip Code: 98118,Condo/Co-op,103475.0,145000.0,114.30721287023226,2.0,7.0,3.0,0.9568189396465488,0.0
2022-01-01,2022-03-31,Zip Code: 98104,Condo/Co-op,376000.0,467925.0,643.3408577878104,35.0,54.0,35.0,1.0064956104318088,0.2571428571428571
2020-07-01,2020-09-30,Zip Code: 98117,Single Family Residential,920000.0,875000.0,467.0289855072464,166.0,183.0,31.0,1.0405440729929445,0.5783132530120481
2017-03-01,2017-05-31,Zip Code: 98115,Townhouse,660000.0,729950.0,479.9708667152221,43.0,35.0,3.0,1.0173195277728664,0.3255813953488372
2014-12-01,2015-02-28,Zip Code: 98144,Multi-Family (2-4 Unit),427500.0,772400.0,181.4853274355378,4.0,4.0,2.0,1.0477913828880014,0.5
2016-06-01,2016-08-31,Zip Code: 98118,Multi-Family (2-4 Unit),684500.0,634000.0,269.488188976378,3.0,4.0,4.0,0.9706107753529468,0.3333333333333333
2022-12-01,2023-02-28,Zip Code: 98144,Condo/Co-op,438000.0,429750.0,535.3672721356495,12.0,14.0,9.0,0.9918574768314552,0.25
2013-06-01,2013-08-31,Zip Code: 98122,Condo/Co-op,260000.0,240000.0,397.477977730616,52.0,53.0,21.0,1.0105177327703625,0.4423076923076922
2015-12-01,2016-02-29,Zip Code: 98133,Single Family Residential,447000.0,425000.0,258.5987261146497,79.0,75.0,30.0,1.0321491651539934,0.7088607594936708
2021-09-01,2021-11-30,Zip Code: 98106,Condo/Co-op,355000.0,362500.0,350.0986193293885,7.0,6.0,2.0,1.0085581628611884,0.4285714285714285
2016-05-01,2016-07-31,Zip Code: 98136,All Residential,625000.0,583950.0,341.6514041514041,110.0,119.0,36.0,1.0559272324119853,0.6818181818181817
2012-04-01,2012-06-30,Zip Code: 98122,Townhouse,423000.0,369900.0,280.06622516556286,17.0,9.0,2.0,1.0003477590609144,0.3529411764705882
2017-06-01,2017-08-31,Zip Code: 98106,Townhouse,436400.0,399225.0,330.92389399912395,28.0,18.0,,1.0400241934613186,0.5357142857142857
2016-07-01,2016-09-30,Zip Code: 98107,Condo/Co-op,381500.0,375000.0,508.34597875569045,49.0,58.0,12.0,1.0326738095149923,0.5714285714285714
2023-10-01,2023-12-31,Zip Code: 98133,All Residential,699437.5,665000.0,461.4654947379991,146.0,89.0,40.0,0.9929267588784778,0.2191780821917808
2012-08-01,2012-10-31,Zip Code: 98118,Townhouse,205000.0,258500.0,145.45454545454547,9.0,5.0,2.0,0.9956248097691112,0.3333333333333333
2023-07-01,2023-09-30,Zip Code: 98119,Single Family Residential,1134525.0,1309000.0,631.8175136612022,26.0,46.0,26.0,0.9882091122751452,0.3076923076923077
2015-02-01,2015-04-30,Zip Code: 98108,Single Family Residential,395000.0,390000.0,210.6741573033708,53.0,53.0,18.0,1.016579613404576,0.3962264150943396
2018-04-01,2018-06-30,Zip Code: 98122,Single Family Residential,960000.0,1025000.0,541.3961038961038,50.0,73.0,25.0,1.0579294114363456,0.5999999999999999
2020-09-01,2020-11-30,Zip Code: 98118,All Residential,651300.0,629950.0,377.2199651770168,187.0,199.0,88.0,1.0243297689345856,0.4705882352941176
2015-07-01,2015-09-30,Zip Code: 98112,Multi-Family (2-4 Unit),1074500.0,,394.2647218600608,2.0,,2.0,1.0285071527457317,0.5
2019-03-01,2019-05-31,Zip Code: 98118,Multi-Family (2-4 Unit),800000.0,849000.0,683.7606837606837,1.0,5.0,6.0,1.0,0.0
2014-10-01,2014-12-31,Zip Code: 98136,All Residential,474400.0,489950.0,277.2280345128539,80.0,53.0,23.0,0.9930044452267878,0.2625
2018-06-01,2018-08-31,Zip Code: 98102,Single Family Residential,1457500.0,1550000.0,581.1356637851911,18.0,19.0,10.0,0.97913124405655,0.1666666666666666
2018-04-01,2018-06-30,Zip Code: 98178,All Residential,487500.0,479900.0,289.4323634507401,124.0,161.0,76.0,1.051815916664028,0.5967741935483871
2013-12-01,2014-02-28,Zip Code: 98106,All Residential,237475.0,260000.0,185.78753076292045,70.0,87.0,74.0,0.9904418439649872,0.3285714285714285
2021-05-01,2021-07-31,Zip Code: 98112,Single Family Residential,1752500.0,1699000.0,644.3914081145584,115.0,107.0,20.0,1.0456308240741334,0.4782608695652174
2014-06-01,2014-08-31,Zip Code: 98199,Single Family Residential,727750.0,749000.0,317.24875621890544,80.0,99.0,49.0,1.006149960262849,0.3875
2018-10-01,2018-12-31,Zip Code: 98107,Townhouse,787000.0,764450.0,535.8604135893648,34.0,42.0,15.0,0.9989074062193966,0.2352941176470588
2022-12-01,2023-02-28,Zip Code: 98112,Condo/Co-op,475000.0,462500.0,956.1128526645768,3.0,9.0,6.0,0.9660101443022732,0.0
2019-02-01,2019-04-30,Zip Code: 98119,Condo/Co-op,490000.0,465000.0,542.2647527910685,41.0,47.0,27.0,0.9905109197815244,0.1463414634146341
2019-05-01,2019-07-31,Zip Code: 98106,Condo/Co-op,292000.0,299000.0,287.40157480314963,3.0,5.0,4.0,0.9835467012047096,0.3333333333333333
2018-07-01,2018-09-30,Zip Code: 98116,Condo/Co-op,562500.0,517450.0,527.6779773785762,22.0,34.0,19.0,1.003308693674006,0.3636363636363636
2018-03-01,2018-05-31,Zip Code: 98119,Townhouse,875905.0,949975.0,598.3516483516484,13.0,34.0,10.0,1.0829062287145588,1.0
2015-10-01,2015-12-31,Zip Code: 98102,Condo/Co-op,405000.0,395000.0,493.92712550607285,45.0,36.0,4.0,1.016802205785051,0.4666666666666666
2021-10-01,2021-12-31,Zip Code: 98115,All Residential,910000.0,885000.0,536.4781746031747,227.0,149.0,17.0,1.051638071052126,0.5242290748898678
2014-09-01,2014-11-30,Zip Code: 98105,Condo/Co-op,335000.0,299475.0,354.77767265846734,14.0,18.0,3.0,0.968554866159599,0.3571428571428571
2013-05-01,2013-07-31,Zip Code: 98107,Multi-Family (2-4 Unit),610000.0,670000.0,214.25742574257427,7.0,9.0,4.0,0.9608886131742236,0.1428571428571428
2014-10-01,2014-12-31,Zip Code: 98118,Townhouse,227460.0,230250.0,170.0,5.0,4.0,3.0,1.0026912548307896,0.5999999999999999
2016-11-01,2017-01-31,Zip Code: 98116,Townhouse,639970.0,668000.0,411.62279676469205,16.0,21.0,9.0,0.9956367011780276,0.1875
2018-12-01,2019-02-28,Zip Code: 98112,Condo/Co-op,765000.0,550000.0,728.4299858557283,13.0,13.0,5.0,0.9888325511168564,0.0769230769230769
2018-05-01,2018-07-31,Zip Code: 98134,Condo/Co-op,460000.0,404975.0,429.50513538748834,1.0,2.0,1.0,1.1501437679709965,1.0
2017-05-01,2017-07-31,Zip Code: 98107,Multi-Family (2-4 Unit),1101250.0,1100000.0,434.2793088363954,4.0,5.0,1.0,1.1632600502512562,0.5
2021-10-01,2021-12-31,Zip Code: 98119,Condo/Co-op,486250.0,439950.0,568.3568533603247,52.0,31.0,13.0,1.0008059610874294,0.2307692307692307
2018-10-01,2018-12-31,Zip Code: 98136,Townhouse,560000.0,567475.0,413.8503006427535,8.0,12.0,7.0,0.9743290182379024,0.125
2021-03-01,2021-05-31,Zip Code: 98117,All Residential,959000.0,850000.0,544.7749037227214,222.0,292.0,30.0,1.1010468077054476,0.6936936936936937
2015-07-01,2015-09-30,Zip Code: 98108,Multi-Family (2-4 Unit),429999.0,360000.0,212.87079207920792,1.0,2.0,2.0,0.9555533333333333,0.0
2018-01-01,2018-03-31,Zip Code: 98119,Condo/Co-op,563000.0,559500.0,590.1426718547341,21.0,34.0,13.0,1.0604262668291031,0.6666666666666666
2019-09-01,2019-11-30,Zip Code: 98105,Single Family Residential,1150000.0,1124975.0,487.5886524822696,69.0,56.0,16.0,0.9888165100590016,0.2608695652173913
2013-07-01,2013-09-30,Zip Code: 98105,Condo/Co-op,270000.0,229950.0,332.61802575107293,21.0,23.0,10.0,0.9921457274101672,0.1904761904761904
2019-10-01,2019-12-31,Zip Code: 98133,Single Family Residential,599950.0,609950.0,341.5841584158416,103.0,50.0,26.0,0.9915652584939236,0.2427184466019417
2016-09-01,2016-11-30,Zip Code: 98144,Single Family Residential,615000.0,648500.0,349.05660377358487,70.0,74.0,24.0,1.0362636491495003,0.4857142857142857
2023-11-01,2024-01-31,Zip Code: 98133,Single Family Residential,745000.0,699990.0,473.9336492890996,63.0,37.0,12.0,1.0008992384657338,0.2222222222222222
2018-12-01,2019-02-28,Zip Code: 98108,Townhouse,503750.0,609950.0,422.37903225806446,12.0,14.0,12.0,0.9820694814472762,0.0833333333333333
2015-01-01,2015-03-31,Zip Code: 98117,Multi-Family (2-4 Unit),825000.0,674975.0,287.9901960784314,2.0,2.0,,1.0172413793103448,0.5
2019-06-01,2019-08-31,Zip Code: 98199,All Residential,940000.0,909997.5,451.35135135135135,133.0,128.0,59.0,0.9999625132342584,0.2706766917293232
2017-03-01,2017-05-31,Zip Code: 98136,Condo/Co-op,382000.0,347450.0,428.0070237050044,13.0,14.0,1.0,1.0908073763319397,0.8461538461538461
2020-09-01,2020-11-30,Zip Code: 98112,Townhouse,785000.0,850000.0,586.8650793650794,22.0,22.0,14.0,0.9985359603347356,0.1818181818181818
2014-09-01,2014-11-30,Zip Code: 98119,Multi-Family (2-4 Unit),853700.0,,278.0446313406512,2.0,,1.0,1.0255441860465115,0.5
2016-08-01,2016-10-31,Zip Code: 98117,Multi-Family (2-4 Unit),712500.0,675000.0,288.14935064935054,2.0,1.0,,1.0357525537538397,0.5
2017-05-01,2017-07-31,Zip Code: 98106,Multi-Family (2-4 Unit),550000.0,550000.0,292.92929292929296,3.0,1.0,,0.9511561062224708,0.0
2022-01-01,2022-03-31,Zip Code: 98105,All Residential,1068000.0,1012000.0,601.9577827908475,74.0,94.0,20.0,1.0694232317986891,0.5
2013-09-01,2013-11-30,Zip Code: 98144,Multi-Family (2-4 Unit),449000.0,485400.0,156.993006993007,7.0,2.0,1.0,0.9724071997099936,0.2857142857142857
2012-02-01,2012-04-30,Zip Code: 98117,Townhouse,310475.0,327425.0,243.51516363188972,2.0,6.0,3.0,0.9937291633592632,0.0
2022-10-01,2022-12-31,Zip Code: 98112,Single Family Residential,1682500.0,1522500.0,643.5616090626743,36.0,28.0,13.0,0.9779238808808935,0.0833333333333333
2020-10-01,2020-12-31,Zip Code: 98105,Multi-Family (2-4 Unit),1047500.0,1050000.0,424.6700236514839,4.0,3.0,2.0,0.9477488457756222,0.0
2012-06-01,2012-08-31,Zip Code: 98118,All Residential,270000.0,269990.0,159.6153846153846,139.0,147.0,127.0,0.9934716358775444,0.2661870503597122
2014-09-01,2014-11-30,Zip Code: 98118,All Residential,335000.0,359000.0,215.77380952380952,125.0,161.0,89.0,1.0025332774578204,0.32
2013-01-01,2013-03-31,Zip Code: 98105,Single Family Residential,578650.0,694000.0,268.87612709317307,40.0,64.0,24.0,0.9927670802625098,0.3499999999999999
2018-06-01,2018-08-31,Zip Code: 98115,Condo/Co-op,436000.0,450000.0,468.93368604672617,26.0,32.0,16.0,1.024916796320786,0.5769230769230768
2013-02-01,2013-04-30,Zip Code: 98106,Condo/Co-op,214950.0,112444.0,198.76327737597904,2.0,2.0,1.0,0.9857142857142857,0.0
2017-12-01,2018-02-28,Zip Code: 98115,Townhouse,739000.0,769975.0,530.7183823529411,13.0,16.0,1.0,1.0399083513185752,0.5384615384615384
2023-05-01,2023-07-31,Zip Code: 98102,Townhouse,1185000.0,1262475.0,653.5433070866142,9.0,10.0,5.0,0.9785288145320408,0.0
2012-03-01,2012-05-31,Zip Code: 98107,Condo/Co-op,237000.0,249975.0,302.5612803273997,30.0,40.0,22.0,0.9874770749504712,0.2333333333333333
2014-07-01,2014-09-30,Zip Code: 98118,Townhouse,274900.0,289900.0,180.65693430656933,9.0,5.0,3.0,0.96909358286829,0.2222222222222222
2015-12-01,2016-02-29,Zip Code: 98118,Condo/Co-op,165100.0,198725.0,212.12121212121207,5.0,8.0,3.0,1.010027408623746,0.5999999999999999
2015-01-01,2015-03-31,Zip Code: 98112,Townhouse,666000.0,689999.0,453.4306524646486,6.0,11.0,2.0,0.9860198052747212,0.1666666666666666
2016-01-01,2016-03-31,Zip Code: 98144,Multi-Family (2-4 Unit),465000.0,555000.0,257.3255813953488,5.0,7.0,2.0,0.9825728830734984,0.2
2012-10-01,2012-12-31,Zip Code: 98133,Single Family Residential,305000.0,319975.0,190.7894736842105,85.0,50.0,38.0,0.9915265468782116,0.2705882352941176
2013-08-01,2013-10-31,Zip Code: 98117,Townhouse,399950.0,399950.0,273.93835616438355,15.0,22.0,6.0,0.9981668073408694,0.2666666666666666
2014-01-01,2014-03-31,Zip Code: 98122,Condo/Co-op,237750.0,235000.0,386.8471953578336,25.0,54.0,20.0,1.0007855425355747,0.32
2017-06-01,2017-08-31,Zip Code: 98116,Single Family Residential,778475.0,725000.0,392.1180046432064,98.0,111.0,30.0,1.0587353724549708,0.6326530612244898
2019-11-01,2020-01-31,Zip Code: 98105,Condo/Co-op,456500.0,435000.0,481.45395213923126,10.0,7.0,7.0,0.9692001151322652,0.0
2019-12-01,2020-02-29,Zip Code: 98104,All Residential,635000.0,695950.0,593.3852140077821,19.0,22.0,32.0,0.9796583234919491,0.1578947368421052
2014-01-01,2014-03-31,Zip Code: 98107,Single Family Residential,588925.0,580975.0,300.37794985250736,24.0,36.0,8.0,1.0153017742377903,0.4583333333333333
2016-01-01,2016-03-31,Zip Code: 98112,Single Family Residential,1377000.0,1322500.0,494.55155071248953,43.0,84.0,27.0,1.030617879997357,0.4883720930232557
2013-09-01,2013-11-30,Zip Code: 98122,Single Family Residential,470000.0,587500.0,263.8036809815951,51.0,59.0,24.0,1.013941361109346,0.392156862745098
2021-08-01,2021-10-31,Zip Code: 98106,Townhouse,600000.0,600000.0,397.7037887485649,38.0,47.0,18.0,1.0120061530597575,0.5263157894736841
2012-06-01,2012-08-31,Zip Code: 98133,All Residential,280000.0,289000.0,176.45220588235293,145.0,178.0,92.0,0.9952591905187184,0.3310344827586206
2018-12-01,2019-02-28,Zip Code: 98144,All Residential,725000.0,725000.0,440.34090909090907,91.0,95.0,68.0,0.9906946756033576,0.1758241758241758
2021-11-01,2022-01-31,Zip Code: 98199,Multi-Family (2-4 Unit),1457250.0,1262500.0,477.2020767819706,2.0,2.0,,1.1042301829268293,1.0
2023-02-01,2023-04-30,Zip Code: 98105,All Residential,1162500.0,990000.0,580.7172627139321,64.0,88.0,38.0,1.0111943875426623,0.359375
2020-03-01,2020-05-31,Zip Code: 98105,Multi-Family (2-4 Unit),1005000.0,1100000.0,347.207970409259,2.0,7.0,7.0,0.9789473684210525,0.0
2017-05-01,2017-07-31,Zip Code: 98102,Single Family Residential,1160000.0,1218500.0,470.7884288145207,15.0,24.0,9.0,1.0204287357060724,0.3333333333333333
2017-06-01,2017-08-31,Zip Code: 98118,All Residential,575000.0,549950.0,340.0940785832872,216.0,239.0,71.0,1.0558089437961795,0.5833333333333333
2013-01-01,2013-03-31,Zip Code: 98108,All Residential,280500.0,298800.0,188.67924528301887,54.0,63.0,26.0,0.9964019941645548,0.2037037037037036
2015-01-01,2015-03-31,Zip Code: 98119,Townhouse,629475.0,629950.0,376.43666990605766,20.0,20.0,3.0,0.9992707409297268,0.1499999999999999
2020-09-01,2020-11-30,Zip Code: 98133,Single Family Residential,662500.0,650000.0,381.1724137931034,112.0,134.0,18.0,1.0211866866913373,0.5089285714285714
2015-01-01,2015-03-31,Zip Code: 98112,Condo/Co-op,388000.0,499900.0,398.157625383828,5.0,11.0,6.0,0.9966133209558746,0.4
2018-05-01,2018-07-31,Zip Code: 98115,Multi-Family (2-4 Unit),1465000.0,1465000.0,445.3125,3.0,1.0,,1.1064814814814816,0.3333333333333333
2012-06-01,2012-08-31,Zip Code: 98125,All Residential,325000.0,314950.0,190.8396946564885,127.0,137.0,59.0,0.9898175494958223,0.2677165354330708
2018-02-01,2018-04-30,Zip Code: 98122,Condo/Co-op,547450.0,519000.0,742.5833485986445,38.0,37.0,2.0,1.0912358504988244,0.7368421052631579
2017-02-01,2017-04-30,Zip Code: 98126,Townhouse,505000.0,525187.0,321.6374269005848,8.0,30.0,3.0,1.045975953396331,0.375
2018-05-01,2018-07-31,Zip Code: 98125,Single Family Residential,702500.0,686975.0,418.4100238841618,98.0,138.0,39.0,1.0592808062373529,0.673469387755102
2020-04-01,2020-06-30,Zip Code: 98117,Condo/Co-op,805000.0,875000.0,730.520277999359,2.0,5.0,3.0,0.9847661622057402,0.5
2016-12-01,2017-02-28,Zip Code: 98107,Condo/Co-op,434375.0,390750.0,537.7561094656505,24.0,22.0,2.0,1.0513304613030316,0.7916666666666666
2020-11-01,2021-01-31,Zip Code: 98119,Townhouse,837500.0,899000.0,611.0369035071302,34.0,31.0,11.0,1.0017208120118617,0.1470588235294117
2021-07-01,2021-09-30,Zip Code: 98178,Townhouse,290000.0,290000.0,251.9548218940052,3.0,3.0,4.0,1.0117554223630083,0.6666666666666666
2013-01-01,2013-03-31,Zip Code: 98115,Townhouse,387000.0,375000.0,275.64102564102564,7.0,5.0,,0.9726360760170903,0.1428571428571428
2018-01-01,2018-03-31,Zip Code: 98106,Townhouse,535000.0,513975.0,355.0295857988166,33.0,34.0,6.0,1.0400730699224316,0.5151515151515151
2023-12-01,2024-02-29,Zip Code: 98178,Condo/Co-op,616000.0,993500.0,331.5798045602606,2.0,1.0,,0.9342219677109412,0.0
2022-08-01,2022-10-31,Zip Code: 98117,Townhouse,780000.0,774500.0,557.1040372670807,38.0,41.0,19.0,0.9867969317099218,0.131578947368421
2016-04-01,2016-06-30,Zip Code: 98105,Single Family Residential,900000.0,875000.0,402.834008097166,71.0,63.0,11.0,1.0451021497508364,0.5633802816901408
2023-06-01,2023-08-31,Zip Code: 98117,Townhouse,849000.0,829900.0,557.0175438596491,33.0,51.0,36.0,0.9964562884736736,0.1515151515151515
2013-06-01,2013-08-31,Zip Code: 98106,Condo/Co-op,166475.0,159950.0,190.19578653946783,4.0,7.0,4.0,0.9723422903032504,0.25
2022-08-01,2022-10-31,Zip Code: 98177,Multi-Family (2-4 Unit),950000.0,,354.47761194029846,1.0,,,1.0,0.0
2017-01-01,2017-03-31,Zip Code: 98136,Single Family Residential,636250.0,666000.0,328.084629259494,34.0,62.0,15.0,1.023378004414594,0.5588235294117647
2014-04-01,2014-06-30,Zip Code: 98125,All Residential,390000.0,399950.0,222.5903614457832,145.0,176.0,49.0,1.0267626460841917,0.5241379310344828
2021-07-01,2021-09-30,Zip Code: 98119,Townhouse,985000.0,935000.0,658.8072122052705,27.0,29.0,8.0,1.0066979104883809,0.4074074074074073
2022-02-01,2022-04-30,Zip Code: 98144,All Residential,840000.0,827000.0,585.2842809364548,149.0,186.0,54.0,1.06678867595132,0.5838926174496644
2015-05-01,2015-07-31,Zip Code: 98107,Condo/Co-op,337600.0,339950.0,439.9569502662286,42.0,73.0,15.0,1.0331855494830635,0.5714285714285714
2014-09-01,2014-11-30,Zip Code: 98119,Single Family Residential,746000.0,799000.0,343.5374149659864,25.0,33.0,20.0,1.0300830671810433,0.4799999999999999
2021-12-01,2022-02-28,Zip Code: 98102,Townhouse,845000.0,839950.0,769.1433566433567,21.0,24.0,8.0,1.0074528417847777,0.2857142857142857
2021-10-01,2021-12-31,Zip Code: 98116,All Residential,844975.0,899000.0,520.9831709058583,132.0,100.0,15.0,1.0210738974901583,0.3939393939393939
2012-08-01,2012-10-31,Zip Code: 98108,All Residential,262000.0,295000.0,174.62665596146127,76.0,95.0,66.0,0.9913942320261208,0.1842105263157894
2013-06-01,2013-08-31,Zip Code: 98122,Multi-Family (2-4 Unit),485037.0,569000.0,219.45525291828795,5.0,5.0,6.0,1.0153414522736373,0.4
2016-04-01,2016-06-30,Zip Code: 98144,Multi-Family (2-4 Unit),813750.0,960000.0,360.80592071845086,6.0,5.0,1.0,1.0579207065604097,0.6666666666666666
2021-01-01,2021-03-31,Zip Code: 98119,All Residential,952000.0,939000.0,573.9935587761674,124.0,124.0,40.0,1.0060616537096234,0.282258064516129
2012-04-01,2012-06-30,Zip Code: 98105,All Residential,550000.0,539000.0,264.54526578073086,89.0,111.0,55.0,0.9932433883661932,0.3707865168539326
2015-06-01,2015-08-31,Zip Code: 98106,Condo/Co-op,178750.0,182000.0,226.9576315020128,4.0,6.0,3.0,1.0789473684210529,0.25
2022-10-01,2022-12-31,Zip Code: 98107,Multi-Family (2-4 Unit),685000.0,1200000.0,430.1075268817205,3.0,1.0,3.0,0.9600403124212648,0.0
2015-03-01,2015-05-31,Zip Code: 98106,Townhouse,310750.0,289900.0,220.574546799852,32.0,33.0,4.0,1.017101776677269,0.34375
2018-03-01,2018-05-31,Zip Code: 98144,Townhouse,736500.0,722000.0,504.47247964313385,32.0,46.0,11.0,1.0372224152294065,0.4375
2020-06-01,2020-08-31,Zip Code: 98107,Multi-Family (2-4 Unit),954400.0,1022500.0,450.0312109862672,6.0,10.0,4.0,1.0253094687465587,0.3333333333333333
2021-03-01,2021-05-31,Zip Code: 98178,Townhouse,526181.0,597800.0,315.07844311377244,5.0,11.0,4.0,1.0602989736975983,0.4
2022-09-01,2022-11-30,Zip Code: 98118,Multi-Family (2-4 Unit),685000.0,1324975.0,386.63584953615447,2.0,2.0,3.0,0.9820246667156596,0.5
2019-01-01,2019-03-31,Zip Code: 98122,All Residential,689000.0,711983.5,540.8275570583262,104.0,142.0,71.0,0.9879467975897356,0.2788461538461538
2022-08-01,2022-10-31,Zip Code: 98108,Single Family Residential,721500.0,761400.0,398.2999083782959,42.0,56.0,36.0,0.9909504601356848,0.238095238095238
2020-01-01,2020-03-31,Zip Code: 98144,Multi-Family (2-4 Unit),1600000.0,1180000.0,348.6598387448246,1.0,3.0,1.0,1.0,0.0
2015-05-01,2015-07-31,Zip Code: 98107,Multi-Family (2-4 Unit),674000.0,682475.0,288.2227084538588,14.0,16.0,2.0,1.0430148451162002,0.7142857142857143
2016-09-01,2016-11-30,Zip Code: 98112,All Residential,950000.0,920000.0,448.52941176470586,82.0,84.0,25.0,1.01310555631072,0.3902439024390244
2021-06-01,2021-08-31,Zip Code: 98136,Multi-Family (2-4 Unit),1880000.0,1175000.0,458.33447240796727,2.0,1.0,,0.9677811550151976,0.5
2018-01-01,2018-03-31,Zip Code: 98199,Single Family Residential,1180000.0,1100000.0,472.4894786775975,52.0,80.0,29.0,1.0542091005688077,0.5769230769230768
2014-04-01,2014-06-30,Zip Code: 98144,Townhouse,368750.0,363000.0,293.718315018315,36.0,39.0,8.0,1.0081866390959453,0.4444444444444444
2022-07-01,2022-09-30,Zip Code: 98177,All Residential,1155000.0,1148000.0,499.223019622093,90.0,93.0,36.0,1.0118152409158812,0.3777777777777777
2013-09-01,2013-11-30,Zip Code: 98125,Townhouse,287500.0,317350.0,192.40571117501568,16.0,16.0,16.0,0.9933008806417608,0.375
2019-08-01,2019-10-31,Zip Code: 98136,Condo/Co-op,326500.0,346975.0,479.46781417405816,8.0,8.0,7.0,0.988357883864768,0.125
2022-01-01,2022-03-31,Zip Code: 98144,Multi-Family (2-4 Unit),785000.0,749990.0,319.1056910569106,1.0,5.0,1.0,1.0466806224082987,1.0
2022-05-01,2022-07-31,Zip Code: 98118,All Residential,805000.0,779000.0,512.3674911660777,143.0,211.0,79.0,1.0408869484663563,0.4405594405594405
2019-08-01,2019-10-31,Zip Code: 98106,Townhouse,526038.5,514900.0,320.42171481826654,28.0,27.0,24.0,0.9993399734856314,0.2142857142857142
2017-05-01,2017-07-31,Zip Code: 98118,Single Family Residential,600000.0,575000.0,300.91185410334344,167.0,211.0,64.0,1.0727724246445192,0.6467065868263473
2018-09-01,2018-11-30,Zip Code: 98199,Multi-Family (2-4 Unit),2143500.0,3000000.0,345.96774193548384,2.0,1.0,1.0,0.9766666666666666,0.0
2022-06-01,2022-08-31,Zip Code: 98199,Condo/Co-op,397500.0,521975.0,532.8526021158499,20.0,24.0,7.0,1.0198191928570814,0.45
2023-12-01,2024-02-29,Zip Code: 98106,All Residential,689950.0,699950.0,415.0124069478909,63.0,73.0,30.0,1.0033640927956478,0.3333333333333333
2019-08-01,2019-10-31,Zip Code: 98116,All Residential,780000.0,749950.0,463.2258733381199,122.0,125.0,53.0,0.9959776200405857,0.2704918032786885
2015-11-01,2016-01-31,Zip Code: 98107,Condo/Co-op,388000.0,398500.0,468.187274909964,31.0,37.0,8.0,1.0138052296345503,0.6451612903225806
2016-08-01,2016-10-31,Zip Code: 98136,Condo/Co-op,363405.0,351475.0,314.906832321449,6.0,6.0,,0.9970633852491244,0.3333333333333333
2019-06-01,2019-08-31,Zip Code: 98178,Single Family Residential,455000.0,515000.0,285.23809523809524,93.0,94.0,54.0,1.0028212306287752,0.3870967741935483
2015-01-01,2015-03-31,Zip Code: 98199,Townhouse,522900.0,532000.0,335.7029138251705,8.0,16.0,4.0,1.0248695248857267,0.5
2019-07-01,2019-09-30,Zip Code: 98178,Townhouse,215000.0,416995.0,179.9163179916318,5.0,8.0,6.0,0.98930156833496,0.2
2023-09-01,2023-11-30,Zip Code: 98118,Single Family Residential,772000.0,799950.0,437.5,65.0,81.0,34.0,1.006755991495013,0.3846153846153846
2017-07-01,2017-09-30,Zip Code: 98113,Single Family Residential,697000.0,695000.0,357.43589743589746,1.0,1.0,,1.0028776978417266,1.0
2017-03-01,2017-05-31,Zip Code: 98185,Single Family Residential,260000.0,,317.0731707317073,1.0,,,0.9454545454545454,0.0
2018-06-01,2018-08-31,Zip Code: 98177,All Residential,812500.0,725000.0,373.6471861471862,90.0,108.0,56.0,1.0145709099148648,0.411111111111111
2014-07-01,2014-09-30,Zip Code: 98119,Single Family Residential,765975.0,709500.0,385.6664632651082,36.0,44.0,24.0,1.0227496361055797,0.4166666666666666
2018-03-01,2018-05-31,Zip Code: 98122,Condo/Co-op,575000.0,514000.0,704.535108683282,46.0,54.0,10.0,1.0866942834497633,0.717391304347826
2020-03-01,2020-05-31,Zip Code: 98115,Single Family Residential,901500.0,850000.0,467.4556213017751,149.0,175.0,44.0,1.041376480500226,0.5637583892617449
2020-09-01,2020-11-30,Zip Code: 98125,All Residential,658250.0,625000.0,413.8864351792368,168.0,163.0,54.0,1.02813843708674,0.494047619047619
2022-12-01,2023-02-28,Zip Code: 98116,Single Family Residential,908225.0,1275000.0,534.723426391538,32.0,21.0,7.0,0.992427958947132,0.1875
2013-09-01,2013-11-30,Zip Code: 98108,Townhouse,265000.0,279000.0,209.33719095213047,11.0,5.0,5.0,0.979343777719416,0.1818181818181818
2020-11-01,2021-01-31,Zip Code: 98136,All Residential,700000.0,635000.0,430.9542072928156,90.0,85.0,20.0,1.0009806067797553,0.3111111111111111
2022-09-01,2022-11-30,Zip Code: 98115,All Residential,935000.0,966900.0,503.7313432835821,179.0,206.0,73.0,0.9867645081244109,0.1787709497206704
2017-06-01,2017-08-31,Zip Code: 98102,Condo/Co-op,482500.0,480000.0,614.7222895949551,78.0,81.0,15.0,1.0653969264367442,0.6538461538461539
2019-02-01,2019-04-30,Zip Code: 98107,Condo/Co-op,450000.0,497000.0,645.1048951048951,23.0,44.0,28.0,0.9893809328236528,0.1304347826086956
2020-07-01,2020-09-30,Zip Code: 98108,Townhouse,629950.0,579225.0,428.099173553719,19.0,46.0,25.0,1.0031238137507157,0.3157894736842105
2013-08-01,2013-10-31,Zip Code: 98136,Multi-Family (2-4 Unit),390000.0,365000.0,176.95223112128147,2.0,1.0,1.0,0.949134199134199,0.0
2012-05-01,2012-07-31,Zip Code: 98122,Multi-Family (2-4 Unit),405000.0,602450.0,204.3599257884972,3.0,4.0,5.0,1.0231517213209698,0.3333333333333333
2020-01-01,2020-03-31,Zip Code: 98106,Condo/Co-op,322500.0,354000.0,317.7270185901318,2.0,1.0,1.0,0.978251864125932,0.0
2012-05-01,2012-07-31,Zip Code: 98118,Condo/Co-op,151000.0,144950.0,176.51688646713524,4.0,2.0,5.0,0.9793952001848092,0.25
2012-05-01,2012-07-31,Zip Code: 98144,Multi-Family (2-4 Unit),347500.0,325000.0,122.22689718482252,2.0,6.0,2.0,0.9096281320726024,0.0
2022-05-01,2022-07-31,Zip Code: 98117,Condo/Co-op,561250.0,699975.0,550.9822297955209,12.0,22.0,9.0,1.0237521049282492,0.5
2017-02-01,2017-04-30,Zip Code: 98106,All Residential,517450.0,475000.0,285.2477234141071,106.0,116.0,21.0,1.063139083216191,0.5943396226415094
2014-06-01,2014-08-31,Zip Code: 98106,Townhouse,284000.0,284400.0,203.55771867288183,18.0,22.0,19.0,1.0054061280214526,0.3333333333333333
2013-08-01,2013-10-31,Zip Code: 98117,Condo/Co-op,315000.0,235000.0,391.79104477611935,5.0,8.0,5.0,0.9831124866187532,0.2
2013-11-01,2014-01-31,Zip Code: 98122,Condo/Co-op,260000.0,239000.0,341.6666666666667,17.0,33.0,19.0,0.999370179233602,0.4117647058823529
2014-08-01,2014-10-31,Zip Code: 98112,Multi-Family (2-4 Unit),675000.0,1175000.0,298.6725663716814,1.0,2.0,3.0,0.9642857142857144,0.0
2018-09-01,2018-11-30,Zip Code: 98107,Townhouse,799000.0,775000.0,536.6161616161617,31.0,69.0,29.0,0.9984609073118784,0.2258064516129032
2020-04-01,2020-06-30,Zip Code: 98108,Single Family Residential,650000.0,650000.0,356.6666666666667,39.0,60.0,24.0,1.0237668771077637,0.4615384615384615
2020-07-01,2020-09-30,Zip Code: 98144,Single Family Residential,855000.0,817000.0,442.8104575163399,76.0,98.0,37.0,1.026928115086421,0.4736842105263157
2017-09-01,2017-11-30,Zip Code: 98107,Condo/Co-op,487600.0,479500.0,602.2863315655233,42.0,38.0,1.0,1.0537375174679773,0.7619047619047618
2017-11-01,2018-01-31,Zip Code: 98112,All Residential,1111000.0,1150000.0,516.3934426229508,63.0,40.0,22.0,1.0128862137369752,0.3968253968253968
2021-03-01,2021-05-31,Zip Code: 98107,Multi-Family (2-4 Unit),1375000.0,1282500.0,388.4180790960452,9.0,18.0,5.0,0.9906341226563192,0.3333333333333333
2012-07-01,2012-09-30,Zip Code: 98102,Condo/Co-op,235000.0,279000.0,320.2403956751783,60.0,45.0,33.0,0.9992120227874264,0.3333333333333333
2016-11-01,2017-01-31,Zip Code: 98116,Condo/Co-op,491000.0,443500.0,449.7724927291491,26.0,20.0,6.0,0.9967452668124988,0.3076923076923077
2016-10-01,2016-12-31,Zip Code: 98177,Condo/Co-op,376750.0,227000.0,256.7028985507246,6.0,1.0,,1.000414379838248,0.1666666666666666
2014-11-01,2015-01-31,Zip Code: 98133,Multi-Family (2-4 Unit),500000.0,399000.0,126.26262626262626,1.0,3.0,3.0,0.909090909090909,0.0
2012-07-01,2012-09-30,Zip Code: 98177,All Residential,430000.0,474975.0,195.0381140598532,76.0,86.0,77.0,0.9811899179624766,0.1842105263157894
2021-12-01,2022-02-28,Zip Code: 98122,Multi-Family (2-4 Unit),1330000.0,1300000.0,518.5334385019734,6.0,9.0,7.0,1.0216591296991473,0.1666666666666666
2013-07-01,2013-09-30,Zip Code: 98177,Single Family Residential,527500.0,499700.0,230.83411069651743,86.0,104.0,55.0,1.0005787811549751,0.3953488372093023
2013-03-01,2013-05-31,Zip Code: 98102,All Residential,395500.0,419000.0,358.9147675506923,105.0,133.0,67.0,1.0085628066680847,0.4
2020-07-01,2020-09-30,Zip Code: 98102,Condo/Co-op,477475.0,549000.0,648.889466807844,66.0,105.0,71.0,0.995145654009078,0.2121212121212121
2020-07-01,2020-09-30,Zip Code: 98119,All Residential,976500.0,842000.0,562.5754147812971,128.0,210.0,102.0,1.007276872592323,0.390625
2018-11-01,2019-01-31,Zip Code: 98112,All Residential,1070000.0,1193000.0,541.3517118719432,65.0,54.0,32.0,0.970949806920284,0.1076923076923077
2014-10-01,2014-12-31,Zip Code: 98119,Multi-Family (2-4 Unit),588000.0,,289.9818136209708,2.0,,,1.023673786407767,0.5
2017-03-01,2017-05-31,Zip Code: 98115,All Residential,782500.0,729000.0,428.4601691143747,214.0,243.0,38.0,1.0887759327938649,0.6261682242990653
2019-09-01,2019-11-30,Zip Code: 98119,All Residential,895000.0,849950.0,546.218487394958,97.0,119.0,68.0,0.9940985330162664,0.268041237113402
2016-04-01,2016-06-30,Zip Code: 98115,Townhouse,593888.0,559000.0,430.3536231884058,15.0,11.0,1.0,1.0491930544617267,0.4666666666666666
2020-10-01,2020-12-31,Zip Code: 98108,Single Family Residential,726750.0,707475.0,345.18849206349205,54.0,52.0,24.0,1.0269986562878264,0.574074074074074
2023-01-01,2023-03-31,Zip Code: 98102,Townhouse,900000.0,955000.0,632.4675324675325,9.0,9.0,5.0,0.9863116566002996,0.2222222222222222
2023-03-01,2023-05-31,Zip Code: 98178,All Residential,613750.0,649800.0,349.7169701213819,56.0,65.0,18.0,0.9939707046821008,0.3214285714285714
2015-02-01,2015-04-30,Zip Code: 98102,All Residential,436000.0,449725.0,415.4589371980677,68.0,90.0,30.0,1.0136637042188843,0.4264705882352941
2022-07-01,2022-09-30,Zip Code: 98112,Multi-Family (2-4 Unit),1170000.0,,288.88888888888886,1.0,,,0.97581317764804,0.0
2013-10-01,2013-12-31,Zip Code: 98107,Multi-Family (2-4 Unit),579000.0,599250.0,236.39349062918345,8.0,8.0,3.0,0.9885769156272882,0.25
2018-09-01,2018-11-30,Zip Code: 98126,Single Family Residential,629950.0,628500.0,370.1947079380929,79.0,100.0,64.0,0.9935509526980224,0.2278481012658227
2022-03-01,2022-05-31,Zip Code: 98119,Multi-Family (2-4 Unit),1400000.0,1319975.0,607.4626865671642,3.0,8.0,4.0,0.9546398046398046,0.0
2022-05-01,2022-07-31,Zip Code: 98116,Townhouse,887495.0,899495.0,575.8348512446873,18.0,26.0,9.0,1.017160589160807,0.3333333333333333
2017-12-01,2018-02-28,Zip Code: 98134,All Residential,355000.0,299950.0,356.18423278633054,4.0,1.0,,1.071840128444021,0.75
2019-08-01,2019-10-31,Zip Code: 98102,Townhouse,950000.0,915000.0,570.1454545454545,15.0,19.0,14.0,0.9963739062101968,0.2
2021-02-01,2021-04-30,Zip Code: 98117,Townhouse,750000.0,736950.0,556.9383945239576,39.0,56.0,12.0,1.026145595151518,0.4615384615384615
2013-04-01,2013-06-30,Zip Code: 98108,Multi-Family (2-4 Unit),306000.0,320000.0,128.12120261847832,4.0,1.0,,0.9355996321002756,0.0
2019-08-01,2019-10-31,Zip Code: 98102,All Residential,557500.0,605000.0,603.1595446295992,118.0,124.0,80.0,0.9873649317268328,0.1525423728813559
2016-08-01,2016-10-31,Zip Code: 98126,Condo/Co-op,279250.0,264000.0,370.5614190793734,22.0,23.0,5.0,1.0314930008351986,0.4545454545454545
2021-01-01,2021-03-31,Zip Code: 98178,Condo/Co-op,246400.0,553197.5,237.48261209884828,4.0,14.0,1.0,1.0243243243243243,0.25
2015-12-01,2016-02-29,Zip Code: 98116,Single Family Residential,676000.0,716400.0,313.9555869428751,52.0,48.0,15.0,1.0116533179038227,0.4615384615384615
2022-10-01,2022-12-31,Zip Code: 98107,All Residential,780000.0,784475.0,602.7753686036425,87.0,72.0,38.0,0.9871515320147376,0.0919540229885057
2013-03-01,2013-05-31,Zip Code: 98119,Townhouse,510000.0,599000.0,348.6513157894737,11.0,17.0,8.0,0.9925045233948264,0.2727272727272727
2016-05-01,2016-07-31,Zip Code: 98144,Townhouse,544975.0,564375.0,394.3080208194314,44.0,66.0,20.0,1.028408705353096,0.4318181818181818
2017-10-01,2017-12-31,Zip Code: 98108,Townhouse,595000.0,575000.0,435.32338308457713,43.0,35.0,4.0,1.0075903366994956,0.4186046511627907
2013-05-01,2013-07-31,Zip Code: 98177,Townhouse,295000.0,295000.0,194.44444444444449,3.0,3.0,1.0,0.9810880350432672,0.0
2020-09-01,2020-11-30,Zip Code: 98105,Single Family Residential,1262000.0,1198000.0,521.415270018622,83.0,83.0,23.0,1.0020308482970506,0.289156626506024
2016-05-01,2016-07-31,Zip Code: 98177,Condo/Co-op,413500.0,179950.0,267.3234999582742,2.0,3.0,2.0,1.0805500999117106,1.0
2020-10-01,2020-12-31,Zip Code: 98133,Condo/Co-op,276500.0,285000.0,340.9648959634344,36.0,30.0,11.0,0.9866004282345524,0.1944444444444444
2018-02-01,2018-04-30,Zip Code: 98115,Townhouse,848750.0,799900.0,555.5388752110064,14.0,19.0,8.0,1.0482777235639869,0.5714285714285714
2015-04-01,2015-06-30,Zip Code: 98104,Condo/Co-op,395500.0,502000.0,462.2507122507122,22.0,20.0,11.0,1.0022122724270917,0.3636363636363636
2015-01-01,2015-03-31,Zip Code: 98118,All Residential,365675.0,389500.0,224.84419601644325,126.0,173.0,81.0,1.0117466436357798,0.3968253968253968
2014-06-01,2014-08-31,Zip Code: 98102,Single Family Residential,875000.0,750000.0,312.5,19.0,15.0,10.0,0.9695628177530304,0.1052631578947368
2013-07-01,2013-09-30,Zip Code: 98107,Single Family Residential,489000.0,499000.0,288.19444444444446,53.0,55.0,14.0,1.025419638179754,0.6415094339622641
2017-02-01,2017-04-30,Zip Code: 98102,Condo/Co-op,497000.0,452500.0,567.8228733207927,46.0,64.0,9.0,1.0753052094820723,0.717391304347826
2014-12-01,2015-02-28,Zip Code: 98199,Multi-Family (2-4 Unit),490000.0,524950.0,272.22222222222223,1.0,2.0,1.0,0.951641095358322,0.0
2014-10-01,2014-12-31,Zip Code: 98112,Single Family Residential,1118875.0,1172000.0,380.8761961722488,70.0,44.0,18.0,1.0021413991632775,0.2714285714285714
2020-03-01,2020-05-31,Zip Code: 98118,Single Family Residential,695000.0,669000.0,361.13744075829385,95.0,125.0,47.0,1.019385770901913,0.4947368421052631
2012-12-01,2013-02-28,Zip Code: 98126,Multi-Family (2-4 Unit),370000.0,,194.73684210526315,1.0,,,1.0,0.0
2016-07-01,2016-09-30,Zip Code: 98178,Condo/Co-op,111750.0,112500.0,136.3357843137255,4.0,5.0,1.0,1.0191172903147552,0.5
2016-08-01,2016-10-31,Zip Code: 98106,Condo/Co-op,242500.0,231250.0,238.6811023622047,5.0,10.0,1.0,1.008119000211577,0.4
2022-07-01,2022-09-30,Zip Code: 98112,Condo/Co-op,865000.0,799000.0,827.7310924369749,21.0,23.0,7.0,0.9902184563268024,0.238095238095238
2018-07-01,2018-09-30,Zip Code: 98177,Townhouse,417500.0,567944.0,326.09890109890114,2.0,8.0,6.0,1.0063132891611453,0.5
2021-04-01,2021-06-30,Zip Code: 98106,All Residential,645000.0,600000.0,420.6349206349207,179.0,204.0,41.0,1.0568499474836122,0.664804469273743
2015-09-01,2015-11-30,Zip Code: 98115,Condo/Co-op,220000.0,227444.0,263.1578947368421,31.0,28.0,3.0,1.0156658983270086,0.4193548387096774
2021-07-01,2021-09-30,Zip Code: 98126,Townhouse,625000.0,600000.0,453.3898305084746,51.0,51.0,15.0,1.0166998558317992,0.4313725490196078
2018-06-01,2018-08-31,Zip Code: 98122,Single Family Residential,1085000.0,939475.0,530.3030303030304,57.0,72.0,26.0,1.0186430092760692,0.4736842105263157
2014-05-01,2014-07-31,Zip Code: 98133,All Residential,337250.0,347900.0,220.1086956521739,202.0,262.0,122.0,1.0087427354949328,0.4207920792079207
2018-06-01,2018-08-31,Zip Code: 98105,Multi-Family (2-4 Unit),915000.0,1099975.0,421.1256337794032,4.0,8.0,2.0,0.9828718712349002,0.0
2021-06-01,2021-08-31,Zip Code: 98117,All Residential,905000.0,895000.0,525.925925925926,287.0,260.0,40.0,1.0641437410931074,0.5644599303135888
2020-06-01,2020-08-31,Zip Code: 98107,Single Family Residential,936250.0,925000.0,525.4723837209302,60.0,67.0,12.0,1.02877133663677,0.5
2017-12-01,2018-02-28,Zip Code: 98116,Condo/Co-op,452725.0,495000.0,574.0177108151657,10.0,15.0,7.0,1.031609391510825,0.5
2019-03-01,2019-05-31,Zip Code: 98126,Condo/Co-op,440000.0,402500.0,411.0512129380053,21.0,18.0,11.0,0.9953289339009056,0.2857142857142857
2015-09-01,2015-11-30,Zip Code: 98112,Townhouse,668500.0,849950.0,408.7651644991095,4.0,8.0,1.0,1.023292203401772,0.75
2016-07-01,2016-09-30,Zip Code: 98178,Multi-Family (2-4 Unit),560500.0,550000.0,145.96354166666666,1.0,1.0,,1.019090909090909,1.0
2018-02-01,2018-04-30,Zip Code: 98144,Multi-Family (2-4 Unit),1100000.0,1100000.0,417.1931324946664,7.0,5.0,1.0,0.99360773197476,0.1428571428571428
2015-02-01,2015-04-30,Zip Code: 98115,Condo/Co-op,245000.0,249975.0,234.16289592760185,37.0,40.0,6.0,1.0087926218270975,0.4324324324324324
2012-01-01,2012-03-31,Zip Code: 98115,All Residential,393000.0,449000.0,230.2231237322515,114.0,149.0,86.0,0.9783951498303518,0.1929824561403508
2020-04-01,2020-06-30,Zip Code: 98136,Townhouse,567500.0,587950.0,465.34653465346537,11.0,28.0,12.0,1.0064597135997695,0.5454545454545454
2015-06-01,2015-08-31,Zip Code: 98125,All Residential,425500.0,427475.0,261.2072640463808,168.0,162.0,46.0,1.0280297993337062,0.5178571428571429
2018-10-01,2018-12-31,Zip Code: 98117,Multi-Family (2-4 Unit),872500.0,1349500.0,393.0397727272728,2.0,2.0,2.0,0.9980392156862744,0.5
2016-03-01,2016-05-31,Zip Code: 98107,All Residential,540000.0,575000.0,472.60787992495307,191.0,173.0,24.0,1.0453103948577924,0.4764397905759162
2013-10-01,2013-12-31,Zip Code: 98136,Townhouse,362500.0,459950.0,274.30555555555554,9.0,8.0,3.0,0.9937356811875396,0.2222222222222222
2012-11-01,2013-01-31,Zip Code: 98117,Condo/Co-op,275000.0,475000.0,293.28432033814465,6.0,3.0,1.0,0.961767294650671,0.0
2023-10-01,2023-12-31,Zip Code: 98104,Condo/Co-op,402475.0,563750.0,659.2069892473119,16.0,20.0,26.0,0.9888120136319573,0.1875
2015-06-01,2015-08-31,Zip Code: 98105,Townhouse,604000.0,552475.0,374.579836181616,6.0,10.0,4.0,1.0667206005437044,0.3333333333333333
2021-02-01,2021-04-30,Zip Code: 98102,Condo/Co-op,499975.0,465000.0,634.2177154234384,70.0,109.0,64.0,0.990483265303668,0.1285714285714285
2021-01-01,2021-03-31,Zip Code: 98102,Townhouse,989900.0,1010000.0,643.75,35.0,47.0,16.0,0.9926234787579346,0.2285714285714285
2023-04-01,2023-06-30,Zip Code: 98117,Condo/Co-op,672000.0,725000.0,735.7894736842105,17.0,41.0,10.0,0.9953411439628732,0.1764705882352941
2013-07-01,2013-09-30,Zip Code: 98122,Condo/Co-op,257500.0,260000.0,405.6794144351378,50.0,43.0,15.0,1.0052642334253836,0.32
2021-12-01,2022-02-28,Zip Code: 98119,All Residential,792500.0,849972.5,610.1485300813408,82.0,82.0,16.0,1.0199500082985111,0.2926829268292682
2016-04-01,2016-06-30,Zip Code: 98118,Multi-Family (2-4 Unit),445000.0,699000.0,194.0,3.0,9.0,5.0,0.9988154465766406,0.3333333333333333
2023-07-01,2023-09-30,Zip Code: 98122,Single Family Residential,1100000.0,1175000.0,556.9630005068424,53.0,53.0,20.0,1.0047883008435743,0.3773584905660377
2019-11-01,2020-01-31,Zip Code: 98178,Multi-Family (2-4 Unit),560000.0,815000.0,267.34550561797755,4.0,1.0,1.0,0.940319030632852,0.5
2019-05-01,2019-07-31,Zip Code: 98133,Multi-Family (2-4 Unit),912500.0,762000.0,260.71428571428567,1.0,4.0,4.0,1.0429763401531604,1.0
2016-03-01,2016-05-31,Zip Code: 98112,Condo/Co-op,448000.0,462500.0,536.938309215537,35.0,42.0,10.0,1.0080537798315303,0.5428571428571428
2021-08-01,2021-10-31,Zip Code: 98134,Condo/Co-op,418000.0,427000.0,363.4782608695653,4.0,5.0,1.0,0.993342422505386,0.25
2020-05-01,2020-07-31,Zip Code: 98101,Condo/Co-op,797100.0,725000.0,1039.2433250782967,80.0,145.0,103.0,0.9913208062629802,0.05
2015-08-01,2015-10-31,Zip Code: 98134,Condo/Co-op,325000.0,,270.83333333333326,1.0,,,1.181818181818182,1.0
2018-11-01,2019-01-31,Zip Code: 98115,Single Family Residential,820000.0,799000.0,412.37113402061857,101.0,71.0,39.0,0.984566583284357,0.2178217821782178
2012-09-01,2012-11-30,Zip Code: 98102,Multi-Family (2-4 Unit),485000.0,,187.2340425531915,3.0,,2.0,0.961668897813476,0.0
2016-05-01,2016-07-31,Zip Code: 98144,Multi-Family (2-4 Unit),862200.0,782500.0,360.80592071845086,4.0,4.0,2.0,0.9525002148374546,0.25
2016-07-01,2016-09-30,Zip Code: 98112,Single Family Residential,1130000.0,1075000.0,433.78995433789953,79.0,81.0,40.0,1.028070819442816,0.4683544303797468
2013-12-01,2014-02-28,Zip Code: 98144,Condo/Co-op,190500.0,249500.0,263.92961876832845,10.0,5.0,12.0,0.9493544097945474,0.0
2017-06-01,2017-08-31,Zip Code: 98107,Townhouse,735000.0,735000.0,524.7260273972603,63.0,57.0,7.0,1.0432602457350386,0.5714285714285714
2016-06-01,2016-08-31,Zip Code: 98175,Condo/Co-op,279000.0,,293.0672268907564,1.0,,,1.213571117877338,1.0
2015-01-01,2015-03-31,Zip Code: 98122,Townhouse,559900.0,575000.0,395.06172839506166,33.0,29.0,3.0,1.0111462235778772,0.4545454545454545
2017-03-01,2017-05-31,Zip Code: 98133,Condo/Co-op,258000.0,252500.0,328.9710144927536,39.0,46.0,6.0,1.0819843155668296,0.717948717948718
2021-04-01,2021-06-30,Zip Code: 98136,Multi-Family (2-4 Unit),869000.0,1187500.0,523.4939759036145,3.0,2.0,2.0,1.002373015873016,0.3333333333333333
2019-06-01,2019-08-31,Zip Code: 98116,Condo/Co-op,487500.0,629500.0,554.4636792161544,20.0,29.0,14.0,0.9932837691713754,0.1499999999999999
2022-07-01,2022-09-30,Zip Code: 98116,Single Family Residential,988000.0,999990.0,537.3831775700935,63.0,63.0,23.0,0.9971659348258542,0.2539682539682539
2021-09-01,2021-11-30,Zip Code: 98112,Multi-Family (2-4 Unit),1455000.0,1150000.0,511.00948509485096,4.0,3.0,,0.9878654970760234,0.0
2021-12-01,2022-02-28,Zip Code: 98116,Single Family Residential,1070000.0,998000.0,533.9805825242719,41.0,39.0,5.0,1.0689461951321733,0.5609756097560976
2019-06-01,2019-08-31,Zip Code: 98107,All Residential,749950.0,707500.0,502.24215246636766,149.0,136.0,74.0,0.993592873074914,0.1946308724832214
2016-11-01,2017-01-31,Zip Code: 98144,Townhouse,551800.0,617000.0,417.3622704507512,33.0,24.0,11.0,1.0028024477589852,0.2424242424242424
2016-01-01,2016-03-31,Zip Code: 98118,Single Family Residential,461000.0,454975.0,234.8637440758294,84.0,126.0,38.0,1.0386620555260275,0.5476190476190476
2015-12-01,2016-02-29,Zip Code: 98199,Townhouse,854250.0,699000.0,463.7553628618043,10.0,16.0,6.0,1.0263654731248115,0.8
2019-11-01,2020-01-31,Zip Code: 98116,Multi-Family (2-4 Unit),1420000.0,1495000.0,505.33807829181495,3.0,1.0,1.0,0.9970250169033128,0.3333333333333333
2012-04-01,2012-06-30,Zip Code: 98117,Single Family Residential,436000.0,434000.0,244.00977995110023,123.0,139.0,62.0,1.01250066292494,0.4959349593495934
2013-09-01,2013-11-30,Zip Code: 98109,Condo/Co-op,299000.0,320000.0,374.4557329462991,65.0,69.0,38.0,0.9866164853175472,0.1692307692307692
2021-08-01,2021-10-31,Zip Code: 98112,Multi-Family (2-4 Unit),1250000.0,1150000.0,513.8888888888889,5.0,3.0,,1.0402923976608187,0.2
2020-09-01,2020-11-30,Zip Code: 98117,Multi-Family (2-4 Unit),922500.0,932500.0,313.25843274372687,4.0,4.0,1.0,0.9548446840358212,0.25
2013-01-01,2013-03-31,Zip Code: 98105,Multi-Family (2-4 Unit),601833.0,842000.0,179.02149263801246,2.0,6.0,2.0,0.9735380481733656,0.5
2021-02-01,2021-04-30,Zip Code: 98133,Multi-Family (2-4 Unit),815000.0,804975.0,358.2673405855399,6.0,10.0,7.0,1.0540599248594402,0.6666666666666666
2022-06-01,2022-08-31,Zip Code: 98112,Condo/Co-op,732500.0,749000.0,748.7461750629988,18.0,27.0,10.0,1.0157262564590257,0.3888888888888889
2023-05-01,2023-07-31,Zip Code: 98117,All Residential,920000.0,850000.0,574.4355150605152,182.0,204.0,69.0,1.0274595165724236,0.4285714285714285
2012-11-01,2013-01-31,Zip Code: 98107,Condo/Co-op,243500.0,259000.0,309.119784810851,24.0,18.0,6.0,0.9850853538231132,0.25
2020-06-01,2020-08-31,Zip Code: 98119,All Residential,952000.0,842000.0,543.2306255835667,124.0,182.0,89.0,1.0030009319748403,0.3225806451612903
2016-03-01,2016-05-31,Zip Code: 98115,Single Family Residential,750000.0,707500.0,362.3595505617977,153.0,196.0,34.0,1.081812013288102,0.718954248366013
2016-10-01,2016-12-31,Zip Code: 98108,All Residential,451000.0,454995.0,296.67609618104666,73.0,48.0,21.0,1.0155301023654522,0.3972602739726027
2014-03-01,2014-05-31,Zip Code: 98136,Multi-Family (2-4 Unit),395500.0,,223.4463276836158,1.0,,,0.989987484355444,0.0
2012-08-01,2012-10-31,Zip Code: 98102,Single Family Residential,850000.0,699950.0,281.2217194570136,17.0,25.0,10.0,1.0029104519228844,0.2352941176470588
2014-04-01,2014-06-30,Zip Code: 98126,Multi-Family (2-4 Unit),515000.0,475000.0,210.7201309328969,1.0,1.0,,1.0842105263157895,1.0
2013-12-01,2014-02-28,Zip Code: 98108,All Residential,341475.0,317450.0,204.36507936507937,48.0,70.0,42.0,1.0009023705382418,0.2291666666666666
2021-09-01,2021-11-30,Zip Code: 98122,Multi-Family (2-4 Unit),1049980.0,900000.0,527.34375,5.0,7.0,7.0,0.9777430553180688,0.4
2021-10-01,2021-12-31,Zip Code: 98178,Single Family Residential,628000.0,599950.0,349.39205361416947,95.0,71.0,10.0,1.040976763297576,0.5578947368421052
2022-11-01,2023-01-31,Zip Code: 98115,All Residential,932500.0,875000.0,523.4558086379819,118.0,89.0,38.0,0.980307417377752,0.1440677966101695
2022-12-01,2023-02-28,Zip Code: 98133,Townhouse,597500.0,679000.0,425.32467612948005,22.0,45.0,29.0,0.9883618225408228,0.2272727272727272
2021-07-01,2021-09-30,Zip Code: 98108,Single Family Residential,715000.0,667499.5,433.4465973757231,66.0,82.0,22.0,1.0560135235417238,0.6515151515151514
2017-04-01,2017-06-30,Zip Code: 98122,Condo/Co-op,468625.0,406975.0,618.7410100856263,68.0,74.0,5.0,1.083644050612104,0.8088235294117647
2014-06-01,2014-08-31,Zip Code: 98177,Townhouse,332700.0,389000.0,226.1550285906492,6.0,3.0,3.0,1.0181769815980737,0.6666666666666666
2016-02-01,2016-04-30,Zip Code: 98107,Townhouse,649975.0,620000.0,428.3682983682984,26.0,36.0,7.0,1.0281608128449873,0.4615384615384615
2013-05-01,2013-07-31,Zip Code: 98144,Condo/Co-op,240900.0,219900.0,288.92773892773886,29.0,27.0,21.0,1.031755249523419,0.2068965517241379
2021-08-01,2021-10-31,Zip Code: 98144,Townhouse,720000.0,722500.0,533.534743202417,63.0,62.0,20.0,1.0101211193579718,0.3174603174603174
2022-05-01,2022-07-31,Zip Code: 98122,Townhouse,960000.0,914950.0,687.8228782287823,49.0,51.0,17.0,1.0323179309929853,0.4489795918367346
2022-07-01,2022-09-30,Zip Code: 98119,All Residential,945000.0,995000.0,641.304347826087,85.0,113.0,69.0,0.9892963368244296,0.2117647058823529
2013-03-01,2013-05-31,Zip Code: 98105,Single Family Residential,684500.0,650000.0,290.5559515324305,86.0,115.0,27.0,1.020002457822914,0.4767441860465116
2021-01-01,2021-03-31,Zip Code: 98104,All Residential,630000.0,684995.0,618.5897435897435,13.0,35.0,45.0,0.9626065757455166,0.0
2022-05-01,2022-07-31,Zip Code: 98119,Single Family Residential,1650000.0,1550000.0,692.9214402618658,44.0,59.0,19.0,1.0466497420819807,0.4090909090909091
2021-05-01,2021-07-31,Zip Code: 98118,Townhouse,625000.0,624900.0,468.5511713933416,29.0,67.0,35.0,1.0105406301527629,0.2758620689655172
2022-12-01,2023-02-28,Zip Code: 98136,Single Family Residential,928600.0,875000.0,516.2649965646635,26.0,23.0,6.0,1.0212501285424291,0.423076923076923
2013-12-01,2014-02-28,Zip Code: 98102,Townhouse,631500.0,699475.0,407.3388698320997,8.0,8.0,9.0,1.0067447652987618,0.375
2023-01-01,2023-03-31,Zip Code: 98106,All Residential,625000.0,599950.0,429.1187704059631,96.0,87.0,33.0,0.9931248019294864,0.2291666666666666
2023-03-01,2023-05-31,Zip Code: 98116,All Residential,925000.0,949000.0,590.0,107.0,117.0,37.0,1.020965033020051,0.3925233644859813
2013-09-01,2013-11-30,Zip Code: 98133,All Residential,327500.0,324950.0,198.14132104454688,161.0,163.0,82.0,0.996908999327576,0.2981366459627329
2015-03-01,2015-05-31,Zip Code: 98119,Condo/Co-op,365000.0,349950.0,409.09090909090907,59.0,74.0,17.0,1.0198989936323863,0.5084745762711864
2013-05-01,2013-07-31,Zip Code: 98178,All Residential,260250.0,245900.0,140.58054963278843,102.0,147.0,83.0,1.0289369949761558,0.5294117647058822
2019-07-01,2019-09-30,Zip Code: 98116,All Residential,777500.0,792500.0,450.6430149379339,126.0,128.0,63.0,0.9939571656426524,0.2539682539682539
2014-11-01,2015-01-31,Zip Code: 98133,Condo/Co-op,150500.0,164900.0,209.45674877098244,34.0,39.0,25.0,0.9769856881201898,0.2058823529411764
2014-06-01,2014-08-31,Zip Code: 98107,Multi-Family (2-4 Unit),630000.0,750000.0,232.1428571428572,5.0,5.0,3.0,0.9982345267157046,0.2
2013-04-01,2013-06-30,Zip Code: 98199,Multi-Family (2-4 Unit),534750.0,472250.0,248.33916083916083,2.0,4.0,2.0,1.0691345151199163,0.5
2016-12-01,2017-02-28,Zip Code: 98116,Multi-Family (2-4 Unit),980000.0,697500.0,279.2022792022792,1.0,4.0,4.0,0.98009800980098,0.0
2014-02-01,2014-04-30,Zip Code: 98144,Single Family Residential,443500.0,475000.0,241.07142857142856,62.0,71.0,32.0,1.0082593297710436,0.3709677419354838
2021-02-01,2021-04-30,Zip Code: 98115,All Residential,887950.0,870000.0,519.9964909642329,236.0,283.0,51.0,1.0673088513535214,0.5635593220338982
2021-03-01,2021-05-31,Zip Code: 98112,Single Family Residential,1888375.0,1795000.0,675.3378378378378,108.0,131.0,26.0,1.0404868651335597,0.5185185185185184
2022-09-01,2022-11-30,Zip Code: 98122,All Residential,857227.5,844475.0,605.9907834101382,124.0,152.0,76.0,0.985369426229401,0.1451612903225806
2021-02-01,2021-04-30,Zip Code: 98112,Single Family Residential,1892500.0,1795000.0,660.6387217973776,88.0,116.0,25.0,1.0288755690551552,0.4659090909090908
2017-01-01,2017-03-31,Zip Code: 98118,All Residential,465250.0,450000.0,303.2,152.0,151.0,42.0,1.0479853208158385,0.4868421052631579
2018-03-01,2018-05-31,Zip Code: 98104,All Residential,625000.0,695000.0,873.8993710691824,79.0,41.0,14.0,1.019632383279351,0.2784810126582278
2018-07-01,2018-09-30,Zip Code: 98121,All Residential,627500.0,649950.0,775.562399706647,90.0,143.0,102.0,0.9828777029757108,0.1666666666666666
2020-12-01,2021-02-28,Zip Code: 98102,Condo/Co-op,480000.0,475000.0,617.4863387978144,45.0,65.0,47.0,0.9849712819264638,0.0444444444444444
2015-04-01,2015-06-30,Zip Code: 98133,Townhouse,360750.0,332495.0,256.18402358080453,36.0,28.0,5.0,1.0136048735585648,0.4166666666666666
2018-11-01,2019-01-31,Zip Code: 98119,Townhouse,887500.0,875000.0,565.5910234241891,16.0,19.0,19.0,0.9903580700796788,0.1875
2015-06-01,2015-08-31,Zip Code: 98178,Single Family Residential,315000.0,334500.0,179.14583333333334,107.0,112.0,45.0,1.0085372958173702,0.4392523364485981
2016-09-01,2016-11-30,Zip Code: 98136,Condo/Co-op,370000.0,335000.0,331.62047790257407,10.0,7.0,1.0,0.9930855304176588,0.1
2016-07-01,2016-09-30,Zip Code: 98115,Condo/Co-op,294250.0,289000.0,315.7041349164874,40.0,52.0,11.0,1.0420859434263314,0.625
2021-08-01,2021-10-31,Zip Code: 98121,Condo/Co-op,665000.0,715000.0,833.8278931750742,159.0,129.0,62.0,0.9986198873552822,0.2327044025157232
2015-04-01,2015-06-30,Zip Code: 98116,Single Family Residential,570000.0,584994.0,298.9130434782609,107.0,100.0,26.0,1.04399227735834,0.6074766355140186
2014-05-01,2014-07-31,Zip Code: 98116,Multi-Family (2-4 Unit),1300000.0,1065000.0,293.6525864016264,1.0,1.0,3.0,0.9420289855072465,0.0
2012-04-01,2012-06-30,Zip Code: 98116,Condo/Co-op,375000.0,294000.0,300.40053404539384,21.0,34.0,34.0,0.9762906589137834,0.0476190476190476
2015-03-01,2015-05-31,Zip Code: 98122,All Residential,510000.0,519000.0,390.4761904761905,139.0,179.0,46.0,1.0256362155260088,0.5467625899280576
2014-08-01,2014-10-31,Zip Code: 98125,Townhouse,292000.0,297475.0,219.53125,13.0,10.0,5.0,0.983092527430421,0.3846153846153846
2020-02-01,2020-04-30,Zip Code: 98107,Multi-Family (2-4 Unit),925000.0,995000.0,426.4744296743484,8.0,7.0,6.0,1.0220286194568982,0.375
2016-10-01,2016-12-31,Zip Code: 98112,Condo/Co-op,515000.0,512000.0,582.2334680050537,8.0,10.0,3.0,1.005040495286452,0.375
2017-07-01,2017-09-30,Zip Code: 98107,All Residential,730000.0,737000.0,530.4101838755304,159.0,164.0,23.0,1.0614016000684228,0.6163522012578616
2020-01-01,2020-03-31,Zip Code: 98136,Single Family Residential,849018.0,800000.0,412.69139499406737,46.0,57.0,12.0,1.0226300291834456,0.4130434782608695
2023-08-01,2023-10-31,Zip Code: 98117,Single Family Residential,993250.0,998500.0,548.0509745127436,80.0,84.0,24.0,1.0306010336429343,0.4625
2015-02-01,2015-04-30,Zip Code: 98118,Single Family Residential,417500.0,399000.0,234.20415863043132,130.0,176.0,70.0,1.0374074855899065,0.5307692307692307
2018-09-01,2018-11-30,Zip Code: 98122,All Residential,730000.0,725000.0,549.1852745926373,125.0,163.0,66.0,0.9891637053830494,0.2
2017-06-01,2017-08-31,Zip Code: 98119,Multi-Family (2-4 Unit),1202500.0,1372950.0,436.7792200826048,2.0,2.0,1.0,1.1175864214678597,1.0
2013-05-01,2013-07-31,Zip Code: 98119,Townhouse,535000.0,629950.0,308.15972222222223,22.0,25.0,12.0,1.0014745676780563,0.2727272727272727
2023-09-01,2023-11-30,Zip Code: 98107,Single Family Residential,1200000.0,1099000.0,588.8888888888889,29.0,36.0,7.0,1.0060978823827855,0.4137931034482758
2021-03-01,2021-05-31,Zip Code: 98125,Condo/Co-op,325000.0,339975.0,390.2116402116402,19.0,18.0,8.0,1.0120219585583197,0.4210526315789473
2015-07-01,2015-09-30,Zip Code: 98144,Single Family Residential,589500.0,624475.0,309.0300419189568,92.0,106.0,42.0,1.0483423140196169,0.5217391304347825
2020-08-01,2020-10-31,Zip Code: 98125,Multi-Family (2-4 Unit),800000.0,1250000.0,244.64831804281343,1.0,5.0,3.0,1.0012515644555695,1.0
2018-10-01,2018-12-31,Zip Code: 98113,All Residential,640000.0,629500.0,359.55056179775283,1.0,1.0,,1.016679904686259,1.0
2016-08-01,2016-10-31,Zip Code: 98125,Townhouse,415000.0,397413.0,321.52612395446096,16.0,16.0,4.0,1.0250540138727626,0.4375
2014-06-01,2014-08-31,Zip Code: 98134,Condo/Co-op,228000.0,,198.2608695652174,1.0,,,0.9559748427672956,0.0
2013-07-01,2013-09-30,Zip Code: 98133,All Residential,323000.0,319950.0,205.45454545454547,187.0,225.0,112.0,1.009126186371169,0.4117647058823529
2014-05-01,2014-07-31,Zip Code: 98116,All Residential,542000.0,549000.0,292.8930817610063,136.0,163.0,67.0,1.0061453472420958,0.4044117647058823
2014-12-01,2015-02-28,Zip Code: 98133,Condo/Co-op,178250.0,160950.0,209.45674877098244,34.0,38.0,22.0,0.9809061724019988,0.2352941176470588
2018-06-01,2018-08-31,Zip Code: 98134,Single Family Residential,875000.0,775000.0,485.30227398779806,1.0,2.0,1.0,1.0,0.0
2017-02-01,2017-04-30,Zip Code: 98106,Multi-Family (2-4 Unit),700000.0,1086975.0,236.48648648648648,1.0,2.0,,1.0,0.0
2012-03-01,2012-05-31,Zip Code: 98199,Townhouse,409950.0,409950.0,235.6741573033708,3.0,11.0,5.0,0.9950248756218903,0.0
2018-08-01,2018-10-31,Zip Code: 98116,All Residential,730000.0,729999.0,459.2586666666666,101.0,160.0,80.0,0.997925752608055,0.2574257425742574
2015-06-01,2015-08-31,Zip Code: 98136,Townhouse,419000.0,414475.0,312.67345050878816,13.0,12.0,1.0,1.024066295330678,0.6153846153846154
2021-07-01,2021-09-30,Zip Code: 98125,Condo/Co-op,352500.0,354500.0,397.7541371158392,24.0,32.0,10.0,1.0087320741693375,0.375
2015-02-01,2015-04-30,Zip Code: 98136,Condo/Co-op,230000.0,266750.0,312.5,7.0,16.0,4.0,0.9796037975733726,0.1428571428571428
2016-12-01,2017-02-28,Zip Code: 98126,Single Family Residential,524500.0,549000.0,337.56345177664974,79.0,64.0,11.0,1.0251693570506406,0.5316455696202531
2023-11-01,2024-01-31,Zip Code: 98199,Single Family Residential,1245000.0,1100000.0,571.4694929819536,35.0,38.0,11.0,1.0152910923472538,0.3142857142857142
2018-05-01,2018-07-31,Zip Code: 98144,Single Family Residential,863300.0,850000.0,449.11242603550295,79.0,87.0,27.0,1.0404135780231982,0.4430379746835442
2014-01-01,2014-03-31,Zip Code: 98118,Single Family Residential,323500.0,369000.0,179.5637743006164,102.0,113.0,72.0,1.014413126132402,0.4313725490196078
2019-05-01,2019-07-31,Zip Code: 98107,Townhouse,749950.0,749950.0,510.71428571428567,65.0,61.0,24.0,0.9973439417110608,0.1538461538461538
2022-04-01,2022-06-30,Zip Code: 98136,All Residential,965000.0,899450.0,556.8181818181819,111.0,130.0,27.0,1.1048391797402934,0.7567567567567568
2016-01-01,2016-03-31,Zip Code: 98102,Townhouse,819975.0,824950.0,508.43350982793214,14.0,14.0,5.0,1.0126787254477343,0.2857142857142857
2023-10-01,2023-12-31,Zip Code: 98112,Multi-Family (2-4 Unit),1540000.0,,431.6143497757848,1.0,,1.0,0.9058823529411764,0.0
2015-06-01,2015-08-31,Zip Code: 98118,All Residential,400000.0,399950.0,239.3617021276596,175.0,181.0,83.0,1.0365281276564553,0.4914285714285714
2017-03-01,2017-05-31,Zip Code: 98116,Multi-Family (2-4 Unit),925000.0,,420.07100476607326,2.0,,1.0,1.0070808992742075,0.5
2021-01-01,2021-03-31,Zip Code: 98116,Single Family Residential,911000.0,932000.0,486.81327940680814,70.0,74.0,13.0,1.0481464498383617,0.5428571428571428
2018-07-01,2018-09-30,Zip Code: 98122,All Residential,750000.0,710000.0,565.0,117.0,191.0,100.0,1.0062566983884074,0.4017094017094017
2016-02-01,2016-04-30,Zip Code: 98116,Townhouse,624950.0,624970.0,395.83585146387327,30.0,32.0,9.0,0.9965541544867198,0.1333333333333333
2016-10-01,2016-12-31,Zip Code: 98178,All Residential,385000.0,384749.5,220.3947368421053,85.0,66.0,36.0,1.0020409952390412,0.3176470588235293
2022-09-01,2022-11-30,Zip Code: 98101,Condo/Co-op,679475.0,659450.0,905.3815884547032,40.0,58.0,54.0,0.9851135898660736,0.0749999999999999
2018-08-01,2018-10-31,Zip Code: 98122,Townhouse,743000.0,735000.0,542.8609769189479,24.0,45.0,18.0,1.0007815062072736,0.3333333333333333
2017-04-01,2017-06-30,Zip Code: 98199,Condo/Co-op,422500.0,389500.0,441.9053549190536,26.0,25.0,1.0,1.0589251583243453,0.6538461538461539
2022-03-01,2022-05-31,Zip Code: 98104,All Residential,415000.0,610500.0,664.6234676007006,45.0,70.0,36.0,0.9952875925794769,0.2
2013-04-01,2013-06-30,Zip Code: 98122,Townhouse,452000.0,437475.0,326.64697802197804,17.0,38.0,13.0,1.02765057013134,0.5294117647058822
2018-10-01,2018-12-31,Zip Code: 98105,Single Family Residential,1012500.0,1034500.0,443.3929031973983,46.0,36.0,16.0,1.0091725852327127,0.3695652173913043
2017-10-01,2017-12-31,Zip Code: 98122,Condo/Co-op,500000.0,479500.0,657.8947368421053,55.0,36.0,1.0,1.0469982396046256,0.6545454545454545
2020-11-01,2021-01-31,Zip Code: 98118,All Residential,625000.0,629900.0,400.4352872896112,149.0,139.0,54.0,1.0192529479000307,0.3624161073825503
2014-04-01,2014-06-30,Zip Code: 98105,All Residential,635000.0,675000.0,344.26605504587155,89.0,118.0,40.0,1.0394225657398728,0.5056179775280899
2014-10-01,2014-12-31,Zip Code: 98199,Townhouse,477975.0,477475.0,310.86387434554973,28.0,22.0,4.0,1.0048923126746574,0.3928571428571428
2020-09-01,2020-11-30,Zip Code: 98144,All Residential,756500.0,737440.0,465.11627906976736,163.0,154.0,67.0,1.0148849403005789,0.3680981595092024
2021-07-01,2021-09-30,Zip Code: 98107,Townhouse,775000.0,766475.0,607.7844311377246,67.0,76.0,12.0,1.0147647842867802,0.417910447761194
2018-06-01,2018-08-31,Zip Code: 98118,All Residential,587500.0,580000.0,381.3832161589109,144.0,195.0,90.0,1.0280485758889788,0.4375
2013-09-01,2013-11-30,Zip Code: 98133,Condo/Co-op,171075.0,150000.0,164.15737969007347,22.0,21.0,17.0,1.0090699549917348,0.3181818181818181
2022-06-01,2022-08-31,Zip Code: 98136,Townhouse,752000.0,744495.0,549.820788530466,19.0,22.0,10.0,1.0215438035742133,0.4736842105263157
2023-12-01,2024-02-29,Zip Code: 98108,All Residential,716250.0,799000.0,461.86812613114296,36.0,61.0,32.0,0.9995001550827451,0.3611111111111111
2022-03-01,2022-05-31,Zip Code: 98133,Townhouse,747415.0,829915.0,510.392670157068,60.0,68.0,35.0,1.0397643068678974,0.5166666666666667
2016-03-01,2016-05-31,Zip Code: 98144,Townhouse,522500.0,520000.0,394.70724775597336,28.0,52.0,15.0,1.057032512447168,0.5
2016-05-01,2016-07-31,Zip Code: 98117,Townhouse,650000.0,625000.0,433.33333333333326,22.0,27.0,7.0,1.0145064780669582,0.4090909090909091
2016-04-01,2016-06-30,Zip Code: 98102,All Residential,500000.0,495000.0,522.3735408560311,111.0,129.0,32.0,1.0330813645564878,0.4684684684684684
2017-07-01,2017-09-30,Zip Code: 98102,Townhouse,904995.0,944990.0,633.102823096433,22.0,24.0,9.0,1.0102825032964515,0.3181818181818181
2023-11-01,2024-01-31,Zip Code: 98178,Townhouse,630000.0,832750.0,373.4439834024896,1.0,2.0,1.0,0.984375,0.0
2014-12-01,2015-02-28,Zip Code: 98133,All Residential,335000.0,342500.0,232.1428571428572,151.0,142.0,64.0,0.9936696566873104,0.2847682119205298
2012-09-01,2012-11-30,Zip Code: 98109,Condo/Co-op,293000.0,325000.0,311.704834605598,41.0,39.0,31.0,0.9842317994504816,0.1463414634146341
2013-02-01,2013-04-30,Zip Code: 98116,Single Family Residential,461500.0,517000.0,250.1522533495737,53.0,87.0,29.0,1.0094616648725068,0.3773584905660377
2012-09-01,2012-11-30,Zip Code: 98105,Multi-Family (2-4 Unit),658950.0,519475.0,198.57992509081328,4.0,4.0,1.0,0.9586653917615648,0.0
2018-04-01,2018-06-30,Zip Code: 98109,Single Family Residential,1367500.0,1397450.0,577.6383556512783,40.0,48.0,10.0,1.039621211874048,0.5999999999999999
2013-09-01,2013-11-30,Zip Code: 98106,Townhouse,246444.0,274950.0,172.4644674132954,12.0,19.0,24.0,0.9917498931532304,0.1666666666666666
2016-08-01,2016-10-31,Zip Code: 98122,Single Family Residential,757500.0,800000.0,412.757747924742,66.0,71.0,21.0,1.03647309518103,0.4393939393939393
2022-02-01,2022-04-30,Zip Code: 98115,Multi-Family (2-4 Unit),1319309.0,1650000.0,448.221797235023,4.0,4.0,1.0,1.0083992144342144,0.5
2017-09-01,2017-11-30,Zip Code: 98133,All Residential,550000.0,541500.0,341.6744086150404,236.0,198.0,41.0,1.0257175611421814,0.5296610169491525
2017-08-01,2017-10-31,Zip Code: 98117,Single Family Residential,750500.0,699950.0,420.421955605026,142.0,133.0,23.0,1.056791916799201,0.6338028169014084
2020-03-01,2020-05-31,Zip Code: 98178,Single Family Residential,549500.0,539500.0,287.709497206704,75.0,110.0,27.0,1.0167835611055327,0.5066666666666667
2016-03-01,2016-05-31,Zip Code: 98116,All Residential,635000.0,635000.0,378.581173260573,109.0,171.0,52.0,1.036210370438347,0.5321100917431193
2014-10-01,2014-12-31,Zip Code: 98194,All Residential,595000.0,,479.8387096774193,1.0,,,1.0,0.0
2019-09-01,2019-11-30,Zip Code: 98136,Condo/Co-op,336500.0,369475.0,479.46781417405816,6.0,8.0,5.0,0.990128519482526,0.3333333333333333
2012-08-01,2012-10-31,Zip Code: 98117,Condo/Co-op,285000.0,284725.0,268.75,11.0,4.0,,0.9658424733022226,0.0
2021-02-01,2021-04-30,Zip Code: 98116,Condo/Co-op,575000.0,515000.0,546.2822458270106,29.0,41.0,22.0,1.0019240782342942,0.3793103448275861
2013-07-01,2013-09-30,Zip Code: 98144,Multi-Family (2-4 Unit),382500.0,465000.0,195.30970282849984,4.0,9.0,7.0,1.076097776291857,0.5
2019-03-01,2019-05-31,Zip Code: 98178,Condo/Co-op,150750.0,198000.0,219.4632981397687,2.0,7.0,1.0,1.0048465014804426,0.5
2013-05-01,2013-07-31,Zip Code: 98107,All Residential,425000.0,419000.0,306.20155038759685,134.0,169.0,49.0,1.0071181814580508,0.4104477611940298
2014-06-01,2014-08-31,Zip Code: 98133,Single Family Residential,368475.0,359950.0,231.46065722037983,136.0,158.0,72.0,1.0126323708230769,0.4485294117647059
2012-10-01,2012-12-31,Zip Code: 98108,Single Family Residential,250000.0,253250.0,133.70473537604457,57.0,40.0,40.0,0.9889049522376598,0.263157894736842
2021-02-01,2021-04-30,Zip Code: 98177,Condo/Co-op,453437.5,274950.0,345.61903742661445,4.0,4.0,,1.0085382797869458,0.5
2020-10-01,2020-12-31,Zip Code: 98118,Townhouse,599990.0,599990.0,387.12522045855377,45.0,62.0,33.0,0.9993809390931688,0.2
2012-06-01,2012-08-31,Zip Code: 98105,Townhouse,429500.0,414000.0,263.33537706928263,3.0,4.0,6.0,0.9487487242229729,0.0
2018-04-01,2018-06-30,Zip Code: 98101,Condo/Co-op,780500.0,795000.0,824.4039408866995,72.0,88.0,61.0,1.0001141464970595,0.2916666666666666
2021-06-01,2021-08-31,Zip Code: 98108,All Residential,672500.0,614948.0,443.2630306756181,110.0,147.0,49.0,1.055537578591093,0.6909090909090909
2015-01-01,2015-03-31,Zip Code: 98118,Condo/Co-op,269250.0,214900.0,306.7586990548432,6.0,5.0,3.0,0.9890205061967432,0.1666666666666666
2016-04-01,2016-06-30,Zip Code: 98102,Condo/Co-op,384300.0,395750.0,543.5358194946908,74.0,90.0,21.0,1.0449895341734956,0.581081081081081
2017-08-01,2017-10-31,Zip Code: 98125,Condo/Co-op,325000.0,288800.0,288.3834281072299,21.0,29.0,5.0,1.0657354084525608,0.619047619047619
2023-01-01,2023-03-31,Zip Code: 98136,Condo/Co-op,449000.0,450000.0,536.2623762376238,7.0,9.0,1.0,1.0030131439757792,0.2857142857142857
2020-05-01,2020-07-31,Zip Code: 98108,Townhouse,552500.0,584974.5,447.4197311591876,16.0,26.0,16.0,0.997662888314402,0.3125
2017-10-01,2017-12-31,Zip Code: 98126,Multi-Family (2-4 Unit),884250.0,,330.538507043295,2.0,,,0.9998235401127888,0.5
2013-05-01,2013-07-31,Zip Code: 98122,All Residential,435000.0,434950.0,311.98830409356725,145.0,209.0,79.0,1.0227757847611414,0.5034482758620689
2014-12-01,2015-02-28,Zip Code: 98104,Condo/Co-op,429000.0,270000.0,361.7200674536256,17.0,17.0,7.0,0.9795138337582184,0.0588235294117647
2019-02-01,2019-04-30,Zip Code: 98119,Single Family Residential,1289500.0,1295000.0,517.8571428571429,33.0,67.0,28.0,0.9891306087883148,0.2121212121212121
2015-11-01,2016-01-31,Zip Code: 98112,Condo/Co-op,395000.0,389000.0,515.1515151515151,13.0,13.0,7.0,1.0236883836642636,0.5384615384615384
2021-06-01,2021-08-31,Zip Code: 98122,Townhouse,787000.0,825000.0,597.5100603621729,74.0,77.0,17.0,1.0068258948216913,0.2567567567567567
2012-05-01,2012-07-31,Zip Code: 98104,Condo/Co-op,198300.0,279900.0,290.0,18.0,17.0,17.0,1.0052547018233446,0.2222222222222222
2019-10-01,2019-12-31,Zip Code: 98112,Townhouse,729000.0,759000.0,565.3594771241832,11.0,15.0,5.0,0.9851920139911972,0.0
2012-03-01,2012-05-31,Zip Code: 98118,Townhouse,229950.0,219000.0,174.6109960261034,12.0,19.0,6.0,1.010125553494408,0.3333333333333333
2017-04-01,2017-06-30,Zip Code: 98116,Multi-Family (2-4 Unit),625000.0,799000.0,369.1275167785235,3.0,1.0,1.0,1.0047205995161386,0.3333333333333333
2017-02-01,2017-04-30,Zip Code: 98116,All Residential,675000.0,650000.0,403.9361089457946,118.0,133.0,29.0,1.0532001593061675,0.5762711864406779
2021-07-01,2021-09-30,Zip Code: 98125,Single Family Residential,876600.0,799997.5,503.0487804878049,127.0,142.0,23.0,1.0769412746578784,0.637795275590551
2017-09-01,2017-11-30,Zip Code: 98112,All Residential,1002200.0,1127500.0,530.0059259259259,96.0,102.0,24.0,1.0263172638386184,0.4791666666666666
2016-02-01,2016-04-30,Zip Code: 98144,Single Family Residential,619999.0,625000.0,353.9309859154929,55.0,81.0,27.0,1.0582885432632223,0.5272727272727272
2020-08-01,2020-10-31,Zip Code: 98112,Single Family Residential,1486000.0,1495000.0,587.8787878787879,93.0,111.0,42.0,1.012261105084532,0.4193548387096774
2015-03-01,2015-05-31,Zip Code: 98133,Single Family Residential,417000.0,400000.0,245.98930481283423,145.0,168.0,45.0,1.0372462835698355,0.5999999999999999
2018-05-01,2018-07-31,Zip Code: 98116,Multi-Family (2-4 Unit),1888000.0,1467500.0,522.9916897506926,1.0,3.0,4.0,1.0,0.0
2017-05-01,2017-07-31,Zip Code: 98178,Condo/Co-op,230000.0,204975.0,249.728555917481,1.0,6.0,3.0,1.0,0.0
2020-11-01,2021-01-31,Zip Code: 98178,Single Family Residential,557500.0,594475.0,303.78151260504205,84.0,54.0,7.0,1.0189190473320813,0.488095238095238
2018-05-01,2018-07-31,Zip Code: 98105,Single Family Residential,1075000.0,1099950.0,498.49397590361446,71.0,101.0,33.0,1.04880012092634,0.5211267605633803
2017-01-01,2017-03-31,Zip Code: 98125,Single Family Residential,610000.0,584000.0,317.4157303370786,53.0,71.0,15.0,1.040321477450318,0.5283018867924528
2017-02-01,2017-04-30,Zip Code: 98117,All Residential,745250.0,699900.0,419.7457995873279,126.0,137.0,22.0,1.0826628626420047,0.6587301587301587
2018-11-01,2019-01-31,Zip Code: 98125,Multi-Family (2-4 Unit),797500.0,797500.0,297.1932666572757,2.0,2.0,1.0,1.0,0.0
2013-11-01,2014-01-31,Zip Code: 98118,All Residential,297200.0,324975.0,186.83274021352312,103.0,98.0,87.0,0.9914040321859712,0.262135922330097
2012-09-01,2012-11-30,Zip Code: 98116,Townhouse,379000.0,404950.0,267.6348547717842,7.0,7.0,7.0,0.9894221541936072,0.1428571428571428
2018-12-01,2019-02-28,Zip Code: 98133,Condo/Co-op,283500.0,299950.0,329.89500764844945,28.0,21.0,13.0,0.988485295488914,0.1785714285714285
2012-03-01,2012-05-31,Zip Code: 98117,Single Family Residential,440500.0,449000.0,230.1136363636364,125.0,139.0,46.0,1.0130567329113942,0.504
2016-03-01,2016-05-31,Zip Code: 98108,All Residential,454500.0,448500.0,260.64002828854314,94.0,109.0,22.0,1.0471274110524222,0.5319148936170212
2014-07-01,2014-09-30,Zip Code: 98178,Condo/Co-op,53875.0,49500.0,79.0923231180584,2.0,2.0,1.0,1.0,0.0
2013-09-01,2013-11-30,Zip Code: 98115,Single Family Residential,515500.0,535000.0,257.84753363228697,141.0,119.0,28.0,1.0138496397942127,0.4397163120567376
2023-04-01,2023-06-30,Zip Code: 98119,All Residential,907000.0,847440.0,628.956228956229,81.0,84.0,36.0,0.9974035620981184,0.2098765432098765
2019-07-01,2019-09-30,Zip Code: 98122,Multi-Family (2-4 Unit),973250.0,1995000.0,420.1590106007067,2.0,3.0,2.0,1.0041713014460512,0.5
2018-08-01,2018-10-31,Zip Code: 98134,All Residential,410000.0,399950.0,356.5217391304348,3.0,1.0,2.0,0.984126984126984,0.0
2012-02-01,2012-04-30,Zip Code: 98136,Single Family Residential,437500.0,467500.0,208.04786180472124,46.0,68.0,35.0,0.9720965905846544,0.2608695652173913
2018-01-01,2018-03-31,Zip Code: 98136,Condo/Co-op,437500.0,417500.0,483.99530782966497,4.0,8.0,2.0,1.0460786435786436,0.5
2013-08-01,2013-10-31,Zip Code: 98115,Multi-Family (2-4 Unit),613000.0,464950.0,204.7199919373803,2.0,4.0,4.0,0.9642769173353236,0.0
2013-01-01,2013-03-31,Zip Code: 98118,Condo/Co-op,125000.0,99000.0,211.4989733059548,5.0,3.0,2.0,0.957945356096516,0.2
2014-09-01,2014-11-30,Zip Code: 98105,Multi-Family (2-4 Unit),1088000.0,833999.5,295.6214809645819,8.0,4.0,2.0,1.0387919982557596,0.375
2023-07-01,2023-09-30,Zip Code: 98136,Condo/Co-op,500000.0,387250.0,608.1785345717234,6.0,8.0,2.0,1.0009614143760486,0.1666666666666666
2013-08-01,2013-10-31,Zip Code: 98144,Multi-Family (2-4 Unit),413000.0,474475.0,176.91647597254004,8.0,6.0,4.0,1.007522421376008,0.25
2020-11-01,2021-01-31,Zip Code: 98122,All Residential,775500.0,741975.0,558.1824482370268,128.0,120.0,67.0,0.9945751056978336,0.234375
2016-03-01,2016-05-31,Zip Code: 98104,Condo/Co-op,360888.5,339950.0,533.9041446005066,26.0,27.0,8.0,1.0136148507076912,0.3846153846153846
2012-04-01,2012-06-30,Zip Code: 98133,All Residential,264250.0,289900.0,168.1907771242648,158.0,181.0,106.0,0.9997670845093016,0.310126582278481
2017-07-01,2017-09-30,Zip Code: 98178,All Residential,427000.0,452500.0,232.3828125,97.0,134.0,65.0,1.021577788568026,0.5051546391752577
2019-09-01,2019-11-30,Zip Code: 98112,Townhouse,730000.0,752000.0,577.3286467486819,9.0,14.0,4.0,1.0062950263377093,0.3333333333333333
2023-03-01,2023-05-31,Zip Code: 98106,Single Family Residential,734000.0,699475.0,476.2127220653328,48.0,72.0,20.0,1.0261518141911683,0.4375
2020-07-01,2020-09-30,Zip Code: 98104,Condo/Co-op,615000.0,625600.0,623.3878968253969,22.0,62.0,48.0,0.9866397438076344,0.0909090909090909
2018-08-01,2018-10-31,Zip Code: 98104,Condo/Co-op,405000.0,661900.0,666.6666666666665,13.0,29.0,25.0,0.9936430440664468,0.1538461538461538
2021-04-01,2021-06-30,Zip Code: 98107,Condo/Co-op,470000.0,474975.0,578.1179138321995,67.0,46.0,13.0,0.999423545682342,0.1940298507462686
2020-12-01,2021-02-28,Zip Code: 98144,Single Family Residential,824000.0,750000.0,460.8093049803546,46.0,45.0,10.0,1.0276720160558073,0.4347826086956521
2016-11-01,2017-01-31,Zip Code: 98107,All Residential,661000.0,729000.0,454.25531914893617,110.0,86.0,12.0,1.0131002330120538,0.4181818181818181
2018-07-01,2018-09-30,Zip Code: 98175,Townhouse,577000.0,,417.8131788559015,1.0,,,0.9697478991596638,0.0
2018-12-01,2019-02-28,Zip Code: 98108,All Residential,522500.0,559500.0,345.95258299262,48.0,46.0,42.0,0.9922803575496518,0.2708333333333333
2014-01-01,2014-03-31,Zip Code: 98199,Townhouse,414975.0,404475.0,305.0739199962918,8.0,12.0,3.0,0.9963712133537014,0.25
2017-11-01,2018-01-31,Zip Code: 98133,Single Family Residential,584500.0,575000.0,327.5367701678799,94.0,65.0,21.0,1.018684579637928,0.425531914893617
2019-03-01,2019-05-31,Zip Code: 98105,Multi-Family (2-4 Unit),957625.0,900000.0,372.7419549801225,2.0,3.0,4.0,0.937029791816224,0.0
2021-05-01,2021-07-31,Zip Code: 98199,Multi-Family (2-4 Unit),790000.0,774950.0,510.6741573033708,5.0,3.0,1.0,1.0236509094201007,0.5999999999999999
2018-03-01,2018-05-31,Zip Code: 98112,Townhouse,860000.0,830000.0,651.3333333333334,7.0,8.0,1.0,1.0898762045088015,0.7142857142857143
2012-02-01,2012-04-30,Zip Code: 98108,All Residential,212500.0,264875.0,139.9,43.0,90.0,76.0,0.9902639157278686,0.2325581395348837
2021-09-01,2021-11-30,Zip Code: 98112,Townhouse,767425.0,788950.0,649.8596765455563,24.0,20.0,6.0,1.0126309162330391,0.3333333333333333
2014-01-01,2014-03-31,Zip Code: 98104,Condo/Co-op,403100.0,284250.0,446.3894967177242,11.0,26.0,22.0,0.974813815044408,0.2727272727272727
2017-12-01,2018-02-28,Zip Code: 98133,Townhouse,639950.0,639950.0,395.5275162227948,28.0,13.0,1.0,1.0497742441963418,0.5357142857142857
2020-02-01,2020-04-30,Zip Code: 98117,All Residential,767500.0,839000.0,458.7280514991359,132.0,153.0,45.0,1.034629288156666,0.5530303030303029
2022-11-01,2023-01-31,Zip Code: 98125,Single Family Residential,745950.0,772475.0,474.68354430379753,55.0,46.0,21.0,0.9751132784686806,0.1636363636363636
2013-02-01,2013-04-30,Zip Code: 98177,Condo/Co-op,317500.0,149500.0,187.23771502419245,8.0,5.0,2.0,0.9678950813457844,0.125
2013-03-01,2013-05-31,Zip Code: 98102,Condo/Co-op,305000.0,315000.0,372.3329619082993,65.0,79.0,32.0,1.010346793253583,0.4307692307692307
2020-03-01,2020-05-31,Zip Code: 98133,Townhouse,550000.0,562000.0,397.0964987190436,23.0,38.0,16.0,1.0062539894224691,0.3913043478260869
2019-04-01,2019-06-30,Zip Code: 98107,Single Family Residential,860000.0,875000.0,500.2582644628099,82.0,83.0,15.0,1.0173857377463733,0.3902439024390244
2023-01-01,2023-03-31,Zip Code: 98106,Condo/Co-op,579000.0,550000.0,522.1238938053098,7.0,11.0,4.0,1.0025974025974025,0.1428571428571428
2016-05-01,2016-07-31,Zip Code: 98125,Multi-Family (2-4 Unit),679000.0,799980.0,191.80790960451972,1.0,1.0,1.0,0.9713876967095852,0.0
2019-11-01,2020-01-31,Zip Code: 98109,Townhouse,835000.0,767000.0,598.4999141942843,6.0,6.0,1.0,0.975968695272086,0.0
2013-03-01,2013-05-31,Zip Code: 98119,Multi-Family (2-4 Unit),512500.0,599925.0,205.0,2.0,8.0,5.0,1.0036107565018648,0.5
2019-07-01,2019-09-30,Zip Code: 98134,Condo/Co-op,543000.0,559000.0,707.03125,1.0,1.0,,0.9713774597495528,0.0
2018-07-01,2018-09-30,Zip Code: 98134,Single Family Residential,875000.0,775000.0,485.30227398779806,1.0,2.0,1.0,1.0,0.0
2021-07-01,2021-09-30,Zip Code: 98118,Multi-Family (2-4 Unit),1150000.0,899000.0,334.1433778857837,5.0,7.0,3.0,0.9789487017632748,0.2
2016-01-01,2016-03-31,Zip Code: 98144,Townhouse,519950.0,524950.0,365.984251968504,19.0,33.0,13.0,1.025040892275049,0.4210526315789473
2022-08-01,2022-10-31,Zip Code: 98118,All Residential,739000.0,694000.0,449.3243243243243,117.0,134.0,87.0,0.9996652484964816,0.2991452991452991
2019-11-01,2020-01-31,Zip Code: 98117,Multi-Family (2-4 Unit),835000.0,1450000.0,417.5,3.0,3.0,5.0,0.944514472455649,0.0
2018-07-01,2018-09-30,Zip Code: 98144,Multi-Family (2-4 Unit),1050000.0,995000.0,734.2657342657343,1.0,5.0,4.0,1.0552763819095476,1.0
2015-10-01,2015-12-31,Zip Code: 98102,All Residential,625000.0,507475.0,493.92712550607285,81.0,62.0,17.0,1.011159833777179,0.3703703703703703
2017-02-01,2017-04-30,Zip Code: 98105,Condo/Co-op,455000.0,450000.0,567.1447196870926,17.0,22.0,7.0,1.0476189347548643,0.5294117647058822
2021-11-01,2022-01-31,Zip Code: 98133,Multi-Family (2-4 Unit),1135000.0,,414.0907549728752,2.0,,2.0,0.9736474522919536,0.0
2016-01-01,2016-03-31,Zip Code: 98107,All Residential,426900.0,524950.0,506.4949811960378,190.0,157.0,23.0,1.034838659700329,0.4578947368421052
2013-07-01,2013-09-30,Zip Code: 98117,Multi-Family (2-4 Unit),522412.5,480000.0,214.3840604732636,6.0,1.0,1.0,0.9516734193706348,0.1666666666666666
2019-03-01,2019-05-31,Zip Code: 98109,Condo/Co-op,513750.0,509000.0,607.9651261215506,64.0,93.0,65.0,0.9842243896992556,0.125
2022-07-01,2022-09-30,Zip Code: 98109,Single Family Residential,1860000.0,1472500.0,687.3324270231489,16.0,30.0,17.0,1.0145163810952966,0.5625
2022-04-01,2022-06-30,Zip Code: 98118,Single Family Residential,860000.0,800000.0,511.8243243243243,117.0,151.0,54.0,1.0911606498743678,0.641025641025641
2021-09-01,2021-11-30,Zip Code: 98115,Multi-Family (2-4 Unit),1005000.0,1095000.0,395.6692913385827,3.0,5.0,2.0,0.9635779474617197,0.3333333333333333
2022-03-01,2022-05-31,Zip Code: 98118,Townhouse,799000.0,827445.0,513.2962275819417,33.0,42.0,9.0,1.0396351738490226,0.5757575757575758
2017-01-01,2017-03-31,Zip Code: 98199,Condo/Co-op,332500.0,285000.0,401.14675813828353,22.0,25.0,7.0,1.019790598884634,0.3181818181818181
2017-02-01,2017-04-30,Zip Code: 98136,Multi-Family (2-4 Unit),900000.0,900000.0,542.1686746987951,1.0,1.0,,1.0,0.0
2013-03-01,2013-05-31,Zip Code: 98113,Single Family Residential,408000.0,385000.0,370.9090909090909,1.0,1.0,,1.0597402597402596,1.0
2021-04-01,2021-06-30,Zip Code: 98102,Townhouse,918000.0,875000.0,662.1639543695903,24.0,39.0,24.0,1.0115307095041566,0.2916666666666666
2021-02-01,2021-04-30,Zip Code: 98177,Single Family Residential,994000.0,997500.0,476.49342265083976,64.0,87.0,14.0,1.0926034722199578,0.71875
2018-03-01,2018-05-31,Zip Code: 98178,Single Family Residential,525000.0,439000.0,290.38948443083206,106.0,137.0,45.0,1.056910774610548,0.5660377358490565
2012-06-01,2012-08-31,Zip Code: 98105,All Residential,548000.0,525000.0,269.2867540029112,97.0,114.0,55.0,0.9964264604387336,0.3298969072164948
2017-12-01,2018-02-28,Zip Code: 98107,Townhouse,823000.0,760000.0,547.1545952525867,24.0,25.0,4.0,1.0252254999044963,0.5833333333333333
2017-07-01,2017-09-30,Zip Code: 98136,Condo/Co-op,376000.0,369950.0,469.37937154191457,6.0,9.0,2.0,1.0602983753291488,0.6666666666666666
2016-01-01,2016-03-31,Zip Code: 98106,Single Family Residential,375000.0,350000.0,269.44444444444446,55.0,68.0,11.0,1.0408585965088435,0.5818181818181817
2016-10-01,2016-12-31,Zip Code: 98133,Multi-Family (2-4 Unit),730000.0,649950.0,306.25,5.0,3.0,,1.0070931610123857,0.4
2022-01-01,2022-03-31,Zip Code: 98116,Multi-Family (2-4 Unit),895000.0,935000.0,433.1683168316832,3.0,4.0,2.0,1.017470954649385,0.6666666666666666
2014-01-01,2014-03-31,Zip Code: 98178,All Residential,211250.0,272250.0,138.29216414402558,70.0,92.0,63.0,0.9789331012755113,0.2571428571428571
2012-04-01,2012-06-30,Zip Code: 98102,Condo/Co-op,289250.0,265000.0,343.1372549019608,58.0,73.0,46.0,0.9846533936000402,0.2068965517241379
2021-10-01,2021-12-31,Zip Code: 98115,Condo/Co-op,423000.0,432000.0,435.2275392915788,36.0,27.0,6.0,1.009348631307155,0.2777777777777777
2017-01-01,2017-03-31,Zip Code: 98107,Multi-Family (2-4 Unit),1105000.0,1000000.0,339.0623277857379,4.0,5.0,,1.042786111388898,0.75
2013-09-01,2013-11-30,Zip Code: 98118,Townhouse,267000.0,284425.0,192.5133689839572,15.0,10.0,4.0,0.9756916682706364,0.0666666666666666
2012-04-01,2012-06-30,Zip Code: 98177,Condo/Co-op,245000.0,377495.0,189.92248062015503,1.0,6.0,8.0,1.0425531914893618,1.0
2017-11-01,2018-01-31,Zip Code: 98112,Multi-Family (2-4 Unit),1350000.0,,428.57142857142856,1.0,,1.0,1.0,0.0
2018-08-01,2018-10-31,Zip Code: 98106,Condo/Co-op,287000.0,295000.0,381.5261044176706,5.0,11.0,6.0,0.9879136329820516,0.2
2018-03-01,2018-05-31,Zip Code: 98177,Single Family Residential,920000.0,879000.0,388.20291862423545,72.0,95.0,25.0,1.0681881714753891,0.611111111111111
2013-02-01,2013-04-30,Zip Code: 98109,Townhouse,520000.0,499000.0,332.31083844580775,9.0,13.0,6.0,1.0073705759531395,0.5555555555555555
2013-11-01,2014-01-31,Zip Code: 98118,Condo/Co-op,164725.0,201880.0,188.6805365529489,2.0,5.0,5.0,0.977020202020202,0.0
2013-05-01,2013-07-31,Zip Code: 98144,All Residential,381650.0,399950.0,260.4347826086956,135.0,186.0,94.0,1.0108504301805616,0.3407407407407407
2014-09-01,2014-11-30,Zip Code: 98117,Condo/Co-op,316000.0,549950.0,230.65693430656933,3.0,3.0,5.0,0.9011727886795136,0.0
2022-07-01,2022-09-30,Zip Code: 98117,All Residential,944500.0,924999.0,564.2393087557605,192.0,231.0,91.0,1.0096080599153117,0.3541666666666666
2022-10-01,2022-12-31,Zip Code: 98115,Townhouse,886000.0,799980.0,613.5151155898044,19.0,15.0,8.0,0.9746621399609726,0.1052631578947368
2020-03-01,2020-05-31,Zip Code: 98115,All Residential,835000.0,784000.0,471.13071371291096,199.0,258.0,76.0,1.0311487172487603,0.5025125628140703
2016-01-01,2016-03-31,Zip Code: 98126,Townhouse,421600.0,367444.0,261.1578276795668,12.0,12.0,1.0,1.0370208179497424,0.6666666666666666
2016-10-01,2016-12-31,Zip Code: 98115,Condo/Co-op,299000.0,299950.0,305.30927657225646,36.0,19.0,4.0,1.0054368504123965,0.4166666666666666
2018-06-01,2018-08-31,Zip Code: 98133,Townhouse,527500.0,515000.0,410.2415243992873,18.0,30.0,15.0,1.014907523000384,0.3333333333333333
2012-10-01,2012-12-31,Zip Code: 98136,Multi-Family (2-4 Unit),482500.0,769900.0,156.48674242424244,2.0,1.0,1.0,0.9901960784313724,0.0
2013-07-01,2013-09-30,Zip Code: 98107,Townhouse,470000.0,455000.0,315.75603557814486,39.0,39.0,8.0,1.0184856005814982,0.5128205128205127
2020-07-01,2020-09-30,Zip Code: 98116,All Residential,785000.0,795000.0,472.0379146919431,167.0,225.0,92.0,1.0063177647256287,0.3652694610778443
2014-04-01,2014-06-30,Zip Code: 98102,Condo/Co-op,338500.0,330000.0,392.439367431649,58.0,73.0,30.0,1.0092606439630984,0.4137931034482758
2012-07-01,2012-09-30,Zip Code: 98112,Multi-Family (2-4 Unit),669500.0,775000.0,232.8118240807498,2.0,5.0,1.0,0.9840444752936748,0.0
2014-01-01,2014-03-31,Zip Code: 98136,Single Family Residential,497550.0,462475.0,266.3501426587078,40.0,48.0,18.0,0.9905450441262392,0.2
2020-01-01,2020-03-31,Zip Code: 98112,Townhouse,751500.0,859950.0,590.3603326147213,10.0,15.0,7.0,0.9938951564960544,0.1
2013-08-01,2013-10-31,Zip Code: 98112,All Residential,695000.0,664250.0,369.594839609484,109.0,114.0,65.0,0.988602093887472,0.2293577981651376
2013-05-01,2013-07-31,Zip Code: 98118,Single Family Residential,359500.0,350000.0,193.86227544910176,147.0,192.0,111.0,1.0063359940039034,0.4489795918367346
2022-01-01,2022-03-31,Zip Code: 98112,All Residential,1377600.0,1200000.0,722.8683966635774,92.0,101.0,17.0,1.0610060408475162,0.4565217391304347
2016-01-01,2016-03-31,Zip Code: 98108,All Residential,430500.0,449950.0,260.71428571428567,58.0,91.0,27.0,1.0379296945303036,0.5344827586206896
2017-08-01,2017-10-31,Zip Code: 98134,Condo/Co-op,380000.0,352450.0,339.1304347826087,3.0,2.0,1.0,0.9878201016229832,0.6666666666666666
2019-02-01,2019-04-30,Zip Code: 98102,Single Family Residential,1200000.0,1595000.0,558.5774058577406,13.0,21.0,12.0,0.991683852094612,0.2307692307692307
2022-12-01,2023-02-28,Zip Code: 98107,Single Family Residential,1037500.0,925000.0,492.8829643018527,22.0,16.0,4.0,0.9917248779104864,0.2727272727272727
2014-04-01,2014-06-30,Zip Code: 98177,Single Family Residential,532500.0,575000.0,243.0837850045167,70.0,114.0,53.0,1.02608898958216,0.5285714285714285
2021-07-01,2021-09-30,Zip Code: 98178,Condo/Co-op,545737.0,441629.0,356.21386430678467,3.0,2.0,1.0,1.0,0.0
2013-06-01,2013-08-31,Zip Code: 98119,Single Family Residential,783500.0,679475.0,340.0753419312371,46.0,56.0,22.0,1.009476775502273,0.4565217391304347
2014-07-01,2014-09-30,Zip Code: 98177,Townhouse,337900.0,375000.0,227.04339051463168,5.0,3.0,3.0,1.0011506895937778,0.4
2016-08-01,2016-10-31,Zip Code: 98116,Condo/Co-op,378000.0,439950.0,450.64599483204125,40.0,31.0,6.0,1.0007454834000902,0.325
2012-04-01,2012-06-30,Zip Code: 98178,Condo/Co-op,33000.0,62900.0,40.44117647058823,1.0,2.0,1.0,0.8270676691729322,0.0
2016-12-01,2017-02-28,Zip Code: 98109,Multi-Family (2-4 Unit),1150000.0,1222500.0,475.0,3.0,2.0,,1.0724760690017836,0.6666666666666666
2013-05-01,2013-07-31,Zip Code: 98116,Condo/Co-op,352000.0,389000.0,359.7938144329897,35.0,44.0,29.0,0.9864595424984522,0.1142857142857142
2016-03-01,2016-05-31,Zip Code: 98122,Multi-Family (2-4 Unit),767500.0,945000.0,310.80610127731313,6.0,10.0,3.0,1.03732874370966,0.6666666666666666
2016-05-01,2016-07-31,Zip Code: 98112,Multi-Family (2-4 Unit),1027500.0,990000.0,426.7370004987615,2.0,2.0,,0.979591836734694,0.0
2022-10-01,2022-12-31,Zip Code: 98118,All Residential,685000.0,667300.0,407.2299651567944,79.0,78.0,62.0,0.9852828178101024,0.2784810126582278
2014-09-01,2014-11-30,Zip Code: 98112,Single Family Residential,1017500.0,1172000.0,360.39326267717,64.0,68.0,28.0,0.9990400596763392,0.25
2015-08-01,2015-10-31,Zip Code: 98177,All Residential,589000.0,595000.0,279.33333333333326,109.0,92.0,28.0,1.0193343019232517,0.4678899082568807
2022-11-01,2023-01-31,Zip Code: 98122,All Residential,867500.0,779950.0,581.7101977458325,98.0,83.0,44.0,0.9840176954920132,0.1326530612244898
2020-04-01,2020-06-30,Zip Code: 98122,Multi-Family (2-4 Unit),975000.0,975000.0,420.8917692429192,3.0,3.0,2.0,0.9684095860566448,0.0
2023-06-01,2023-08-31,Zip Code: 98108,Townhouse,629990.0,595000.0,423.3576642335767,11.0,7.0,7.0,0.9868360740294368,0.0
2022-03-01,2022-05-31,Zip Code: 98199,Single Family Residential,1593000.0,1437500.0,658.9785831960461,87.0,108.0,17.0,1.124579073070446,0.6896551724137931
2014-11-01,2015-01-31,Zip Code: 98118,Single Family Residential,362500.0,404975.0,212.46875,107.0,98.0,58.0,0.9960204143405956,0.2710280373831775
2018-03-01,2018-05-31,Zip Code: 98105,Single Family Residential,1100000.0,1049000.0,501.6233766233767,69.0,86.0,23.0,1.0428403872984553,0.5217391304347825
2021-06-01,2021-08-31,Zip Code: 98119,Townhouse,975000.0,957000.0,648.8360574541853,23.0,32.0,6.0,1.01067444935768,0.4347826086956521
2012-04-01,2012-06-30,Zip Code: 98118,Townhouse,224000.0,224000.0,152.82730514518593,13.0,16.0,6.0,1.011107842042323,0.3846153846153846
2023-03-01,2023-05-31,Zip Code: 98112,All Residential,1125000.0,1232000.0,669.9346405228758,79.0,118.0,50.0,1.0163435837233885,0.3164556962025316
2022-05-01,2022-07-31,Zip Code: 98133,Townhouse,800000.0,741945.0,522.9227193492155,45.0,46.0,32.0,1.0091941739817496,0.3333333333333333
2020-12-01,2021-02-28,Zip Code: 98133,Multi-Family (2-4 Unit),579000.0,775000.0,353.0487804878049,1.0,5.0,4.0,0.965080423368614,0.0
2017-03-01,2017-05-31,Zip Code: 98106,Townhouse,499000.0,489000.0,309.17159763313606,29.0,27.0,6.0,1.0362855162041642,0.5172413793103448
2013-12-01,2014-02-28,Zip Code: 98116,Single Family Residential,509000.0,659000.0,252.33644859813083,53.0,37.0,20.0,0.9823712236386118,0.3018867924528301
2021-02-01,2021-04-30,Zip Code: 98115,Multi-Family (2-4 Unit),900000.0,1022500.0,488.23529411764713,5.0,4.0,2.0,0.9936970002507928,0.4
2016-01-01,2016-03-31,Zip Code: 98117,Multi-Family (2-4 Unit),684550.0,1017475.0,287.9494382022472,2.0,2.0,,1.0546878454097168,0.5
2012-09-01,2012-11-30,Zip Code: 98102,Condo/Co-op,275250.0,277475.0,340.8670984540513,42.0,38.0,24.0,0.9958642030522804,0.238095238095238
2019-11-01,2020-01-31,Zip Code: 98133,All Residential,534950.0,539000.0,355.4582210242588,140.0,71.0,32.0,0.9892702324674512,0.2214285714285714
2013-03-01,2013-05-31,Zip Code: 98178,Condo/Co-op,69000.0,111450.0,72.09737827715355,5.0,4.0,2.0,0.9737332578405008,0.0
2015-05-01,2015-07-31,Zip Code: 98118,Condo/Co-op,205000.0,211875.0,299.5156819002001,8.0,12.0,5.0,0.9750944435880428,0.25
2023-09-01,2023-11-30,Zip Code: 98177,Condo/Co-op,360000.0,335000.0,436.8700423450826,2.0,2.0,,1.0667555703728395,1.0
2019-08-01,2019-10-31,Zip Code: 98175,All Residential,540000.0,,391.0209992758871,1.0,,,0.9818181818181818,0.0
2018-08-01,2018-10-31,Zip Code: 98107,Multi-Family (2-4 Unit),1301400.0,1295000.0,494.7159688617715,2.0,9.0,5.0,1.04112,0.5
2014-07-01,2014-09-30,Zip Code: 98117,Single Family Residential,550000.0,545000.0,284.3150684931507,157.0,161.0,46.0,1.0223891788632886,0.4777070063694267
2022-11-01,2023-01-31,Zip Code: 98178,Single Family Residential,627000.0,699000.0,349.01113253311775,38.0,31.0,13.0,0.9892273571228374,0.1578947368421052
2017-11-01,2018-01-31,Zip Code: 98144,Condo/Co-op,389950.0,385000.0,490.4458598726114,13.0,8.0,2.0,1.003236282750227,0.5384615384615384
2015-06-01,2015-08-31,Zip Code: 98177,Multi-Family (2-4 Unit),743000.0,699000.0,225.1515151515152,1.0,1.0,,1.0629470672389127,1.0
2013-02-01,2013-04-30,Zip Code: 98112,Condo/Co-op,375000.0,445000.0,402.3508137432188,17.0,24.0,16.0,0.9729534628432904,0.0588235294117647
2015-08-01,2015-10-31,Zip Code: 98106,All Residential,360125.0,349000.0,232.16932572209208,124.0,131.0,35.0,1.025704428115388,0.5
2019-07-01,2019-09-30,Zip Code: 98178,Single Family Residential,466950.0,499000.0,273.8197424892704,91.0,91.0,62.0,1.0018119431095944,0.3516483516483516
2018-03-01,2018-05-31,Zip Code: 98118,Multi-Family (2-4 Unit),800000.0,584950.0,267.83249800246966,6.0,3.0,2.0,1.0765791575035757,0.6666666666666666
2012-09-01,2012-11-30,Zip Code: 98126,Townhouse,269000.0,277450.0,189.35950413223136,7.0,8.0,3.0,0.9839131756990106,0.1428571428571428
2015-05-01,2015-07-31,Zip Code: 98126,Single Family Residential,474000.0,444000.0,267.49295774647885,109.0,111.0,22.0,1.051756517294835,0.6055045871559633
2020-02-01,2020-04-30,Zip Code: 98199,All Residential,950000.0,987000.0,474.4726765178107,92.0,119.0,40.0,1.01593450380463,0.4456521739130434
2018-11-01,2019-01-31,Zip Code: 98117,Townhouse,699950.0,674475.0,469.1358024691358,13.0,18.0,11.0,0.9784249704865606,0.1538461538461538
2022-02-01,2022-04-30,Zip Code: 98112,Condo/Co-op,950000.0,715500.0,861.0086100861008,15.0,25.0,7.0,1.0542049249237913,0.5999999999999999
2019-06-01,2019-08-31,Zip Code: 98119,Condo/Co-op,480000.0,460000.0,582.4471314197561,36.0,34.0,33.0,0.9885007336165886,0.1944444444444444
2012-02-01,2012-04-30,Zip Code: 98178,Condo/Co-op,79000.0,89900.0,76.6990291262136,2.0,1.0,5.0,0.878754171301446,0.5
2018-02-01,2018-04-30,Zip Code: 98122,Townhouse,834000.0,777444.0,562.068773026683,28.0,34.0,10.0,1.0586905902649613,0.6071428571428571
2021-11-01,2022-01-31,Zip Code: 98178,All Residential,620000.0,599000.0,349.05372405372407,84.0,67.0,13.0,1.042456425568559,0.6071428571428571
2017-01-01,2017-03-31,Zip Code: 98122,Condo/Co-op,362500.0,378500.0,629.742938505349,28.0,42.0,4.0,1.0716820689137565,0.6785714285714286
2016-08-01,2016-10-31,Zip Code: 98178,All Residential,365500.0,389950.0,216.194622127458,108.0,105.0,49.0,1.015253398271298,0.4259259259259259
2021-11-01,2022-01-31,Zip Code: 98133,Townhouse,652500.0,711225.0,445.3028393725663,46.0,42.0,1.0,1.0075665181886286,0.3478260869565217
2012-08-01,2012-10-31,Zip Code: 98108,Townhouse,247900.0,280000.0,179.50760318609704,15.0,15.0,8.0,1.031096287010108,0.2
2012-06-01,2012-08-31,Zip Code: 98117,Townhouse,344000.0,290000.0,253.90625,13.0,7.0,2.0,0.9921495920790894,0.1538461538461538
2012-07-01,2012-09-30,Zip Code: 98125,Condo/Co-op,149950.0,144950.0,123.54651162790698,9.0,19.0,14.0,0.9692498252234766,0.2222222222222222
2013-03-01,2013-05-31,Zip Code: 98125,Single Family Residential,353500.0,365000.0,218.544776119403,93.0,139.0,41.0,1.007997297771403,0.4193548387096774
2013-03-01,2013-05-31,Zip Code: 98112,Condo/Co-op,375000.0,445000.0,419.9823165340407,21.0,25.0,11.0,0.9782979630024607,0.0952380952380952
2021-04-01,2021-06-30,Zip Code: 98116,Single Family Residential,1037500.0,949250.0,533.4383595555065,104.0,112.0,14.0,1.09535929593533,0.6923076923076922
2014-10-01,2014-12-31,Zip Code: 98116,Single Family Residential,554975.0,562500.0,295.4642989626105,66.0,48.0,18.0,1.0078392010637227,0.3181818181818181
2022-10-01,2022-12-31,Zip Code: 98125,Single Family Residential,730000.0,804000.0,484.8993288590604,59.0,54.0,23.0,0.9803906273788576,0.2372881355932203
2023-11-01,2024-01-31,Zip Code: 98108,Single Family Residential,670000.0,918450.0,419.78609625668446,25.0,22.0,12.0,0.986272726318982,0.3599999999999999
2015-06-01,2015-08-31,Zip Code: 98119,All Residential,652150.0,644475.0,404.12089319564086,134.0,114.0,37.0,1.017893760932313,0.417910447761194
2017-08-01,2017-10-31,Zip Code: 98105,Condo/Co-op,510000.0,424475.0,573.2673267326733,23.0,18.0,2.0,1.0559048142587608,0.782608695652174
2015-11-01,2016-01-31,Zip Code: 98116,Multi-Family (2-4 Unit),641500.0,619750.0,295.20459215581167,2.0,2.0,2.0,0.984967320261438,0.5
2013-04-01,2013-06-30,Zip Code: 98125,Condo/Co-op,137200.0,175000.0,138.11964504283966,16.0,24.0,12.0,1.0005466647241668,0.375
2018-07-01,2018-09-30,Zip Code: 98133,Single Family Residential,599500.0,599975.0,372.0760233918129,118.0,170.0,92.0,1.009597306285885,0.3898305084745762
2014-08-01,2014-10-31,Zip Code: 98117,Condo/Co-op,316000.0,549950.0,299.01960784313724,9.0,3.0,4.0,0.9671979088478608,0.3333333333333333
2013-05-01,2013-07-31,Zip Code: 98104,All Residential,288000.0,352000.0,305.49756437021574,15.0,26.0,20.0,0.9853987225843676,0.2666666666666666
2013-07-01,2013-09-30,Zip Code: 98178,All Residential,251750.0,234975.0,143.38077899150392,98.0,102.0,83.0,1.0100696836936909,0.3673469387755102
2016-07-01,2016-09-30,Zip Code: 98102,Single Family Residential,1082000.0,1150000.0,442.64400703560455,18.0,29.0,15.0,0.992161062921224,0.2777777777777777
2018-07-01,2018-09-30,Zip Code: 98105,Multi-Family (2-4 Unit),940000.0,1300000.0,408.49558410277,6.0,6.0,2.0,0.996704462996428,0.1666666666666666
2012-02-01,2012-04-30,Zip Code: 98117,Multi-Family (2-4 Unit),440000.0,512500.0,159.42028985507247,1.0,2.0,1.0,0.9777777777777776,0.0
2018-06-01,2018-08-31,Zip Code: 98178,All Residential,465000.0,489475.0,269.2307692307692,123.0,144.0,74.0,1.0290063100944813,0.5365853658536585
2013-05-01,2013-07-31,Zip Code: 98126,Multi-Family (2-4 Unit),319000.0,,157.92079207920793,1.0,,,1.0,0.0
2013-07-01,2013-09-30,Zip Code: 98105,All Residential,583750.0,525000.0,298.1837606837607,118.0,118.0,41.0,1.015439635049514,0.4152542372881356
2020-03-01,2020-05-31,Zip Code: 98178,Condo/Co-op,238500.0,175000.0,222.6663654883777,4.0,6.0,1.0,0.9879622641509432,0.25
2015-10-01,2015-12-31,Zip Code: 98108,Multi-Family (2-4 Unit),306300.0,,203.24918722509085,2.0,,1.0,0.9563007518796992,0.0
2014-08-01,2014-10-31,Zip Code: 98178,Multi-Family (2-4 Unit),206900.0,510000.0,146.7605633802817,2.0,3.0,1.0,0.9978720930232556,0.5
2014-10-01,2014-12-31,Zip Code: 98122,Multi-Family (2-4 Unit),502750.0,562000.0,236.7728163493841,10.0,4.0,2.0,1.0180325104464425,0.4
2021-01-01,2021-03-31,Zip Code: 98175,All Residential,345000.0,,348.133198789102,1.0,,,0.9858551221603084,0.0
2016-02-01,2016-04-30,Zip Code: 98122,Condo/Co-op,392500.0,328500.0,545.7463884430176,38.0,54.0,8.0,1.075394854732703,0.6842105263157894
2022-02-01,2022-04-30,Zip Code: 98136,Multi-Family (2-4 Unit),1285000.0,1020125.0,346.266017944274,2.0,2.0,1.0,0.9833333333333332,0.0
2015-03-01,2015-05-31,Zip Code: 98116,Condo/Co-op,365912.5,391975.0,398.4907920172124,22.0,38.0,23.0,1.0092165003431526,0.4545454545454545
2018-08-01,2018-10-31,Zip Code: 98108,Townhouse,595000.0,537000.0,441.5584415584416,33.0,22.0,14.0,0.9969049671904042,0.1212121212121212
2015-09-01,2015-11-30,Zip Code: 98122,Single Family Residential,673850.0,735000.0,317.2112665290836,56.0,49.0,14.0,1.0385500982896347,0.375
2018-02-01,2018-04-30,Zip Code: 98119,Condo/Co-op,569500.0,569475.0,638.8430404019564,28.0,38.0,8.0,1.0791894995928788,0.7142857142857143
2017-08-01,2017-10-31,Zip Code: 98106,Condo/Co-op,286500.0,293999.5,351.69319222699426,4.0,4.0,,0.9921913137114142,0.25
2020-05-01,2020-07-31,Zip Code: 98116,Single Family Residential,850000.0,875000.0,421.9409282700423,73.0,120.0,34.0,0.99907263018634,0.3287671232876712
2019-01-01,2019-03-31,Zip Code: 98178,Single Family Residential,501000.0,549500.0,268.26306667501933,58.0,61.0,30.0,0.984923766171582,0.2068965517241379
2021-07-01,2021-09-30,Zip Code: 98117,Condo/Co-op,602500.0,495000.0,568.4787735849056,8.0,9.0,3.0,0.988577503585802,0.125
2012-07-01,2012-09-30,Zip Code: 98122,Townhouse,496000.0,399000.0,315.5998389694042,15.0,13.0,6.0,1.0076725577006684,0.4666666666666666
2023-01-01,2023-03-31,Zip Code: 98107,Townhouse,835000.0,824950.0,577.4278215223097,47.0,67.0,18.0,0.995756042280129,0.2127659574468085
2022-10-01,2022-12-31,Zip Code: 98125,Condo/Co-op,419950.0,425000.0,342.12401995723445,11.0,11.0,5.0,0.9797716652617036,0.1818181818181818
2022-06-01,2022-08-31,Zip Code: 98119,Condo/Co-op,530000.0,499499.0,634.5878553831812,38.0,48.0,21.0,0.9926488746173135,0.2368421052631578
2018-08-01,2018-10-31,Zip Code: 98118,Single Family Residential,565000.0,614725.0,353.5,111.0,148.0,84.0,0.9889464055277172,0.2972972972972973
2018-09-01,2018-11-30,Zip Code: 98116,All Residential,748123.5,731999.5,432.936507936508,106.0,148.0,64.0,0.9880170866710462,0.1792452830188679
2015-11-01,2016-01-31,Zip Code: 98136,Single Family Residential,642500.0,582000.0,295.1625386996904,56.0,39.0,16.0,1.0106664916607866,0.3928571428571428
2017-03-01,2017-05-31,Zip Code: 98102,Single Family Residential,1199000.0,1295000.0,469.43231441048033,17.0,26.0,11.0,1.043561629791052,0.4117647058823529
2017-12-01,2018-02-28,Zip Code: 98108,All Residential,620000.0,659000.0,378.6666666666666,97.0,73.0,16.0,1.0158244032154935,0.4123711340206185
2020-10-01,2020-12-31,Zip Code: 98134,Condo/Co-op,405500.0,,352.6086956521739,2.0,,,0.9782388037891576,0.0
2018-05-01,2018-07-31,Zip Code: 98122,Townhouse,851000.0,797450.0,594.077729796422,29.0,38.0,16.0,1.0282056322146509,0.4827586206896551
2013-07-01,2013-09-30,Zip Code: 98102,Townhouse,630500.0,664000.0,382.3046022854312,8.0,14.0,14.0,0.9880825936055252,0.125
2012-06-01,2012-08-31,Zip Code: 98136,Townhouse,280000.0,444975.0,189.1891891891892,7.0,4.0,4.0,0.992518293968344,0.2857142857142857
2017-02-01,2017-04-30,Zip Code: 98134,Single Family Residential,1234419.0,575000.0,553.0551075268817,1.0,1.0,1.0,1.2362053166826064,1.0
2023-05-01,2023-07-31,Zip Code: 98118,All Residential,769000.0,739440.0,481.4827300072607,144.0,174.0,82.0,1.0216085997308018,0.4027777777777777
2016-12-01,2017-02-28,Zip Code: 98106,Single Family Residential,422500.0,499900.0,279.0546875,78.0,63.0,9.0,1.0121612563208633,0.3974358974358974
2016-03-01,2016-05-31,Zip Code: 98108,Single Family Residential,477500.0,425000.0,256.1790420051516,74.0,81.0,18.0,1.05543813744847,0.554054054054054
2014-01-01,2014-03-31,Zip Code: 98107,All Residential,480500.0,429900.0,335.45161290322574,90.0,137.0,41.0,1.00405822041601,0.2999999999999999
2021-03-01,2021-05-31,Zip Code: 98116,Townhouse,815000.0,739000.0,511.12447384245337,37.0,45.0,6.0,1.02452364059372,0.4594594594594594
2021-11-01,2022-01-31,Zip Code: 98136,Townhouse,674950.0,637475.0,513.3583783783783,16.0,8.0,,1.0082978815176022,0.3125
2012-12-01,2013-02-28,Zip Code: 98118,Multi-Family (2-4 Unit),336500.0,369000.0,141.2179969879518,2.0,3.0,4.0,0.9538393452561382,0.0
2023-08-01,2023-10-31,Zip Code: 98116,Multi-Family (2-4 Unit),1275000.0,975000.0,500.0,1.0,1.0,3.0,0.8528428093645484,0.0
2015-12-01,2016-02-29,Zip Code: 98102,All Residential,575000.0,469000.0,505.51470588235287,65.0,65.0,26.0,1.0165868282001953,0.4
2021-03-01,2021-05-31,Zip Code: 98199,Multi-Family (2-4 Unit),1490000.0,1332500.0,733.397190293742,2.0,4.0,2.0,1.0000320533367524,0.5
2018-06-01,2018-08-31,Zip Code: 98134,All Residential,460000.0,542500.0,429.50513538748834,3.0,4.0,1.0,1.0500479226569988,0.3333333333333333
2021-09-01,2021-11-30,Zip Code: 98101,Condo/Co-op,699900.0,809000.0,885.0717299578059,93.0,75.0,57.0,0.9920631424023808,0.2258064516129032
2019-10-01,2019-12-31,Zip Code: 98118,Townhouse,470000.0,474950.0,384.61538461538464,31.0,24.0,8.0,0.9857887665372964,0.064516129032258
2019-02-01,2019-04-30,Zip Code: 98105,Condo/Co-op,400000.0,525000.0,520.1698513800425,7.0,19.0,12.0,0.96852901040011,0.0
2017-08-01,2017-10-31,Zip Code: 98106,Single Family Residential,526625.0,500000.0,320.78680203045684,90.0,88.0,27.0,1.050257686696517,0.5666666666666667
2014-06-01,2014-08-31,Zip Code: 98115,Condo/Co-op,265000.0,220975.0,256.3840653728294,27.0,28.0,12.0,0.9989845969128774,0.2222222222222222
2019-04-01,2019-06-30,Zip Code: 98108,Single Family Residential,590000.0,615000.0,322.17194570135746,71.0,93.0,42.0,1.0091359870063987,0.4084507042253521
2016-05-01,2016-07-31,Zip Code: 98116,Multi-Family (2-4 Unit),1000500.0,725000.0,277.14681440443206,5.0,1.0,5.0,0.9880852255338743,0.4
2019-08-01,2019-10-31,Zip Code: 98136,All Residential,659000.0,657000.0,403.04640215198384,85.0,98.0,47.0,1.0013927421447657,0.3411764705882353
2015-09-01,2015-11-30,Zip Code: 98106,Condo/Co-op,171000.0,207250.0,191.9291338582677,5.0,2.0,1.0,0.9789673575616568,0.0
2021-04-01,2021-06-30,Zip Code: 98108,Condo/Co-op,510895.0,451900.0,401.8044822256569,6.0,22.0,7.0,1.0273679468438874,0.8333333333333333
2016-10-01,2016-12-31,Zip Code: 98112,Multi-Family (2-4 Unit),1102250.0,987500.0,343.8719890140424,2.0,2.0,,1.0858620689655172,0.5
2019-01-01,2019-03-31,Zip Code: 98107,Single Family Residential,799600.0,834950.0,493.93939393939394,27.0,50.0,23.0,0.99073031493058,0.2592592592592592
2014-09-01,2014-11-30,Zip Code: 98121,Condo/Co-op,370000.0,414100.0,480.62015503875966,89.0,110.0,57.0,0.98684598182192,0.2022471910112359
2013-09-01,2013-11-30,Zip Code: 98199,All Residential,574000.0,599450.0,278.9654295882054,106.0,112.0,56.0,0.9936500106078509,0.3113207547169811
2023-08-01,2023-10-31,Zip Code: 98178,All Residential,660000.0,699900.0,353.60360360360363,51.0,57.0,25.0,1.00399718424076,0.3725490196078431
2018-01-01,2018-03-31,Zip Code: 98112,Multi-Family (2-4 Unit),1400000.0,1400000.0,748.663101604278,1.0,1.0,1.0,1.0,0.0
2018-04-01,2018-06-30,Zip Code: 98118,Townhouse,596900.0,608800.0,465.9178473775789,20.0,23.0,9.0,1.0351734860424282,0.45
2013-05-01,2013-07-31,Zip Code: 98106,Townhouse,249400.0,264700.0,175.75757575757575,21.0,28.0,25.0,1.0127659825951725,0.3333333333333333
2020-10-01,2020-12-31,Zip Code: 98133,Single Family Residential,650000.0,650000.0,386.8421052631579,127.0,109.0,11.0,1.0184842076447185,0.4330708661417322
2012-02-01,2012-04-30,Zip Code: 98108,Single Family Residential,211000.0,264875.0,115.93406593406591,35.0,76.0,63.0,0.9910830070304628,0.2857142857142857
2016-08-01,2016-10-31,Zip Code: 98126,Multi-Family (2-4 Unit),839400.0,825000.0,379.8190045248869,1.0,1.0,,1.0174545454545454,1.0
2022-10-01,2022-12-31,Zip Code: 98104,All Residential,347475.0,624900.0,560.0242077464789,14.0,27.0,28.0,0.9729779465573916,0.1428571428571428
2016-02-01,2016-04-30,Zip Code: 98116,Multi-Family (2-4 Unit),574500.0,972500.0,211.31173838024367,2.0,8.0,6.0,0.9272256364087108,0.0
2014-11-01,2015-01-31,Zip Code: 98136,Condo/Co-op,285000.0,262450.0,324.2320819112628,5.0,6.0,5.0,0.995962841441884,0.4
2020-09-01,2020-11-30,Zip Code: 98108,Townhouse,579000.0,549000.0,417.67554479418885,41.0,39.0,17.0,0.9978304557505464,0.2195121951219512
2019-07-01,2019-09-30,Zip Code: 98108,All Residential,557500.0,599495.0,316.693383853104,74.0,89.0,69.0,0.9969881269327736,0.2297297297297297
2012-06-01,2012-08-31,Zip Code: 98108,Single Family Residential,262475.0,264900.0,157.76825785393717,66.0,63.0,55.0,0.9821009489605624,0.303030303030303
2018-09-01,2018-11-30,Zip Code: 98112,Single Family Residential,1377500.0,1380000.0,504.994418003408,50.0,54.0,34.0,0.9816892804135372,0.1
2023-03-01,2023-05-31,Zip Code: 98108,All Residential,605000.0,675000.0,448.9441325848703,78.0,107.0,53.0,1.0058160183158196,0.3717948717948718
2023-12-01,2024-02-29,Zip Code: 98194,All Residential,1218750.0,1519500.0,855.8637640449437,1.0,2.0,1.0,0.975,0.0
2022-12-01,2023-02-28,Zip Code: 98144,Single Family Residential,733500.0,825000.0,496.8406663250818,30.0,27.0,13.0,0.9917571862338742,0.2666666666666666
2014-03-01,2014-05-31,Zip Code: 98178,Condo/Co-op,98500.0,89900.0,100.007162386881,2.0,3.0,2.0,0.9503249839506882,0.5
2021-09-01,2021-11-30,Zip Code: 98134,All Residential,412750.0,445450.0,370.4940526935412,4.0,2.0,,0.9988955078424072,0.5
2012-07-01,2012-09-30,Zip Code: 98122,All Residential,450550.0,389950.0,281.74175126903555,98.0,115.0,75.0,0.996353896565246,0.346938775510204
2021-09-01,2021-11-30,Zip Code: 98125,Townhouse,612000.0,637475.0,446.4706269324386,20.0,26.0,7.0,1.0081762880444582,0.4
2014-05-01,2014-07-31,Zip Code: 98106,Multi-Family (2-4 Unit),375000.0,540000.0,143.51320321469575,1.0,2.0,2.0,0.8721944412140946,0.0
2012-06-01,2012-08-31,Zip Code: 98106,Townhouse,185000.0,172750.0,136.9854500861726,12.0,12.0,8.0,0.979638860724278,0.1666666666666666
2017-08-01,2017-10-31,Zip Code: 98104,All Residential,515000.0,525000.0,622.4256292906178,21.0,25.0,15.0,1.0083071592579418,0.2857142857142857
2014-07-01,2014-09-30,Zip Code: 98144,All Residential,449500.0,449948.5,273.4893688545256,124.0,117.0,61.0,0.9994256590533096,0.282258064516129
2019-12-01,2020-02-29,Zip Code: 98177,Single Family Residential,891250.0,822250.0,371.0875409069658,66.0,34.0,8.0,0.9891803862387368,0.2575757575757575
2018-03-01,2018-05-31,Zip Code: 98136,All Residential,750000.0,675000.0,429.3532338308458,105.0,124.0,27.0,1.0539570829778842,0.619047619047619
2023-11-01,2024-01-31,Zip Code: 98108,Townhouse,717500.0,750000.0,449.0397419526158,6.0,11.0,6.0,0.9954898060317786,0.1666666666666666
2013-10-01,2013-12-31,Zip Code: 98102,All Residential,367000.0,319500.0,356.96197206513966,98.0,61.0,38.0,1.0004677447797683,0.2857142857142857
2015-04-01,2015-06-30,Zip Code: 98118,Condo/Co-op,251000.0,204950.0,352.5280898876405,1.0,13.0,4.0,1.0462692788661945,1.0
2023-07-01,2023-09-30,Zip Code: 98102,Condo/Co-op,520000.0,497500.0,654.9330958023409,36.0,59.0,48.0,0.9905020937039138,0.1388888888888889
2015-02-01,2015-04-30,Zip Code: 98119,Townhouse,629950.0,625000.0,391.96476964769647,22.0,21.0,4.0,0.9999315684643174,0.2272727272727272
2020-01-01,2020-03-31,Zip Code: 98112,Single Family Residential,1500000.0,1495000.0,554.3478260869565,45.0,59.0,28.0,1.0306478181391945,0.4
2015-11-01,2016-01-31,Zip Code: 98119,Multi-Family (2-4 Unit),742500.0,650000.0,328.4751636503658,4.0,1.0,,1.0275981217529109,0.5
2019-08-01,2019-10-31,Zip Code: 98117,Townhouse,602000.0,669950.0,442.4976216496118,28.0,35.0,24.0,0.9909605546002708,0.2142857142857142
2012-12-01,2013-02-28,Zip Code: 98115,Single Family Residential,476500.0,474900.0,242.84622105723025,96.0,95.0,31.0,1.00608766796917,0.40625
2019-12-01,2020-02-29,Zip Code: 98117,All Residential,719950.0,749900.0,454.54545454545456,129.0,111.0,33.0,0.996076944749545,0.2790697674418604
2022-01-01,2022-03-31,Zip Code: 98133,Condo/Co-op,340000.0,364950.0,437.636761487965,21.0,34.0,6.0,1.0824152530681763,0.7142857142857143
2013-10-01,2013-12-31,Zip Code: 98144,Condo/Co-op,190000.0,199900.0,278.5547785547786,11.0,7.0,14.0,0.955721098641552,0.0909090909090909
2023-07-01,2023-09-30,Zip Code: 98118,Townhouse,649975.0,652500.0,492.2242807323453,22.0,36.0,23.0,0.995086233418143,0.1818181818181818
2012-11-01,2013-01-31,Zip Code: 98107,All Residential,404975.0,389950.0,287.79303261897843,74.0,41.0,15.0,0.9971902876929132,0.3513513513513513
2021-11-01,2022-01-31,Zip Code: 98112,Multi-Family (2-4 Unit),1987500.0,1795000.0,439.0324718356528,1.0,3.0,,1.0,0.0
2017-05-01,2017-07-31,Zip Code: 98134,Condo/Co-op,393750.0,382475.0,459.2807174953314,2.0,4.0,3.0,0.9738095238095236,0.0
2014-08-01,2014-10-31,Zip Code: 98116,All Residential,513728.0,520000.0,322.16494845360825,131.0,133.0,60.0,1.0032886106257926,0.2748091603053435
2017-01-01,2017-03-31,Zip Code: 98105,All Residential,799000.0,749500.0,450.9090909090909,63.0,92.0,24.0,1.0528059358069322,0.492063492063492
2012-12-01,2013-02-28,Zip Code: 98144,Condo/Co-op,209500.0,251400.0,254.07925407925407,21.0,28.0,26.0,0.9875074195937394,0.1428571428571428
2014-06-01,2014-08-31,Zip Code: 98105,All Residential,625503.0,599950.0,358.25545171339564,89.0,118.0,49.0,1.021800497075702,0.4157303370786517
2014-03-01,2014-05-31,Zip Code: 98144,Condo/Co-op,234950.0,290000.0,312.5,13.0,25.0,18.0,0.9771298778459386,0.1538461538461538
2022-07-01,2022-09-30,Zip Code: 98105,All Residential,1250000.0,1197475.0,590.0,93.0,122.0,66.0,0.990963971919332,0.2580645161290322
2018-07-01,2018-09-30,Zip Code: 98102,Multi-Family (2-4 Unit),1525000.0,2100000.0,837.9120879120878,3.0,5.0,4.0,0.9498607242339832,0.0
2015-09-01,2015-11-30,Zip Code: 98118,Townhouse,365000.0,347425.0,249.96875,19.0,14.0,1.0,1.0173717025599924,0.3684210526315789
2013-07-01,2013-09-30,Zip Code: 98175,Townhouse,339722.0,339722.0,245.286642599278,1.0,1.0,,1.0,0.0
2020-05-01,2020-07-31,Zip Code: 98133,Townhouse,585000.0,649950.0,394.84721390053926,33.0,58.0,12.0,1.0019024466517026,0.2424242424242424
2014-11-01,2015-01-31,Zip Code: 98102,Single Family Residential,950000.0,797500.0,362.25055432372505,15.0,8.0,5.0,1.033362642721726,0.4666666666666666
2017-06-01,2017-08-31,Zip Code: 98122,All Residential,720000.0,717000.0,556.1885813148789,189.0,184.0,26.0,1.0748316689966957,0.6666666666666666
2012-10-01,2012-12-31,Zip Code: 98118,Townhouse,205000.0,239950.0,180.24590163934425,7.0,3.0,2.0,1.0027898084177218,0.4285714285714285
2012-10-01,2012-12-31,Zip Code: 98122,Condo/Co-op,253000.0,262600.0,350.9803921568628,37.0,25.0,20.0,0.996831357964967,0.2432432432432432
2021-11-01,2022-01-31,Zip Code: 98107,Single Family Residential,1180000.0,1285000.0,602.6599969255993,34.0,24.0,4.0,1.0710819716488174,0.7352941176470588
2016-07-01,2016-09-30,Zip Code: 98118,Single Family Residential,477900.0,475000.0,288.46153846153845,133.0,181.0,68.0,1.0409880362546904,0.5639097744360902
2023-04-01,2023-06-30,Zip Code: 98102,Condo/Co-op,525000.0,530000.0,630.5732484076433,53.0,69.0,29.0,0.9937245646668424,0.2264150943396226
2021-06-01,2021-08-31,Zip Code: 98136,Single Family Residential,956000.0,877500.0,473.6842105263158,83.0,86.0,15.0,1.062538345270054,0.6506024096385542
2023-09-01,2023-11-30,Zip Code: 98106,All Residential,635000.0,669000.0,459.4594594594594,83.0,79.0,45.0,1.0062672415761422,0.3253012048192771
2017-05-01,2017-07-31,Zip Code: 98107,Single Family Residential,840000.0,745950.0,481.2255176273084,83.0,75.0,10.0,1.077421949569752,0.5903614457831325
2017-11-01,2018-01-31,Zip Code: 98107,Multi-Family (2-4 Unit),955000.0,1200000.0,363.6363636363636,5.0,5.0,,0.990963296672459,0.5999999999999999
2012-12-01,2013-02-28,Zip Code: 98107,Multi-Family (2-4 Unit),475000.0,497475.0,192.8658081373647,4.0,4.0,1.0,0.9920975415349986,0.25
2020-10-01,2020-12-31,Zip Code: 98117,All Residential,850000.0,825000.0,468.3962264150944,195.0,143.0,25.0,1.0224273748180763,0.4666666666666666
2018-05-01,2018-07-31,Zip Code: 98125,Condo/Co-op,345000.0,325000.0,374.7870528109029,29.0,31.0,8.0,1.0645295823655656,0.586206896551724
2017-03-01,2017-05-31,Zip Code: 98108,All Residential,535375.0,499958.5,313.53998891176934,82.0,102.0,20.0,1.066353984343979,0.597560975609756
2022-11-01,2023-01-31,Zip Code: 98119,Condo/Co-op,459500.0,479000.0,600.1039613736066,26.0,17.0,12.0,0.9798308257848142,0.1153846153846153
2012-07-01,2012-09-30,Zip Code: 98115,Multi-Family (2-4 Unit),485000.0,625000.0,209.05172413793105,1.0,3.0,2.0,0.9344894026974953,0.0
2022-03-01,2022-05-31,Zip Code: 98106,Townhouse,655000.0,649999.0,489.0560875512996,49.0,57.0,8.0,1.0405624716570068,0.5918367346938775
2018-01-01,2018-03-31,Zip Code: 98122,Townhouse,817000.0,780000.0,533.7854969574037,26.0,29.0,7.0,1.0371628848336016,0.4615384615384615
2016-12-01,2017-02-28,Zip Code: 98144,Townhouse,559000.0,619000.0,425.62604340567606,29.0,39.0,11.0,1.0075719839811303,0.2068965517241379
2015-11-01,2016-01-31,Zip Code: 98108,Condo/Co-op,335000.0,375000.0,293.859649122807,1.0,1.0,1.0,0.9572796113730532,0.0
2016-05-01,2016-07-31,Zip Code: 98106,Condo/Co-op,237100.0,244888.0,283.5820895522388,5.0,7.0,1.0,1.0403835597528992,0.5999999999999999
2012-12-01,2013-02-28,Zip Code: 98105,All Residential,437250.0,617000.0,257.90247409708934,62.0,60.0,27.0,0.9801278617823768,0.2419354838709677
2019-06-01,2019-08-31,Zip Code: 98136,Condo/Co-op,393750.0,354500.0,445.732413759637,12.0,10.0,2.0,0.9907783531970492,0.0833333333333333
2017-01-01,2017-03-31,Zip Code: 98122,Townhouse,684975.0,695000.0,459.83411627090015,20.0,23.0,3.0,1.0184508866124051,0.4
2019-10-01,2019-12-31,Zip Code: 98146,Condo/Co-op,248000.0,249000.0,274.0863787375415,7.0,9.0,6.0,0.986324173480416,0.0
2016-12-01,2017-02-28,Zip Code: 98117,Single Family Residential,720000.0,692475.0,378.2631859350026,93.0,58.0,15.0,1.0387820922031183,0.5053763440860215
2013-08-01,2013-10-31,Zip Code: 98107,Multi-Family (2-4 Unit),649338.5,600000.0,231.30255012473435,6.0,13.0,9.0,1.0061479464967416,0.5
2023-03-01,2023-05-31,Zip Code: 98118,Single Family Residential,757500.0,799950.0,475.51032786612825,82.0,111.0,45.0,1.0397841171664854,0.524390243902439
2017-12-01,2018-02-28,Zip Code: 98105,Townhouse,805000.0,1000000.0,575.0,5.0,2.0,,1.0246631526619452,0.5999999999999999
2015-06-01,2015-08-31,Zip Code: 98105,All Residential,649500.0,639000.0,367.5842131724485,100.0,99.0,25.0,1.042122864923151,0.54
2022-08-01,2022-10-31,Zip Code: 98117,Condo/Co-op,725000.0,791750.0,709.4133697135061,13.0,8.0,7.0,1.0017829731396022,0.1538461538461538
2021-06-01,2021-08-31,Zip Code: 98117,Single Family Residential,975000.0,935000.0,528.125,209.0,187.0,19.0,1.085949164279675,0.69377990430622
2012-12-01,2013-02-28,Zip Code: 98112,Single Family Residential,961000.0,989750.0,345.7111941766673,42.0,58.0,43.0,0.962208917217989,0.0952380952380952
2014-03-01,2014-05-31,Zip Code: 98122,Single Family Residential,691000.0,609995.0,285.42093093524574,56.0,82.0,25.0,1.012516910975268,0.4642857142857143
2013-08-01,2013-10-31,Zip Code: 98102,Townhouse,661000.0,679000.0,384.636563876652,12.0,14.0,10.0,0.9960130679502328,0.25
2015-04-01,2015-06-30,Zip Code: 98122,Townhouse,602000.0,599972.5,375.70863546473305,35.0,48.0,9.0,1.02079788213067,0.5142857142857142
2014-12-01,2015-02-28,Zip Code: 98133,Townhouse,311600.0,319950.0,235.2941176470588,13.0,15.0,3.0,0.9967942110892516,0.4615384615384615
2017-12-01,2018-02-28,Zip Code: 98126,All Residential,674995.0,546561.0,359.336728340153,94.0,97.0,22.0,1.021987123180763,0.4042553191489361
2014-05-01,2014-07-31,Zip Code: 98108,Single Family Residential,336250.0,334000.0,198.4382596013612,68.0,86.0,34.0,1.0014214229155345,0.4117647058823529
2015-09-01,2015-11-30,Zip Code: 98125,Multi-Family (2-4 Unit),461500.0,469975.0,260.0893997445722,2.0,2.0,,0.977381919289191,0.5
2016-03-01,2016-05-31,Zip Code: 98117,Multi-Family (2-4 Unit),669100.0,,375.8988764044944,1.0,,,1.1438584494401232,1.0
2021-12-01,2022-02-28,Zip Code: 98107,Multi-Family (2-4 Unit),1312821.0,1099500.0,456.10698824984536,10.0,10.0,3.0,1.0141466409958348,0.2999999999999999
2019-05-01,2019-07-31,Zip Code: 98122,Single Family Residential,992500.0,889000.0,492.422711658921,70.0,83.0,32.0,1.0086010365252238,0.3428571428571428
2012-09-01,2012-11-30,Zip Code: 98125,All Residential,301000.0,349575.0,187.71311661741305,116.0,114.0,50.0,0.999949905979198,0.2844827586206896
2013-06-01,2013-08-31,Zip Code: 98102,Multi-Family (2-4 Unit),655000.0,984900.0,327.683615819209,3.0,1.0,3.0,0.9819133034379672,0.0
2018-02-01,2018-04-30,Zip Code: 98136,All Residential,741500.0,650000.0,410.7926829268292,80.0,108.0,24.0,1.0650947667779738,0.6875
2019-04-01,2019-06-30,Zip Code: 98116,Townhouse,725000.0,733750.0,459.4594594594594,27.0,32.0,13.0,0.9933407303826138,0.2222222222222222
2013-05-01,2013-07-31,Zip Code: 98177,All Residential,450000.0,499900.0,215.7051282051282,97.0,127.0,59.0,1.001823942556594,0.4639175257731958
2018-10-01,2018-12-31,Zip Code: 98178,All Residential,427500.0,475000.0,267.9507758159444,76.0,72.0,44.0,0.9933182659593042,0.3289473684210526
2013-07-01,2013-09-30,Zip Code: 98175,All Residential,339722.0,339722.0,245.286642599278,1.0,1.0,,1.0,0.0
2015-02-01,2015-04-30,Zip Code: 98102,Single Family Residential,1080000.0,1024990.0,405.5650494093172,11.0,20.0,11.0,0.9980987810746268,0.3636363636363636
2018-07-01,2018-09-30,Zip Code: 98102,Single Family Residential,1327500.0,1522500.0,559.4672178042222,12.0,18.0,13.0,0.9808354594654396,0.1666666666666666
2021-01-01,2021-03-31,Zip Code: 98119,Multi-Family (2-4 Unit),1162500.0,995000.0,360.72586026117614,4.0,5.0,3.0,0.9073986722571628,0.0
2012-09-01,2012-11-30,Zip Code: 98108,Townhouse,242900.0,280000.0,180.16244822825587,12.0,13.0,5.0,1.0384256029673915,0.3333333333333333
2020-05-01,2020-07-31,Zip Code: 98117,Townhouse,647603.0,675000.0,505.033341508134,34.0,34.0,12.0,1.0022781471393714,0.2647058823529411
2019-06-01,2019-08-31,Zip Code: 98178,Condo/Co-op,165000.0,165000.0,205.8823529411765,7.0,5.0,1.0,1.0125137603888563,0.4285714285714285
2014-12-01,2015-02-28,Zip Code: 98105,Townhouse,544000.0,499750.0,329.49640287769785,5.0,4.0,1.0,1.0133414657898274,0.2
2013-07-01,2013-09-30,Zip Code: 98178,Condo/Co-op,85000.0,62750.0,92.29098805646036,1.0,2.0,1.0,0.8508508508508508,0.0
2021-09-01,2021-11-30,Zip Code: 98105,Single Family Residential,1162500.0,1100000.0,569.8106692069541,78.0,61.0,4.0,1.059404014817282,0.6538461538461539
2020-09-01,2020-11-30,Zip Code: 98105,Multi-Family (2-4 Unit),1087500.0,1212500.0,384.5253519910168,4.0,4.0,5.0,0.9358969939237702,0.0
2012-02-01,2012-04-30,Zip Code: 98122,Single Family Residential,524375.0,625000.0,236.53499056526377,36.0,47.0,35.0,0.9762397802893926,0.25
2017-07-01,2017-09-30,Zip Code: 98119,All Residential,865000.0,784750.0,508.604206500956,121.0,128.0,34.0,1.0349211794450688,0.4628099173553719
2022-10-01,2022-12-31,Zip Code: 98122,All Residential,875000.0,779950.0,591.1330049261084,111.0,87.0,57.0,0.9843159864255356,0.1441441441441441
2020-06-01,2020-08-31,Zip Code: 98117,All Residential,875000.0,825000.0,475.187969924812,203.0,221.0,46.0,1.0368653792866942,0.5172413793103448
2022-04-01,2022-06-30,Zip Code: 98144,Condo/Co-op,450500.0,490000.0,616.6410440708648,22.0,21.0,6.0,1.0476948939676605,0.6818181818181817
2018-06-01,2018-08-31,Zip Code: 98119,All Residential,885000.0,890000.0,563.0081300813008,107.0,159.0,70.0,1.0153021168474528,0.3831775700934579
2023-05-01,2023-07-31,Zip Code: 98102,All Residential,665000.0,669975.0,643.4558349451967,73.0,88.0,54.0,0.9961644387852968,0.2465753424657534
2018-04-01,2018-06-30,Zip Code: 98119,Townhouse,918500.0,986500.0,568.4101654846336,24.0,48.0,12.0,1.0420717300373503,0.6666666666666666
2018-08-01,2018-10-31,Zip Code: 98117,All Residential,773000.0,774500.0,436.31533289958793,160.0,180.0,63.0,1.011783691146087,0.34375
2016-11-01,2017-01-31,Zip Code: 98106,Single Family Residential,419750.0,429900.0,281.304347826087,92.0,60.0,19.0,1.0061731137954568,0.3913043478260869
2015-06-01,2015-08-31,Zip Code: 98118,Multi-Family (2-4 Unit),392500.0,459500.0,175.2906976744186,4.0,10.0,6.0,1.0418894226679591,0.5
2014-10-01,2014-12-31,Zip Code: 98178,All Residential,284000.0,259450.0,167.92035700617788,98.0,82.0,58.0,0.995442049623344,0.336734693877551
2020-08-01,2020-10-31,Zip Code: 98105,Single Family Residential,1287000.0,1200000.0,521.1243016759777,86.0,118.0,34.0,1.0177469276642588,0.3488372093023255
2023-02-01,2023-04-30,Zip Code: 98116,All Residential,899900.0,995000.0,579.7101449275362,91.0,94.0,28.0,1.0174753871866222,0.3406593406593406
2022-09-01,2022-11-30,Zip Code: 98108,Townhouse,705000.0,634475.0,482.24099745714045,8.0,12.0,7.0,0.9963188649570116,0.25
2016-09-01,2016-11-30,Zip Code: 98122,Single Family Residential,774900.0,800000.0,416.6666666666666,57.0,57.0,17.0,1.0401580877766226,0.4912280701754385
2012-06-01,2012-08-31,Zip Code: 98115,All Residential,450000.0,429950.0,232.40740740740745,197.0,218.0,98.0,0.9926971292451732,0.3197969543147208
2023-03-01,2023-05-31,Zip Code: 98105,Multi-Family (2-4 Unit),1400000.0,1449950.0,408.46067368947,4.0,2.0,2.0,0.9231940490092584,0.0
2017-03-01,2017-05-31,Zip Code: 98125,Townhouse,490000.0,442500.0,359.55056179775283,15.0,18.0,1.0,1.1227083126960151,0.9333333333333332
2023-05-01,2023-07-31,Zip Code: 98178,Single Family Residential,650000.0,699919.0,415.5275229357798,50.0,70.0,31.0,1.0068171175451566,0.4199999999999999
2013-10-01,2013-12-31,Zip Code: 98105,All Residential,499000.0,519000.0,297.029702970297,73.0,49.0,21.0,0.9974107325385086,0.3013698630136986
2022-12-01,2023-02-28,Zip Code: 98108,All Residential,632500.0,590000.0,411.16751269035535,39.0,54.0,41.0,0.9782565470664296,0.1538461538461538
2021-06-01,2021-08-31,Zip Code: 98119,All Residential,995000.0,929000.0,598.7394957983194,175.0,174.0,51.0,1.026644700017615,0.4285714285714285
2017-11-01,2018-01-31,Zip Code: 98119,Condo/Co-op,530000.0,510000.0,590.1426718547341,29.0,23.0,6.0,1.0328662562030877,0.4827586206896551
2013-05-01,2013-07-31,Zip Code: 98122,Condo/Co-op,255000.0,240000.0,395.0204384986994,52.0,61.0,23.0,1.0233060268558087,0.5384615384615384
2013-06-01,2013-08-31,Zip Code: 98119,Townhouse,543500.0,627475.0,304.95222616233247,22.0,30.0,18.0,0.998324115453246,0.2727272727272727
2013-03-01,2013-05-31,Zip Code: 98136,All Residential,412250.0,439475.0,246.10591900311528,84.0,114.0,40.0,0.996638514313044,0.3095238095238095
2012-06-01,2012-08-31,Zip Code: 98122,All Residential,451100.0,387000.0,271.18644067796606,103.0,112.0,63.0,0.992606334677826,0.3009708737864077
2016-05-01,2016-07-31,Zip Code: 98116,All Residential,649950.0,609995.0,390.6922067507472,156.0,186.0,54.0,1.0328679296446712,0.532051282051282
2014-02-01,2014-04-30,Zip Code: 98117,Multi-Family (2-4 Unit),532125.0,600000.0,222.725260672831,4.0,5.0,1.0,1.0061136363636365,0.25
2012-05-01,2012-07-31,Zip Code: 98102,Townhouse,470000.0,779999.0,333.0995792426368,8.0,12.0,7.0,0.9793738964075438,0.125
2023-09-01,2023-11-30,Zip Code: 98112,Multi-Family (2-4 Unit),1795000.0,,663.4054281630016,2.0,,1.0,0.9084967320261436,0.0
2019-05-01,2019-07-31,Zip Code: 98112,All Residential,1121000.0,1150000.0,561.4754098360655,107.0,144.0,65.0,0.999301996518861,0.3271028037383177
2012-01-01,2012-03-31,Zip Code: 98117,Condo/Co-op,512000.0,525000.0,409.6,3.0,3.0,3.0,0.9785782351820088,0.0
2014-07-01,2014-09-30,Zip Code: 98178,All Residential,270000.0,289894.0,156.66666666666666,83.0,124.0,89.0,0.9968950737352904,0.289156626506024
2020-01-01,2020-03-31,Zip Code: 98117,Multi-Family (2-4 Unit),1100000.0,1295000.0,393.8608776844071,4.0,3.0,3.0,0.9753904576199076,0.25
2022-08-01,2022-10-31,Zip Code: 98117,Single Family Residential,1010000.0,925000.0,551.5522547838888,130.0,144.0,50.0,1.0023733336249403,0.3615384615384615
2020-02-01,2020-04-30,Zip Code: 98106,All Residential,587062.5,562950.0,362.94992175273865,88.0,118.0,72.0,1.0167246777969632,0.3863636363636363
2014-02-01,2014-04-30,Zip Code: 98106,Single Family Residential,262500.0,315825.0,193.03535353535352,66.0,84.0,43.0,0.9954794027642452,0.4393939393939393
2018-03-01,2018-05-31,Zip Code: 98108,Townhouse,705103.0,614000.0,453.13046409625696,18.0,30.0,6.0,1.0566296725190645,0.4444444444444444
2021-10-01,2021-12-31,Zip Code: 98122,Single Family Residential,1055000.0,1037000.0,545.7746478873239,61.0,54.0,9.0,1.0292777182418311,0.4262295081967212
2022-07-01,2022-09-30,Zip Code: 98105,Single Family Residential,1425000.0,1400000.0,600.4715697106532,64.0,75.0,31.0,0.9933430058847288,0.28125
2017-01-01,2017-03-31,Zip Code: 98112,All Residential,877475.0,992500.0,526.0642846140063,72.0,104.0,31.0,1.020092239196595,0.3611111111111111
2018-01-01,2018-03-31,Zip Code: 98115,Townhouse,899950.0,814950.0,561.6272009714633,13.0,12.0,2.0,1.0456679569282803,0.6923076923076922
2019-09-01,2019-11-30,Zip Code: 98121,Townhouse,750000.0,,638.2978723404256,1.0,,,1.0,0.0
2017-02-01,2017-04-30,Zip Code: 98117,Single Family Residential,785000.0,725000.0,411.76470588235287,97.0,112.0,17.0,1.0988327196635923,0.7319587628865978
2018-01-01,2018-03-31,Zip Code: 98178,Townhouse,425000.0,539000.0,290.45242864296443,2.0,10.0,3.0,1.0363918592618144,0.5
2022-10-01,2022-12-31,Zip Code: 98107,Single Family Residential,990200.0,1024975.0,563.325,31.0,28.0,12.0,0.9872593799719392,0.1935483870967741
2022-04-01,2022-06-30,Zip Code: 98108,All Residential,747500.0,724475.0,467.3998428908091,91.0,104.0,32.0,1.04561315551139,0.6483516483516483
2022-03-01,2022-05-31,Zip Code: 98115,Condo/Co-op,477500.0,441500.0,511.5484252036047,46.0,60.0,7.0,1.0610166626702604,0.6521739130434782
2016-12-01,2017-02-28,Zip Code: 98108,Townhouse,547500.0,569500.0,366.2420382165605,15.0,17.0,1.0,1.0209007942218176,0.4
2022-01-01,2022-03-31,Zip Code: 98134,All Residential,279000.0,438000.0,370.026525198939,1.0,1.0,,1.0,0.0
2020-07-01,2020-09-30,Zip Code: 98104,All Residential,615000.0,625600.0,623.3878968253969,22.0,62.0,48.0,0.9866397438076344,0.0909090909090909
2014-04-01,2014-06-30,Zip Code: 98105,Townhouse,538500.0,525000.0,307.43243243243245,5.0,9.0,5.0,1.0594118120789235,0.5999999999999999
2018-02-01,2018-04-30,Zip Code: 98133,Condo/Co-op,353000.0,305000.0,380.8288801060255,30.0,36.0,10.0,1.068668794256421,0.7333333333333332
2014-02-01,2014-04-30,Zip Code: 98107,Single Family Residential,630000.0,570000.0,315.0,37.0,48.0,15.0,1.0385836366559182,0.5945945945945946
2016-09-01,2016-11-30,Zip Code: 98105,Single Family Residential,868750.0,799000.0,413.02221047065046,76.0,80.0,15.0,1.0259084597626356,0.5263157894736841
2016-12-01,2017-02-28,Zip Code: 98117,Condo/Co-op,520000.0,487250.0,417.59934607645874,2.0,2.0,,0.9499743797418138,0.0
2015-08-01,2015-10-31,Zip Code: 98107,Single Family Residential,688500.0,624975.0,334.6078755790867,36.0,34.0,7.0,1.0595773544095646,0.611111111111111
2012-02-01,2012-04-30,Zip Code: 98116,Condo/Co-op,415000.0,299950.0,331.82856521266183,22.0,26.0,21.0,0.9576326126378614,0.0
2017-02-01,2017-04-30,Zip Code: 98144,Townhouse,609000.0,624950.0,419.06693711967546,46.0,55.0,15.0,1.0256349407162626,0.3478260869565217
2023-02-01,2023-04-30,Zip Code: 98116,Condo/Co-op,659000.0,574900.0,605.0404133590439,24.0,19.0,10.0,0.9914089740744472,0.0833333333333333
2019-04-01,2019-06-30,Zip Code: 98117,All Residential,800000.0,759950.0,437.93103448275855,193.0,247.0,85.0,1.0203183836452294,0.4559585492227979
2017-05-01,2017-07-31,Zip Code: 98133,All Residential,537850.0,499950.0,352.07535121328226,218.0,256.0,51.0,1.08456047391447,0.7293577981651375
2013-11-01,2014-01-31,Zip Code: 98102,Single Family Residential,855000.0,1195000.0,302.536231884058,11.0,7.0,7.0,1.0028446197939551,0.2727272727272727
2015-07-01,2015-09-30,Zip Code: 98133,Single Family Residential,425500.0,425000.0,252.1835305612854,164.0,155.0,42.0,1.029708850919645,0.548780487804878
2021-11-01,2022-01-31,Zip Code: 98144,Multi-Family (2-4 Unit),1280000.0,1099500.0,407.58017492711366,3.0,2.0,1.0,1.0438201148031367,0.6666666666666666
2018-04-01,2018-06-30,Zip Code: 98113,All Residential,960000.0,750000.0,500.0,1.0,1.0,,1.28,1.0
2014-04-01,2014-06-30,Zip Code: 98115,Multi-Family (2-4 Unit),551250.0,554975.0,170.99405805571791,2.0,2.0,2.0,0.9578748568619752,0.5
2014-02-01,2014-04-30,Zip Code: 98108,All Residential,325000.0,309000.0,215.09643916913947,67.0,81.0,39.0,1.005063704982068,0.3582089552238805
2016-11-01,2017-01-31,Zip Code: 98133,Townhouse,429000.0,458888.0,318.59747899159663,19.0,26.0,3.0,1.0359075731449132,0.631578947368421
2020-04-01,2020-06-30,Zip Code: 98112,All Residential,1140000.0,1150000.0,594.5072697899839,85.0,126.0,53.0,1.0102862692158434,0.3058823529411764
2017-10-01,2017-12-31,Zip Code: 98119,All Residential,841500.0,895000.0,533.940315847511,100.0,73.0,18.0,1.0384169552844122,0.51
2012-03-01,2012-05-31,Zip Code: 98119,Townhouse,406000.0,539900.0,292.39766081871346,17.0,9.0,4.0,0.9771324861393677,0.2941176470588235
2014-03-01,2014-05-31,Zip Code: 98107,Condo/Co-op,296500.0,324500.0,396.7061730803621,46.0,52.0,20.0,1.0031748255618822,0.3695652173913043
2014-02-01,2014-04-30,Zip Code: 98178,All Residential,226040.0,280000.0,142.40506329113924,81.0,91.0,57.0,0.989786698986868,0.3580246913580246
2013-08-01,2013-10-31,Zip Code: 98144,Condo/Co-op,239000.0,200000.0,295.9207459207459,13.0,13.0,20.0,1.0004648315288496,0.3076923076923077
2014-11-01,2015-01-31,Zip Code: 98101,Condo/Co-op,536250.0,782000.0,490.2694610778443,38.0,36.0,21.0,0.9955968939616192,0.1842105263157894
2015-12-01,2016-02-29,Zip Code: 98105,All Residential,805000.0,750000.0,407.6142131979696,45.0,57.0,23.0,1.0321184607646208,0.5333333333333333
2018-09-01,2018-11-30,Zip Code: 98102,Multi-Family (2-4 Unit),3500000.0,2400000.0,,1.0,5.0,2.0,1.0,0.0
2012-10-01,2012-12-31,Zip Code: 98144,Townhouse,334000.0,339900.0,217.59259259259252,9.0,11.0,12.0,0.9840464274929736,0.1111111111111111
2021-08-01,2021-10-31,Zip Code: 98107,Multi-Family (2-4 Unit),1164000.0,1063750.0,451.5923566878981,9.0,12.0,4.0,1.0211355549464791,0.4444444444444444
2017-01-01,2017-03-31,Zip Code: 98125,Townhouse,457500.0,407500.0,322.82658722750057,10.0,11.0,1.0,1.1083999064312828,0.9
2014-10-01,2014-12-31,Zip Code: 98102,Multi-Family (2-4 Unit),875000.0,969999.0,361.18197278911566,2.0,1.0,,0.8999476367422107,0.0
2012-03-01,2012-05-31,Zip Code: 98136,Single Family Residential,389500.0,440000.0,205.10644661054496,56.0,83.0,41.0,0.9822117375773772,0.2857142857142857
2015-01-01,2015-03-31,Zip Code: 98118,Multi-Family (2-4 Unit),305000.0,424750.0,189.44099378881987,3.0,2.0,3.0,0.9664949913401264,0.0
2014-06-01,2014-08-31,Zip Code: 98133,Condo/Co-op,166600.0,165300.0,211.51425178147267,39.0,46.0,29.0,0.9815898626905613,0.1282051282051281
2013-02-01,2013-04-30,Zip Code: 98104,All Residential,425000.0,440000.0,316.40979147778785,9.0,19.0,17.0,0.98628185373407,0.1111111111111111
2021-06-01,2021-08-31,Zip Code: 98199,Single Family Residential,1410000.0,1350000.0,568.1818181818181,129.0,121.0,16.0,1.049911555209187,0.5503875968992247
2019-11-01,2020-01-31,Zip Code: 98115,Townhouse,757475.0,739950.0,508.0758958856112,24.0,26.0,14.0,0.993948978029296,0.0833333333333333
2021-04-01,2021-06-30,Zip Code: 98119,All Residential,1054500.0,1062500.0,594.5766364371016,156.0,186.0,54.0,1.0212221608308527,0.4102564102564102
2023-12-01,2024-02-29,Zip Code: 98144,Condo/Co-op,699450.0,574975.0,632.4149897607574,10.0,8.0,7.0,0.9928674304461182,0.1
2018-01-01,2018-03-31,Zip Code: 98108,Single Family Residential,640000.0,619500.0,335.2911694336116,56.0,65.0,21.0,1.0376683242685434,0.5357142857142857
2020-09-01,2020-11-30,Zip Code: 98106,All Residential,568434.0,552475.0,360.71428571428567,156.0,160.0,59.0,1.0052557310671693,0.3974358974358974
2018-11-01,2019-01-31,Zip Code: 98178,All Residential,430000.0,462475.0,260.7003891050584,81.0,50.0,28.0,0.988195106032898,0.2839506172839506
2016-05-01,2016-07-31,Zip Code: 98102,Townhouse,824975.0,689000.0,499.566294140571,12.0,13.0,2.0,1.0170236952837657,0.4166666666666666
2018-04-01,2018-06-30,Zip Code: 98105,Townhouse,867475.0,957475.0,623.9812271062272,6.0,6.0,2.0,1.0247718716574543,0.6666666666666666
2019-05-01,2019-07-31,Zip Code: 98112,Condo/Co-op,697475.0,500000.0,706.6650927000742,10.0,15.0,10.0,0.9926249907772609,0.2999999999999999
2016-06-01,2016-08-31,Zip Code: 98125,Townhouse,395000.0,397000.0,307.6256499133449,29.0,24.0,2.0,1.03647074337367,0.5517241379310344
2012-02-01,2012-04-30,Zip Code: 98133,Townhouse,180700.0,232475.0,142.40506329113924,15.0,24.0,11.0,0.9817169863739256,0.2666666666666666
2022-05-01,2022-07-31,Zip Code: 98108,Townhouse,715000.0,674500.0,541.9580419580419,11.0,22.0,8.0,1.0067283156135312,0.4545454545454545
2017-06-01,2017-08-31,Zip Code: 98102,Multi-Family (2-4 Unit),1000000.0,1617500.0,304.5994517209869,1.0,2.0,2.0,1.092896174863388,1.0
2017-10-01,2017-12-31,Zip Code: 98116,Condo/Co-op,475000.0,438950.0,448.4657749803304,17.0,11.0,1.0,1.0128101417053954,0.4705882352941176
2017-12-01,2018-02-28,Zip Code: 98133,Condo/Co-op,342632.5,310975.0,340.49688230709273,36.0,22.0,3.0,1.034355761887194,0.5
2023-10-01,2023-12-31,Zip Code: 98106,All Residential,660000.0,699999.0,427.710843373494,69.0,61.0,36.0,1.0084694900699642,0.3768115942028985
2017-07-01,2017-09-30,Zip Code: 98144,Townhouse,685000.0,684900.0,450.8792855613665,52.0,65.0,14.0,1.030414950821149,0.4423076923076922
2023-01-01,2023-03-31,Zip Code: 98144,Multi-Family (2-4 Unit),895500.0,720000.0,466.7116300406309,2.0,2.0,,0.9656609529256855,0.0
2020-01-01,2020-03-31,Zip Code: 98177,Multi-Family (2-4 Unit),865000.0,865000.0,259.91586538461536,1.0,1.0,,1.0,0.0
2015-02-01,2015-04-30,Zip Code: 98113,Single Family Residential,565000.0,,279.7029702970297,1.0,,,1.0762929802838366,1.0
2020-03-01,2020-05-31,Zip Code: 98119,Townhouse,967500.0,1200000.0,599.7177798682973,13.0,29.0,17.0,0.9997851806487325,0.0769230769230769
2018-10-01,2018-12-31,Zip Code: 98136,Condo/Co-op,360000.0,317500.0,388.4093711467325,9.0,6.0,4.0,0.99126885276879,0.1111111111111111
2018-06-01,2018-08-31,Zip Code: 98134,Condo/Co-op,435000.0,404975.0,393.0134372589616,2.0,2.0,,1.075071883985498,0.5
2013-08-01,2013-10-31,Zip Code: 98101,All Residential,394500.0,577125.0,470.2687821192593,50.0,72.0,38.0,0.9900604395991606,0.16
2019-11-01,2020-01-31,Zip Code: 98117,Single Family Residential,788975.0,809475.0,421.425467188179,98.0,54.0,13.0,0.9970266192914558,0.2959183673469387
2017-04-01,2017-06-30,Zip Code: 98134,Condo/Co-op,1650000.0,462495.0,932.7303561334088,1.0,2.0,1.0,0.9433962264150944,0.0
2018-07-01,2018-09-30,Zip Code: 98144,Single Family Residential,835000.0,787500.0,440.10715652506696,53.0,82.0,50.0,1.024860838213193,0.3962264150943396
2023-01-01,2023-03-31,Zip Code: 98107,Multi-Family (2-4 Unit),1415750.0,1312500.0,1249.166081460674,2.0,6.0,2.0,0.8736778846153846,0.0
2015-06-01,2015-08-31,Zip Code: 98178,All Residential,315000.0,329950.0,178.21782178217822,111.0,115.0,48.0,1.008697759690635,0.4324324324324324
2017-01-01,2017-03-31,Zip Code: 98115,Single Family Residential,833741.0,750000.0,406.7357512953368,93.0,125.0,25.0,1.0711931516417128,0.6129032258064516
2016-11-01,2017-01-31,Zip Code: 98119,All Residential,757000.0,825000.0,442.2169811320754,87.0,71.0,25.0,1.0063622645841346,0.3103448275862069
2017-05-01,2017-07-31,Zip Code: 98118,Condo/Co-op,299725.0,298700.0,416.35710747895,12.0,13.0,2.0,1.0310860835556448,0.4166666666666666
2023-02-01,2023-04-30,Zip Code: 98126,Townhouse,623000.0,649000.0,465.5115511551155,20.0,23.0,5.0,1.0089997248894735,0.45
2022-09-01,2022-11-30,Zip Code: 98107,Single Family Residential,962500.0,1049950.0,571.0335018963337,30.0,39.0,18.0,0.9808879158174156,0.1
2020-11-01,2021-01-31,Zip Code: 98177,All Residential,920000.0,825000.0,404.5307443365696,89.0,51.0,5.0,1.017266354286695,0.3595505617977528
2021-07-01,2021-09-30,Zip Code: 98136,Single Family Residential,975000.0,849974.5,474.13793103448273,77.0,68.0,10.0,1.0670194306484588,0.5844155844155843
2015-01-01,2015-03-31,Zip Code: 98199,All Residential,652000.0,649475.0,324.4222222222222,79.0,114.0,43.0,1.0259326681852796,0.4936708860759493
2020-06-01,2020-08-31,Zip Code: 98102,Single Family Residential,1550000.0,1650000.0,559.2841163310961,17.0,21.0,10.0,1.0053396325264423,0.2941176470588235
2012-04-01,2012-06-30,Zip Code: 98118,Condo/Co-op,160000.0,150000.0,141.09347442680777,5.0,5.0,5.0,0.9568206965996828,0.2
2014-12-01,2015-02-28,Zip Code: 98102,All Residential,443500.0,445000.0,428.7003610108303,52.0,49.0,22.0,1.008604726429989,0.3653846153846153
2022-06-01,2022-08-31,Zip Code: 98133,Townhouse,832940.0,687475.0,508.3760461304406,42.0,34.0,37.0,0.9973398100875068,0.1666666666666666
2017-04-01,2017-06-30,Zip Code: 98122,Single Family Residential,901000.0,914500.0,464.4970414201184,61.0,70.0,13.0,1.0906862701335172,0.6557377049180327
2013-12-01,2014-02-28,Zip Code: 98178,All Residential,206250.0,252444.0,128.643216080402,71.0,78.0,67.0,0.9794695051549158,0.1971830985915492
2015-09-01,2015-11-30,Zip Code: 98115,All Residential,595000.0,575000.0,332.2166387493021,193.0,155.0,23.0,1.038215884516701,0.538860103626943
2015-05-01,2015-07-31,Zip Code: 98107,Single Family Residential,683975.0,660000.0,369.5858989293837,58.0,45.0,9.0,1.0641170630389287,0.7241379310344827
2021-06-01,2021-08-31,Zip Code: 98115,Single Family Residential,1070000.0,998000.0,548.1627747252747,220.0,215.0,23.0,1.0819260441677807,0.6545454545454545
2012-01-01,2012-03-31,Zip Code: 98102,Multi-Family (2-4 Unit),480000.0,490000.0,236.72663448881087,2.0,2.0,1.0,0.9638820638820638,0.0
2017-09-01,2017-11-30,Zip Code: 98119,Condo/Co-op,469666.0,495000.0,551.470588235294,47.0,47.0,5.0,1.0593843411072856,0.6595744680851063
2019-03-01,2019-05-31,Zip Code: 98102,All Residential,569000.0,649500.0,655.0925925925926,111.0,168.0,97.0,0.9958942906704036,0.2072072072072072
2022-07-01,2022-09-30,Zip Code: 98126,Townhouse,677500.0,675000.0,477.4749373433584,14.0,13.0,4.0,0.982803451774636,0.0714285714285714
2021-04-01,2021-06-30,Zip Code: 98116,Multi-Family (2-4 Unit),1220000.0,848000.0,442.61119081779054,4.0,5.0,3.0,0.9434485426687012,0.0
2023-01-01,2023-03-31,Zip Code: 98108,Townhouse,580998.5,577500.0,456.63003074663857,12.0,14.0,8.0,0.9973377458166371,0.3333333333333333
2017-02-01,2017-04-30,Zip Code: 98116,Single Family Residential,770000.0,685000.0,361.2,57.0,83.0,18.0,1.0799000958256502,0.7368421052631579
2017-12-01,2018-02-28,Zip Code: 98117,Multi-Family (2-4 Unit),1712500.0,1400000.0,390.3510001432781,2.0,1.0,,0.9432539682539682,0.0
2023-10-01,2023-12-31,Zip Code: 98108,All Residential,680000.0,690000.0,392.3611111111112,45.0,37.0,22.0,0.9781750813350556,0.3111111111111111
2020-11-01,2021-01-31,Zip Code: 98133,All Residential,626500.0,636949.5,396.7611336032389,176.0,148.0,44.0,1.0117644481489416,0.3465909090909091
2021-09-01,2021-11-30,Zip Code: 98112,Single Family Residential,1820000.0,1750000.0,687.5,61.0,59.0,11.0,1.0455336203769874,0.4098360655737705
2013-04-01,2013-06-30,Zip Code: 98134,Condo/Co-op,218800.0,1975000.0,190.2608695652174,1.0,1.0,2.0,1.0,0.0
2016-09-01,2016-11-30,Zip Code: 98116,All Residential,619995.0,649475.0,381.95956545427214,140.0,118.0,38.0,1.0094068908153868,0.3785714285714285
2015-01-01,2015-03-31,Zip Code: 98113,Single Family Residential,565000.0,524950.0,279.7029702970297,1.0,1.0,,1.0762929802838366,1.0
2016-04-01,2016-06-30,Zip Code: 98178,Townhouse,100500.0,239900.0,84.07243111627322,2.0,5.0,2.0,1.1024944803280263,1.0
2023-08-01,2023-10-31,Zip Code: 98117,Condo/Co-op,770000.0,717000.0,649.6642410315333,18.0,16.0,7.0,0.9815590884412184,0.1666666666666666
2021-06-01,2021-08-31,Zip Code: 98107,Single Family Residential,1050000.0,887000.0,585.3333333333334,63.0,58.0,5.0,1.0827718086579765,0.619047619047619
2012-01-01,2012-03-31,Zip Code: 98112,Single Family Residential,800250.0,825000.0,285.8438149776732,42.0,73.0,67.0,0.9517342124852436,0.1428571428571428
2017-07-01,2017-09-30,Zip Code: 98144,All Residential,685000.0,698000.0,436.377003968848,144.0,165.0,56.0,1.0396751110657654,0.4722222222222222
2020-11-01,2021-01-31,Zip Code: 98134,All Residential,414000.0,,360.0,1.0,,,0.9880668257756564,0.0
2023-06-01,2023-08-31,Zip Code: 98108,Multi-Family (2-4 Unit),789000.0,,391.5632754342432,1.0,,3.0,0.9874843554443052,0.0
2022-09-01,2022-11-30,Zip Code: 98136,Single Family Residential,915000.0,989000.0,461.1350574712644,52.0,48.0,15.0,0.992935133125792,0.3269230769230769
2023-01-01,2023-03-31,Zip Code: 98108,Single Family Residential,599500.0,649999.0,422.54972971063137,34.0,55.0,27.0,0.9855188141133489,0.1764705882352941
2021-03-01,2021-05-31,Zip Code: 98125,Single Family Residential,885000.0,799000.0,505.9171597633136,111.0,139.0,17.0,1.140825986223425,0.8648648648648649
2020-09-01,2020-11-30,Zip Code: 98107,Townhouse,784500.0,750000.0,546.3125845737484,60.0,70.0,19.0,1.0081616001332228,0.3666666666666666
2018-05-01,2018-07-31,Zip Code: 98102,Single Family Residential,1365000.0,1479500.0,567.557671182717,15.0,24.0,13.0,0.9869247920488152,0.2666666666666666
2018-12-01,2019-02-28,Zip Code: 98119,Condo/Co-op,497200.0,499975.0,532.3578913078886,24.0,25.0,21.0,0.9768451828118024,0.0
2020-03-01,2020-05-31,Zip Code: 98112,Single Family Residential,1445000.0,1599500.0,581.1332904056665,55.0,76.0,28.0,1.0262879625646726,0.4181818181818181
2014-10-01,2014-12-31,Zip Code: 98178,Multi-Family (2-4 Unit),203800.0,474500.0,143.5211267605634,1.0,2.0,2.0,1.019,1.0
2021-10-01,2021-12-31,Zip Code: 98108,All Residential,589990.0,578990.0,429.1476654535006,120.0,103.0,14.0,1.0163752880672947,0.3583333333333333
2014-03-01,2014-05-31,Zip Code: 98178,Single Family Residential,268250.0,288500.0,144.57105138713746,86.0,98.0,55.0,0.9965930279261824,0.4302325581395348
2023-10-01,2023-12-31,Zip Code: 98104,All Residential,402475.0,563750.0,659.2069892473119,16.0,20.0,26.0,0.9888120136319573,0.1875
2014-06-01,2014-08-31,Zip Code: 98144,Townhouse,373100.0,384975.0,294.5794871794872,25.0,20.0,5.0,0.9958284662335468,0.2399999999999999
2014-05-01,2014-07-31,Zip Code: 98178,All Residential,267475.0,279990.0,155.60039129371484,88.0,121.0,80.0,0.995698313191479,0.3863636363636363
2013-05-01,2013-07-31,Zip Code: 98105,Townhouse,430500.0,427475.0,298.1108614108432,8.0,10.0,6.0,1.0009299114312338,0.375
2014-09-01,2014-11-30,Zip Code: 98134,All Residential,219000.0,199500.0,190.43478260869568,1.0,2.0,1.0,1.0,0.0
2020-05-01,2020-07-31,Zip Code: 98125,All Residential,630000.0,637000.0,391.3043478260869,129.0,168.0,58.0,1.0130669806086543,0.4186046511627907
2019-09-01,2019-11-30,Zip Code: 98116,All Residential,725000.0,722250.0,463.3793370904848,116.0,108.0,51.0,0.9958531146657376,0.2413793103448276
2017-05-01,2017-07-31,Zip Code: 98199,Multi-Family (2-4 Unit),899000.0,775000.0,430.1075268817205,3.0,3.0,,0.9473684210526316,0.0
2023-09-01,2023-11-30,Zip Code: 98107,Multi-Family (2-4 Unit),1530000.0,1420000.0,724.7314127505358,4.0,3.0,4.0,0.9660352316602316,0.0
2014-09-01,2014-11-30,Zip Code: 98118,Townhouse,271230.0,262000.0,169.99730167296275,4.0,8.0,4.0,1.0062373737373738,0.5
2015-07-01,2015-09-30,Zip Code: 98122,Single Family Residential,769500.0,727000.0,360.07462686567163,60.0,70.0,30.0,1.0491440894126238,0.4833333333333333
2012-09-01,2012-11-30,Zip Code: 98146,Condo/Co-op,88000.0,96500.0,97.45293466223696,3.0,6.0,4.0,0.9635536990650804,0.0
2014-09-01,2014-11-30,Zip Code: 98112,Condo/Co-op,365000.0,399950.0,383.72183372183366,18.0,11.0,3.0,0.9939497472776112,0.3333333333333333
2023-11-01,2024-01-31,Zip Code: 98115,Single Family Residential,1007995.0,1050000.0,535.4779572239197,68.0,55.0,18.0,1.0117258629172952,0.338235294117647
2018-08-01,2018-10-31,Zip Code: 98117,Townhouse,707500.0,627475.0,532.5959665049952,18.0,22.0,9.0,0.9797994402629788,0.0
2014-05-01,2014-07-31,Zip Code: 98115,Townhouse,438000.0,439950.0,295.65696022727275,15.0,12.0,3.0,1.0113679415838006,0.2666666666666666
2020-03-01,2020-05-31,Zip Code: 98199,Multi-Family (2-4 Unit),1350000.0,1083000.0,314.8320895522388,1.0,4.0,3.0,0.9533898305084744,0.0
2017-09-01,2017-11-30,Zip Code: 98118,Townhouse,525000.0,588800.0,350.0908540278619,13.0,15.0,3.0,1.018558928154078,0.2307692307692307
2022-07-01,2022-09-30,Zip Code: 98122,All Residential,890955.0,879950.0,630.3387213351732,154.0,205.0,99.0,0.996415146178776,0.2207792207792207
2018-04-01,2018-06-30,Zip Code: 98117,Condo/Co-op,485000.0,525000.0,499.75,7.0,13.0,1.0,0.998184336926059,0.1428571428571428
2019-03-01,2019-05-31,Zip Code: 98116,Condo/Co-op,555000.0,526475.0,525.0523518836801,30.0,34.0,13.0,0.9896933610639956,0.3666666666666666
2023-05-01,2023-07-31,Zip Code: 98133,Condo/Co-op,365000.0,399000.0,425.7907542579076,21.0,27.0,15.0,0.9945633414826032,0.3333333333333333
2017-01-01,2017-03-31,Zip Code: 98144,All Residential,627000.0,649900.0,394.83627204030233,101.0,137.0,39.0,1.028033086741798,0.3762376237623762
2020-01-01,2020-03-31,Zip Code: 98136,All Residential,719000.0,689500.0,427.6037256562236,77.0,88.0,21.0,1.0148092787753775,0.3506493506493506
2023-03-01,2023-05-31,Zip Code: 98133,Townhouse,702495.0,707499.5,457.4828697163303,58.0,58.0,21.0,0.9904541816601076,0.189655172413793
2022-01-01,2022-03-31,Zip Code: 98105,Multi-Family (2-4 Unit),1682500.0,1847475.0,479.6954314720812,5.0,6.0,4.0,1.0266253068729558,0.5999999999999999
2014-01-01,2014-03-31,Zip Code: 98177,Townhouse,232500.0,240000.0,195.3045582351033,4.0,3.0,3.0,0.9882136562380816,0.0
2021-01-01,2021-03-31,Zip Code: 98133,Condo/Co-op,317500.0,344999.5,379.0983606557377,27.0,32.0,4.0,1.0161827742723706,0.5185185185185184
2014-03-01,2014-05-31,Zip Code: 98199,Multi-Family (2-4 Unit),454000.0,599950.0,218.3823529411765,4.0,5.0,5.0,0.9962365591397848,0.0
2022-11-01,2023-01-31,Zip Code: 98117,Townhouse,790000.0,819950.0,533.5298395457148,28.0,15.0,13.0,0.9945781712722488,0.3571428571428571
2016-04-01,2016-06-30,Zip Code: 98115,Multi-Family (2-4 Unit),900000.0,584975.0,291.26213592233006,1.0,2.0,,1.000055558642147,1.0
2018-03-01,2018-05-31,Zip Code: 98102,Condo/Co-op,527000.0,494950.0,724.8666926778513,68.0,86.0,18.0,1.061713956307318,0.6029411764705882
2013-09-01,2013-11-30,Zip Code: 98107,Multi-Family (2-4 Unit),668800.0,599950.0,217.680608365019,7.0,11.0,5.0,1.0055534423767851,0.4285714285714285
2016-12-01,2017-02-28,Zip Code: 98102,Condo/Co-op,450717.5,424000.0,581.0209744596568,42.0,35.0,12.0,1.0301506804955904,0.5714285714285714
2012-11-01,2013-01-31,Zip Code: 98115,Condo/Co-op,175500.0,205000.0,176.74417661233397,24.0,20.0,13.0,0.9793210134264402,0.2083333333333333
2012-06-01,2012-08-31,Zip Code: 98175,All Residential,281000.0,427500.0,203.4757422157857,2.0,2.0,1.0,1.0131530196369023,0.5
2022-07-01,2022-09-30,Zip Code: 98107,All Residential,850000.0,799000.0,605.3260694108152,107.0,135.0,56.0,0.9959967849501038,0.2429906542056074
2020-09-01,2020-11-30,Zip Code: 98144,Condo/Co-op,422000.0,419000.0,557.9964850615114,17.0,19.0,13.0,0.9911444094069092,0.2352941176470588
2018-08-01,2018-10-31,Zip Code: 98144,Townhouse,673000.0,679000.0,519.6235845718329,18.0,37.0,23.0,0.9971667623591676,0.1666666666666666
2018-01-01,2018-03-31,Zip Code: 98116,Multi-Family (2-4 Unit),1500000.0,1663500.0,461.5384615384616,1.0,2.0,,1.0423905489923555,1.0
2013-01-01,2013-03-31,Zip Code: 98125,Townhouse,258000.0,282500.0,179.105327780661,4.0,6.0,2.0,0.9828173707984748,0.25
2020-07-01,2020-09-30,Zip Code: 98121,All Residential,600000.0,647000.0,727.580372250423,87.0,212.0,167.0,0.980156777432078,0.1379310344827586
2017-12-01,2018-02-28,Zip Code: 98106,All Residential,575000.0,530000.0,356.8501170960187,97.0,86.0,14.0,1.0410520132585168,0.5463917525773195
2020-06-01,2020-08-31,Zip Code: 98108,Townhouse,589950.0,577000.0,435.5656697009104,15.0,36.0,20.0,1.0024022749367518,0.2666666666666666
2012-12-01,2013-02-28,Zip Code: 98105,Condo/Co-op,282500.0,310000.0,268.724279835391,12.0,8.0,5.0,0.9708560710318312,0.0833333333333333
2013-03-01,2013-05-31,Zip Code: 98112,All Residential,720750.0,747250.0,333.2904132852629,122.0,166.0,66.0,0.9886007225233794,0.2704918032786885
2021-01-01,2021-03-31,Zip Code: 98133,Single Family Residential,716500.0,697000.0,419.9029126213592,95.0,110.0,11.0,1.0555463722203524,0.5789473684210527
2022-09-01,2022-11-30,Zip Code: 98119,Single Family Residential,1300000.0,1450000.0,588.1057268722467,39.0,43.0,11.0,0.9863520096854568,0.2307692307692307
2017-08-01,2017-10-31,Zip Code: 98105,Multi-Family (2-4 Unit),1060000.0,929000.0,399.8780487804878,3.0,3.0,,1.036934821493518,0.3333333333333333
2016-06-01,2016-08-31,Zip Code: 98116,Single Family Residential,720000.0,685000.0,355.23012552301253,93.0,93.0,29.0,1.0432065767642056,0.5698924731182796
2019-10-01,2019-12-31,Zip Code: 98106,Single Family Residential,560000.0,557000.0,335.5385809480539,78.0,66.0,28.0,0.9918571045648992,0.2435897435897435
2013-03-01,2013-05-31,Zip Code: 98108,Condo/Co-op,250000.0,,208.3333333333333,1.0,,,0.8771929824561403,0.0
2022-06-01,2022-08-31,Zip Code: 98144,All Residential,799000.0,769999.0,552.4853003309627,115.0,177.0,92.0,1.0198210509497392,0.3913043478260869
2018-10-01,2018-12-31,Zip Code: 98175,All Residential,360000.0,369000.0,318.5840707964602,1.0,1.0,,0.9756097560975608,0.0
2018-03-01,2018-05-31,Zip Code: 98115,Townhouse,849950.0,779950.0,595.2380952380952,17.0,19.0,1.0,1.0407655281100583,0.4705882352941176
2020-03-01,2020-05-31,Zip Code: 98178,Townhouse,513990.0,,287.28785357737104,11.0,,4.0,0.9994750020372156,0.0909090909090909
2014-09-01,2014-11-30,Zip Code: 98122,Townhouse,517500.0,499975.0,372.40448504983385,28.0,30.0,9.0,0.9963683854807542,0.2857142857142857
2022-08-01,2022-10-31,Zip Code: 98105,Multi-Family (2-4 Unit),1450000.0,1600000.0,426.6958424507658,9.0,5.0,3.0,0.9530022590364792,0.2222222222222222
2021-09-01,2021-11-30,Zip Code: 98105,Townhouse,763975.0,825000.0,568.6660986972652,14.0,17.0,5.0,0.9970744225910888,0.1428571428571428
2019-02-01,2019-04-30,Zip Code: 98105,All Residential,894000.0,935000.0,484.2712502943254,68.0,112.0,60.0,1.0018025382582003,0.338235294117647
2023-05-01,2023-07-31,Zip Code: 98106,Condo/Co-op,465850.0,462450.0,534.0072564156993,8.0,14.0,8.0,0.9946455969861664,0.5
2018-09-01,2018-11-30,Zip Code: 98102,Single Family Residential,1500000.0,1495000.0,587.4316939890712,11.0,21.0,12.0,0.9858684436431832,0.1818181818181818
2014-12-01,2015-02-28,Zip Code: 98178,Single Family Residential,275000.0,289000.0,172.09868421052633,69.0,69.0,48.0,0.9989300655658478,0.3768115942028985
2019-10-01,2019-12-31,Zip Code: 98112,All Residential,1300000.0,1025000.0,576.9230769230769,89.0,65.0,36.0,0.9862348603194652,0.1797752808988764
2017-05-01,2017-07-31,Zip Code: 98115,Condo/Co-op,400000.0,399950.0,394.5483342132318,32.0,47.0,14.0,1.1297673258433167,0.71875
2018-11-01,2019-01-31,Zip Code: 98118,Condo/Co-op,289999.0,312475.0,368.9554707379135,3.0,2.0,3.0,0.9724960761232097,0.0
2012-03-01,2012-05-31,Zip Code: 98119,Multi-Family (2-4 Unit),475000.0,559950.0,209.91197183098592,3.0,2.0,,0.9457434382463554,0.0
2013-11-01,2014-01-31,Zip Code: 98116,All Residential,489000.0,485000.0,277.5368603642671,89.0,67.0,54.0,0.9851444524403336,0.2134831460674157
2014-06-01,2014-08-31,Zip Code: 98121,Condo/Co-op,350000.0,499000.0,484.4273811871426,78.0,133.0,75.0,0.9912777075393542,0.1666666666666666
2015-10-01,2015-12-31,Zip Code: 98105,All Residential,782400.0,793500.0,396.60493827160496,71.0,48.0,16.0,1.0123630373888055,0.3943661971830985
2018-10-01,2018-12-31,Zip Code: 98112,Condo/Co-op,800000.0,765000.0,704.8583370681424,18.0,15.0,5.0,1.0017648681335904,0.2777777777777777
2012-09-01,2012-11-30,Zip Code: 98104,All Residential,228000.0,382497.5,288.60759493670884,21.0,16.0,14.0,0.9777000234530684,0.0952380952380952
2023-04-01,2023-06-30,Zip Code: 98119,Single Family Residential,1409500.0,1400000.0,676.6367166749098,32.0,35.0,15.0,1.012501421625674,0.34375
2016-09-01,2016-11-30,Zip Code: 98116,Single Family Residential,660250.0,675000.0,328.058233131273,80.0,62.0,19.0,1.0146173626519703,0.4874999999999999
2019-02-01,2019-04-30,Zip Code: 98144,All Residential,681000.0,722000.0,462.13235294117646,109.0,138.0,68.0,1.0047818632902192,0.2935779816513761
2021-10-01,2021-12-31,Zip Code: 98178,Townhouse,218000.0,279947.5,182.4267782426778,1.0,2.0,,0.9478260869565216,0.0
2021-03-01,2021-05-31,Zip Code: 98136,All Residential,769950.0,772475.0,495.86092715231786,149.0,152.0,14.0,1.057107346576171,0.5369127516778524
2021-11-01,2022-01-31,Zip Code: 98134,All Residential,427000.0,388500.0,371.3043478260869,3.0,2.0,,1.0017816238228556,0.3333333333333333
2013-03-01,2013-05-31,Zip Code: 98116,Townhouse,418000.0,418750.0,279.13295854472324,8.0,10.0,6.0,0.9984198893185534,0.375
2014-10-01,2014-12-31,Zip Code: 98136,Condo/Co-op,215000.0,285000.0,255.688545988532,6.0,3.0,3.0,0.9953658599317288,0.3333333333333333
2019-09-01,2019-11-30,Zip Code: 98104,Condo/Co-op,525000.0,610410.0,585.9847444698703,12.0,29.0,41.0,0.9827335310405032,0.3333333333333333
2020-10-01,2020-12-31,Zip Code: 98119,Townhouse,1078747.5,825000.0,637.5067604110329,36.0,35.0,15.0,1.0070109610182136,0.2222222222222222
2014-01-01,2014-03-31,Zip Code: 98118,Townhouse,263500.0,239500.0,165.95880524095048,6.0,16.0,9.0,0.9786345092288248,0.0
2020-01-01,2020-03-31,Zip Code: 98133,Townhouse,510000.0,560000.0,352.2348484848485,23.0,29.0,8.0,0.9959544921177816,0.2608695652173913
2020-12-01,2021-02-28,Zip Code: 98102,Multi-Family (2-4 Unit),1200000.0,2750000.0,548.4460694698355,1.0,1.0,3.0,0.8602150537634408,0.0
2015-02-01,2015-04-30,Zip Code: 98133,All Residential,371268.5,365000.0,232.1428571428572,186.0,237.0,66.0,1.0037680578179042,0.4086021505376344
2022-12-01,2023-02-28,Zip Code: 98144,All Residential,660000.0,677475.0,513.7481910274964,71.0,78.0,46.0,0.9897391591027516,0.2112676056338028
2015-07-01,2015-09-30,Zip Code: 98122,Townhouse,610999.5,575000.0,417.0394555637165,42.0,41.0,14.0,1.032364900228429,0.5238095238095238
2023-11-01,2024-01-31,Zip Code: 98116,Townhouse,754000.0,875000.0,596.2736640306734,10.0,6.0,4.0,0.9900885861400754,0.2
2018-10-01,2018-12-31,Zip Code: 98117,All Residential,773300.0,769950.0,433.35325762104,131.0,97.0,42.0,1.0024014565174149,0.3129770992366412
2016-02-01,2016-04-30,Zip Code: 98112,Condo/Co-op,490000.0,455000.0,538.7811634349031,23.0,35.0,7.0,0.9995300358463922,0.5217391304347825
2017-06-01,2017-08-31,Zip Code: 98112,Single Family Residential,1412500.0,1250000.0,509.5628415300546,81.0,71.0,26.0,1.0376305826203849,0.4938271604938271
2015-04-01,2015-06-30,Zip Code: 98107,All Residential,577000.0,525000.0,394.7368421052632,151.0,175.0,31.0,1.0495449154883316,0.6556291390728477
2023-12-01,2024-02-29,Zip Code: 98115,Condo/Co-op,405000.0,519475.0,476.4705882352941,21.0,28.0,12.0,0.996496522905356,0.238095238095238
2021-03-01,2021-05-31,Zip Code: 98136,Single Family Residential,896000.0,832499.5,483.7353801169591,88.0,108.0,9.0,1.0911724816469155,0.7272727272727272
2017-02-01,2017-04-30,Zip Code: 98112,Single Family Residential,1225000.0,1299000.0,478.1021897810218,49.0,80.0,31.0,1.0555610874975183,0.4897959183673469
2014-05-01,2014-07-31,Zip Code: 98112,Single Family Residential,970000.0,887500.0,386.7781155015198,83.0,92.0,42.0,1.029100328938292,0.5060240963855421
2016-03-01,2016-05-31,Zip Code: 98119,Townhouse,730000.0,749950.0,431.75487465181055,13.0,15.0,1.0,0.9934607021938764,0.2307692307692307
2012-10-01,2012-12-31,Zip Code: 98133,Multi-Family (2-4 Unit),322500.0,352000.0,154.50814017660045,2.0,2.0,1.0,0.951505016722408,0.0
2018-10-01,2018-12-31,Zip Code: 98104,All Residential,405000.0,629500.0,610.655737704918,13.0,20.0,23.0,0.9659087309070582,0.0
2014-11-01,2015-01-31,Zip Code: 98134,Condo/Co-op,219000.0,,190.43478260869568,1.0,,1.0,1.0,0.0
2019-03-01,2019-05-31,Zip Code: 98178,Single Family Residential,512500.0,500000.0,272.50887049083383,56.0,108.0,65.0,1.016958420887882,0.4464285714285714
2015-12-01,2016-02-29,Zip Code: 98104,All Residential,610750.0,424475.0,520.7823577388795,14.0,28.0,20.0,0.9955781039906756,0.2857142857142857
2018-01-01,2018-03-31,Zip Code: 98102,Condo/Co-op,500000.0,525000.0,668.9246401354784,47.0,68.0,11.0,1.057972877577227,0.6595744680851063
2016-12-01,2017-02-28,Zip Code: 98104,Condo/Co-op,345000.0,525000.0,573.5294117647059,21.0,25.0,16.0,0.993950462710438,0.238095238095238
2014-06-01,2014-08-31,Zip Code: 98122,All Residential,469000.0,469000.0,347.5120385232745,161.0,169.0,76.0,1.0161632004115213,0.4223602484472049
2023-01-01,2023-03-31,Zip Code: 98125,Condo/Co-op,409500.0,455000.0,375.58047225670896,12.0,16.0,7.0,0.9988219002594952,0.3333333333333333
2020-08-01,2020-10-31,Zip Code: 98107,Condo/Co-op,471500.0,449000.0,585.4632991584036,40.0,59.0,32.0,0.9947955371275368,0.1749999999999999
2015-12-01,2016-02-29,Zip Code: 98118,Multi-Family (2-4 Unit),430000.0,,176.95473251028807,1.0,,2.0,1.0240533460347705,1.0
2019-06-01,2019-08-31,Zip Code: 98126,Condo/Co-op,375000.0,379000.0,390.48473967684015,11.0,23.0,17.0,0.9955654545132528,0.2727272727272727
2023-08-01,2023-10-31,Zip Code: 98102,Single Family Residential,1825000.0,1772500.0,566.504854368932,12.0,16.0,11.0,0.9858854111318576,0.25
2021-05-01,2021-07-31,Zip Code: 98133,All Residential,697500.0,665000.0,439.1358510359297,256.0,314.0,85.0,1.0489002722433447,0.53515625
2022-10-01,2022-12-31,Zip Code: 98106,Single Family Residential,685000.0,649000.0,409.4650205761317,71.0,55.0,27.0,0.9976378710511612,0.2816901408450704
2023-01-01,2023-03-31,Zip Code: 98113,Single Family Residential,925000.0,,471.9387755102041,1.0,,,0.925000925000925,0.0
2014-09-01,2014-11-30,Zip Code: 98102,All Residential,465000.0,474975.0,395.22998296422486,91.0,80.0,33.0,1.0008336884330002,0.2307692307692307
2016-08-01,2016-10-31,Zip Code: 98133,Single Family Residential,478982.5,490000.0,304.21941594317286,130.0,138.0,41.0,1.0320128034594929,0.6076923076923076
2016-05-01,2016-07-31,Zip Code: 98104,All Residential,430000.0,490000.0,544.5524752475249,27.0,32.0,16.0,1.0108371593185774,0.3703703703703703
2023-08-01,2023-10-31,Zip Code: 98104,Condo/Co-op,384950.0,534950.0,639.0775529865125,14.0,34.0,36.0,0.9926110963341914,0.1428571428571428
2018-11-01,2019-01-31,Zip Code: 98116,All Residential,707500.0,709974.5,433.33333333333326,99.0,74.0,37.0,0.9905621482601012,0.1919191919191919
2014-07-01,2014-09-30,Zip Code: 98108,Single Family Residential,335000.0,335900.0,193.80120952009364,64.0,83.0,41.0,1.002896719281423,0.390625
2019-11-01,2020-01-31,Zip Code: 98119,Single Family Residential,1057500.0,1157500.0,473.1800766283525,36.0,10.0,4.0,0.9816369384724534,0.2222222222222222
2017-04-01,2017-06-30,Zip Code: 98178,Single Family Residential,450000.0,427250.0,259.7517866748636,98.0,116.0,43.0,1.0756326457049663,0.6530612244897958
2019-01-01,2019-03-31,Zip Code: 98107,Townhouse,745000.0,749925.0,515.7175659994198,40.0,52.0,15.0,0.9911438394047288,0.225
2023-11-01,2024-01-31,Zip Code: 98175,Single Family Residential,500000.0,,462.9629629629629,1.0,,,0.9091735612328392,0.0
2022-04-01,2022-06-30,Zip Code: 98178,Single Family Residential,745000.0,683900.0,376.0162601626016,91.0,122.0,38.0,1.089517272695103,0.7472527472527472
2020-11-01,2021-01-31,Zip Code: 98118,Single Family Residential,676000.0,659990.0,381.90972222222223,97.0,81.0,27.0,1.029712790085552,0.4536082474226804
2016-08-01,2016-10-31,Zip Code: 98112,All Residential,950000.0,912000.0,465.3100752294301,88.0,102.0,37.0,1.0205320576475942,0.3977272727272727
2021-04-01,2021-06-30,Zip Code: 98106,Single Family Residential,676000.0,624975.0,450.0,119.0,144.0,21.0,1.0754161962776685,0.7142857142857143
2021-08-01,2021-10-31,Zip Code: 98126,Townhouse,599750.0,600000.0,449.8914023440702,48.0,44.0,9.0,1.016270036691304,0.5
2022-02-01,2022-04-30,Zip Code: 98119,All Residential,852500.0,899950.0,663.5227250251281,126.0,157.0,25.0,1.0524843117260572,0.6269841269841269
2023-04-01,2023-06-30,Zip Code: 98119,Townhouse,1157500.0,1117500.0,666.2245970932412,14.0,6.0,1.0,0.9845768275340328,0.0714285714285714
2020-08-01,2020-10-31,Zip Code: 98133,Single Family Residential,665500.0,650000.0,381.95357848828087,128.0,150.0,45.0,1.026552692714903,0.5859375
2014-01-01,2014-03-31,Zip Code: 98117,Condo/Co-op,291250.0,319000.0,261.06286186931345,8.0,6.0,4.0,0.9489837472347876,0.0
2012-08-01,2012-10-31,Zip Code: 98178,Condo/Co-op,35900.0,79500.0,43.99509803921568,1.0,2.0,1.0,1.0,0.0
2017-05-01,2017-07-31,Zip Code: 98177,Condo/Co-op,550000.0,869995.0,311.90019193857967,7.0,6.0,2.0,1.029481946955746,0.5714285714285714
2019-07-01,2019-09-30,Zip Code: 98133,Condo/Co-op,291000.0,300000.0,364.892908794564,30.0,41.0,26.0,0.9965430772905152,0.2999999999999999
2019-02-01,2019-04-30,Zip Code: 98126,All Residential,600000.0,629000.0,370.0277520814061,139.0,180.0,72.0,1.0021661020999009,0.3309352517985611
2020-01-01,2020-03-31,Zip Code: 98112,Multi-Family (2-4 Unit),1190000.0,1635000.0,653.8461538461538,1.0,2.0,1.0,0.9153846153846152,0.0
2020-05-01,2020-07-31,Zip Code: 98105,Single Family Residential,1260000.0,1225000.0,497.4972943722944,70.0,89.0,25.0,1.0053443393808834,0.3428571428571428
2015-10-01,2015-12-31,Zip Code: 98107,Single Family Residential,680475.0,679475.0,347.3624338624339,32.0,24.0,6.0,1.0742087059447365,0.65625
2016-04-01,2016-06-30,Zip Code: 98125,Single Family Residential,567000.0,549000.0,319.8863636363636,115.0,134.0,35.0,1.0968884891338846,0.7478260869565218
2016-02-01,2016-04-30,Zip Code: 98106,Single Family Residential,383000.0,369000.0,280.0,75.0,85.0,20.0,1.0646474229373597,0.6933333333333332
2022-01-01,2022-03-31,Zip Code: 98107,All Residential,946103.0,849974.5,636.70905170282,144.0,178.0,19.0,1.0632743895079284,0.5763888888888888
2022-09-01,2022-11-30,Zip Code: 98125,All Residential,699999.5,699950.0,462.1466343505564,92.0,100.0,53.0,0.9896178870423348,0.1956521739130434
2016-05-01,2016-07-31,Zip Code: 98108,Multi-Family (2-4 Unit),480500.0,614500.0,223.00595131715332,2.0,2.0,1.0,1.065130260521042,0.5
2018-11-01,2019-01-31,Zip Code: 98122,Condo/Co-op,495000.0,485000.0,693.822739480752,41.0,33.0,20.0,0.9776549205697947,0.1219512195121951
2022-11-01,2023-01-31,Zip Code: 98119,Townhouse,1000000.0,1197499.5,543.4782608695652,3.0,6.0,5.0,0.9402508208426632,0.0
2016-10-01,2016-12-31,Zip Code: 98118,Condo/Co-op,241800.0,272450.0,341.5254237288136,5.0,6.0,2.0,0.9835394447439209,0.2
2016-06-01,2016-08-31,Zip Code: 98106,Condo/Co-op,245000.0,235000.0,283.5820895522388,7.0,7.0,2.0,1.0335697357296856,0.5714285714285714
2020-11-01,2021-01-31,Zip Code: 98105,Single Family Residential,1200000.0,1237500.0,492.33716475095787,75.0,42.0,11.0,1.0024615454665593,0.2933333333333333
2016-10-01,2016-12-31,Zip Code: 98116,Townhouse,639990.0,714495.0,400.5730659025788,27.0,12.0,11.0,0.9952791575293138,0.1111111111111111
2019-04-01,2019-06-30,Zip Code: 98106,Multi-Family (2-4 Unit),688500.0,882475.0,277.8450363196126,1.0,2.0,,0.918,0.0
2019-11-01,2020-01-31,Zip Code: 98126,Condo/Co-op,363500.0,402500.0,428.25399157606034,12.0,14.0,9.0,0.9776891892120304,0.0833333333333333
2013-07-01,2013-09-30,Zip Code: 98105,Townhouse,411550.0,447000.0,288.88888888888886,7.0,13.0,5.0,1.0031129994471109,0.2857142857142857
2020-09-01,2020-11-30,Zip Code: 98104,All Residential,496250.0,608750.0,620.2628968253969,18.0,44.0,40.0,0.9736309314189384,0.0555555555555555
2020-11-01,2021-01-31,Zip Code: 98178,Condo/Co-op,214000.0,559134.0,232.58969766053303,6.0,9.0,1.0,1.0168141492523768,0.3333333333333333
2021-06-01,2021-08-31,Zip Code: 98102,Single Family Residential,1617500.0,1499000.0,557.6527110501029,28.0,23.0,9.0,1.0008554199360158,0.1785714285714285
2016-07-01,2016-09-30,Zip Code: 98115,Townhouse,539500.0,547000.0,388.5922897196261,10.0,16.0,3.0,1.0193264359592693,0.5999999999999999
2023-05-01,2023-07-31,Zip Code: 98116,All Residential,925000.0,890000.0,597.0149253731344,105.0,139.0,54.0,1.0226902463540295,0.4761904761904761
2020-02-01,2020-04-30,Zip Code: 98106,Townhouse,548950.0,548531.5,342.67029972752044,39.0,40.0,31.0,1.0029219930196296,0.2307692307692307
2017-07-01,2017-09-30,Zip Code: 98199,Single Family Residential,925000.0,915000.0,428.028396836808,104.0,109.0,46.0,1.0351898407844944,0.5288461538461539
2016-02-01,2016-04-30,Zip Code: 98119,Multi-Family (2-4 Unit),1153400.0,800000.0,385.2941176470589,5.0,10.0,5.0,1.0341505665723336,0.4
2021-03-01,2021-05-31,Zip Code: 98108,Condo/Co-op,420000.0,468800.0,555.5555555555555,1.0,19.0,8.0,1.0120481927710845,1.0
2021-04-01,2021-06-30,Zip Code: 98144,All Residential,705000.0,699900.0,520.5709487825357,177.0,209.0,52.0,1.0310766389045172,0.4576271186440678
2023-06-01,2023-08-31,Zip Code: 98178,All Residential,749950.0,700000.0,406.6265060240964,55.0,67.0,30.0,1.0011660478190714,0.4
2012-10-01,2012-12-31,Zip Code: 98105,Multi-Family (2-4 Unit),574950.0,435000.0,209.46300966792768,6.0,3.0,2.0,0.960372387386998,0.0
2021-05-01,2021-07-31,Zip Code: 98112,Townhouse,855000.0,835000.0,654.8814735783574,42.0,37.0,7.0,1.0171827553757455,0.3333333333333333
2019-08-01,2019-10-31,Zip Code: 98116,Condo/Co-op,460000.0,472500.0,588.6524822695036,27.0,28.0,10.0,0.9953632426821662,0.1851851851851851
2013-12-01,2014-02-28,Zip Code: 98102,Multi-Family (2-4 Unit),867525.0,695000.0,277.31599188657265,2.0,1.0,1.0,0.9472981059941512,0.0
2022-09-01,2022-11-30,Zip Code: 98115,Townhouse,884950.0,799980.0,612.9032258064516,21.0,19.0,10.0,0.9769777575518468,0.0952380952380952
2018-11-01,2019-01-31,Zip Code: 98112,Condo/Co-op,795000.0,425000.0,743.3903576982893,13.0,13.0,6.0,0.9905954953556564,0.1538461538461538
2012-04-01,2012-06-30,Zip Code: 98115,Condo/Co-op,165000.0,168000.0,170.82035306334373,19.0,33.0,29.0,0.9746354998055538,0.1052631578947368
2012-02-01,2012-04-30,Zip Code: 98116,Single Family Residential,439950.0,507000.0,223.88059701492537,43.0,72.0,44.0,0.983176168137398,0.2325581395348837
2023-04-01,2023-06-30,Zip Code: 98102,All Residential,665000.0,835000.0,633.1044720727407,78.0,109.0,57.0,0.9931948570488232,0.2307692307692307
2020-08-01,2020-10-31,Zip Code: 98102,Townhouse,960000.0,999925.0,635.5140186915888,21.0,42.0,31.0,0.9907850487375968,0.0476190476190476
2014-04-01,2014-06-30,Zip Code: 98133,Single Family Residential,377595.5,374725.0,217.11401952085183,164.0,175.0,55.0,1.013943954805163,0.4756097560975609
2016-12-01,2017-02-28,Zip Code: 98177,All Residential,755000.0,662000.0,314.19284503290555,58.0,48.0,17.0,0.991328941296959,0.2586206896551724
2013-02-01,2013-04-30,Zip Code: 98133,Multi-Family (2-4 Unit),440500.0,479450.0,139.3987341772152,3.0,4.0,1.0,0.9702050781685088,0.0
2017-07-01,2017-09-30,Zip Code: 98117,Condo/Co-op,430000.0,365000.0,519.7010869565217,7.0,10.0,2.0,1.162126656329511,0.8571428571428571
2022-04-01,2022-06-30,Zip Code: 98112,Single Family Residential,2062000.0,1995000.0,779.6708056598324,53.0,89.0,30.0,1.069652761365344,0.5283018867924528
2016-12-01,2017-02-28,Zip Code: 98119,Townhouse,861000.0,842475.0,503.922751961376,11.0,22.0,3.0,0.984280516495662,0.0
2017-01-01,2017-03-31,Zip Code: 98119,Multi-Family (2-4 Unit),1023250.0,995000.0,321.35506217761605,2.0,5.0,,1.0221225845410629,0.5
2012-06-01,2012-08-31,Zip Code: 98102,Condo/Co-op,249975.0,269888.0,324.6753246753247,70.0,57.0,33.0,0.9950334539683748,0.2571428571428571
2012-08-01,2012-10-31,Zip Code: 98115,Multi-Family (2-4 Unit),485000.0,625000.0,209.05172413793105,1.0,1.0,,0.9344894026974953,0.0
2020-12-01,2021-02-28,Zip Code: 98107,Condo/Co-op,435000.0,474950.0,535.5129650507328,29.0,35.0,23.0,0.9894531059172292,0.1724137931034482
2017-11-01,2018-01-31,Zip Code: 98133,Multi-Family (2-4 Unit),900000.0,745000.0,302.5064822817632,3.0,1.0,,0.9955262767343304,0.3333333333333333
2019-02-01,2019-04-30,Zip Code: 98112,Townhouse,832000.0,930000.0,543.9492932281394,10.0,15.0,6.0,0.9971411241695342,0.2
2014-05-01,2014-07-31,Zip Code: 98106,All Residential,302500.0,313225.0,199.89264767490573,114.0,126.0,69.0,0.9993259089567336,0.3508771929824561
2023-08-01,2023-10-31,Zip Code: 98112,Townhouse,894900.0,899800.0,678.3550825800955,6.0,7.0,1.0,0.9786081656867656,0.0
2021-01-01,2021-03-31,Zip Code: 98133,Multi-Family (2-4 Unit),775000.0,765475.0,275.185577942736,3.0,8.0,7.0,1.0376155455318037,0.6666666666666666
2020-07-01,2020-09-30,Zip Code: 98199,Townhouse,730000.0,729999.0,507.8457446808511,31.0,27.0,9.0,1.0002351117817987,0.3225806451612903
2014-09-01,2014-11-30,Zip Code: 98106,Single Family Residential,325000.0,298500.0,173.52941176470588,67.0,68.0,39.0,0.9938944250036386,0.3134328358208955
2012-06-01,2012-08-31,Zip Code: 98107,Condo/Co-op,245000.0,249995.0,298.44097995545656,35.0,35.0,20.0,0.9828158375602896,0.1142857142857142
2018-10-01,2018-12-31,Zip Code: 98107,Condo/Co-op,495500.0,509000.0,612.6375867565296,24.0,16.0,9.0,0.9810374927347516,0.0416666666666666
2019-03-01,2019-05-31,Zip Code: 98105,All Residential,950000.0,924975.0,481.76100628930817,75.0,132.0,62.0,1.0066009539441052,0.3733333333333333
2014-01-01,2014-03-31,Zip Code: 98116,All Residential,502225.0,454950.0,301.5586808051761,68.0,118.0,59.0,0.9882135797269092,0.25
2018-11-01,2019-01-31,Zip Code: 98133,Townhouse,499950.0,604950.0,360.7547169811321,11.0,18.0,9.0,0.9868242458766616,0.0909090909090909
2014-08-01,2014-10-31,Zip Code: 98144,Multi-Family (2-4 Unit),496000.0,536150.0,184.319589079651,2.0,2.0,5.0,0.952381897413333,0.0
2013-07-01,2013-09-30,Zip Code: 98105,Single Family Residential,639500.0,575000.0,287.88775510204084,84.0,77.0,24.0,1.0238988396462223,0.5
2023-04-01,2023-06-30,Zip Code: 98134,All Residential,360000.0,357500.0,402.44565217391306,5.0,2.0,1.0,1.002339512556668,0.4
2016-07-01,2016-09-30,Zip Code: 98136,Townhouse,531422.5,529200.0,367.0138383985265,20.0,25.0,6.0,1.0156048448951882,0.4
2023-09-01,2023-11-30,Zip Code: 98102,Single Family Residential,1862500.0,1598000.0,572.6851851851852,8.0,15.0,7.0,0.995472094229392,0.25
2020-10-01,2020-12-31,Zip Code: 98178,Townhouse,532365.0,541672.0,305.23849140321687,12.0,2.0,1.0,1.0001966061334746,0.0833333333333333
2014-11-01,2015-01-31,Zip Code: 98133,Single Family Residential,393750.0,424950.0,238.3333333333333,106.0,70.0,32.0,1.0032299481496112,0.2924528301886792
2020-01-01,2020-03-31,Zip Code: 98144,Condo/Co-op,400750.0,449700.0,448.1278145764882,12.0,11.0,5.0,0.9973051148847096,0.1666666666666666
2018-01-01,2018-03-31,Zip Code: 98102,All Residential,713000.0,795000.0,615.0986842105264,82.0,126.0,34.0,1.0401679478743102,0.5
2016-12-01,2017-02-28,Zip Code: 98105,Condo/Co-op,375000.0,390000.0,437.1723016757236,12.0,17.0,5.0,1.039274821266982,0.5
2023-05-01,2023-07-31,Zip Code: 98136,Single Family Residential,1007500.0,999475.0,586.8308620256346,46.0,54.0,20.0,1.0461637907406682,0.5
2020-01-01,2020-03-31,Zip Code: 98136,Townhouse,619100.0,614250.0,453.23741007194246,25.0,22.0,4.0,1.0026688717750347,0.2
2015-01-01,2015-03-31,Zip Code: 98106,Single Family Residential,348800.0,329950.0,203.78210556025968,53.0,73.0,26.0,0.993530972804348,0.3396226415094339
2016-07-01,2016-09-30,Zip Code: 98122,Single Family Residential,757500.0,769950.0,404.8903027643704,70.0,72.0,26.0,1.0310945286408726,0.4285714285714285
2021-11-01,2022-01-31,Zip Code: 98108,Multi-Family (2-4 Unit),882000.0,900000.0,272.8960396039604,1.0,1.0,,0.98,0.0
2020-01-01,2020-03-31,Zip Code: 98109,Condo/Co-op,482497.5,500000.0,587.0665390880653,42.0,68.0,32.0,0.9974374213761588,0.238095238095238
2021-03-01,2021-05-31,Zip Code: 98122,Condo/Co-op,450000.0,435000.0,616.6077738515901,60.0,85.0,40.0,0.9990480436845116,0.2
2018-09-01,2018-11-30,Zip Code: 98112,Multi-Family (2-4 Unit),1251000.0,1900000.0,491.11879321181647,2.0,1.0,,0.964092664092664,0.0
2018-09-01,2018-11-30,Zip Code: 98112,Condo/Co-op,555000.0,797000.0,659.9573389832937,18.0,20.0,10.0,1.0126265229683495,0.2777777777777777
2022-07-01,2022-09-30,Zip Code: 98178,Condo/Co-op,247000.0,248000.0,417.60299625468167,3.0,4.0,,0.9897453703703704,0.0
2014-12-01,2015-02-28,Zip Code: 98133,Single Family Residential,406250.0,415000.0,239.46877454831107,102.0,87.0,36.0,0.9968320885982508,0.2745098039215686
2021-08-01,2021-10-31,Zip Code: 98194,Condo/Co-op,650000.0,,524.1935483870968,1.0,,,0.9629629629629628,0.0
2016-01-01,2016-03-31,Zip Code: 98105,Townhouse,545000.0,549950.0,454.1666666666666,3.0,7.0,,0.9984749789586757,0.3333333333333333
2023-02-01,2023-04-30,Zip Code: 98106,Townhouse,592475.0,609950.0,455.0881202990277,34.0,24.0,18.0,0.9969474945351544,0.2058823529411764
2018-10-01,2018-12-31,Zip Code: 98106,All Residential,497500.0,524997.5,330.188679245283,97.0,86.0,63.0,0.988202591955032,0.2268041237113402
2012-02-01,2012-04-30,Zip Code: 98119,Single Family Residential,635000.0,687000.0,278.50877192982455,33.0,56.0,31.0,0.983889088587195,0.3333333333333333
2021-10-01,2021-12-31,Zip Code: 98136,All Residential,717000.0,731500.0,510.51051051051047,79.0,52.0,3.0,1.0305531887132728,0.5063291139240506
2014-04-01,2014-06-30,Zip Code: 98105,Multi-Family (2-4 Unit),640000.0,717475.0,220.86833151280024,2.0,6.0,4.0,1.0032508127031758,0.5
2013-04-01,2013-06-30,Zip Code: 98112,All Residential,762000.0,725000.0,352.11195054945046,136.0,174.0,73.0,0.98973556676224,0.2941176470588235
2015-12-01,2016-02-29,Zip Code: 98119,Single Family Residential,953500.0,899495.0,415.80882352941177,26.0,22.0,15.0,1.0296962933728888,0.4615384615384615
2014-02-01,2014-04-30,Zip Code: 98144,Condo/Co-op,204000.0,254400.0,271.89018251849257,9.0,16.0,14.0,0.9715458284089796,0.1111111111111111
2022-03-01,2022-05-31,Zip Code: 98105,Single Family Residential,1825000.0,1771500.0,668.9429340542808,64.0,80.0,15.0,1.1123312424402576,0.71875
2020-07-01,2020-09-30,Zip Code: 98117,Multi-Family (2-4 Unit),840000.0,900000.0,334.55882352941177,5.0,7.0,6.0,0.9739438992918464,0.4
2019-12-01,2020-02-29,Zip Code: 98118,Multi-Family (2-4 Unit),750000.0,966500.0,260.4166666666667,3.0,2.0,1.0,0.965538134987362,0.3333333333333333
2012-02-01,2012-04-30,Zip Code: 98125,Condo/Co-op,90000.0,155444.0,131.79916317991632,15.0,16.0,20.0,0.9246807347597262,0.1333333333333333
2016-04-01,2016-06-30,Zip Code: 98125,Condo/Co-op,217775.0,236325.0,280.9343434343434,26.0,32.0,8.0,1.0795486329561017,0.7692307692307692
2013-04-01,2013-06-30,Zip Code: 98144,Condo/Co-op,240900.0,190000.0,288.92773892773886,37.0,20.0,11.0,1.0257953195165408,0.2432432432432432
2014-01-01,2014-03-31,Zip Code: 98104,Single Family Residential,1878850.0,,494.4342105263158,1.0,,,0.7576008064516128,0.0
2016-04-01,2016-06-30,Zip Code: 98105,Condo/Co-op,363228.0,345000.0,495.81005586592175,13.0,21.0,3.0,1.0816404137592417,0.6923076923076922
2020-10-01,2020-12-31,Zip Code: 98117,Condo/Co-op,690000.0,570000.0,669.4995278564684,9.0,5.0,3.0,0.9813125539834748,0.2222222222222222
2015-02-01,2015-04-30,Zip Code: 98125,Multi-Family (2-4 Unit),419950.0,445000.0,170.02024291497975,1.0,1.0,1.0,1.0,0.0
2022-06-01,2022-08-31,Zip Code: 98144,Condo/Co-op,470000.0,514975.0,588.8888888888889,13.0,16.0,8.0,1.0003262755479685,0.2307692307692307
2013-08-01,2013-10-31,Zip Code: 98112,Multi-Family (2-4 Unit),657475.0,,240.0396689309503,2.0,,,0.9823943661971832,0.0
2019-04-01,2019-06-30,Zip Code: 98136,Single Family Residential,780000.0,749950.0,398.3516483516484,71.0,94.0,31.0,1.0333998121293038,0.5633802816901408
2016-09-01,2016-11-30,Zip Code: 98118,All Residential,475000.0,457000.0,268.75,167.0,178.0,69.0,1.0293131212266722,0.467065868263473
2019-06-01,2019-08-31,Zip Code: 98119,Townhouse,860725.0,849000.0,591.9099756690998,34.0,31.0,20.0,0.9960352228955756,0.3235294117647059
2014-06-01,2014-08-31,Zip Code: 98102,Multi-Family (2-4 Unit),1095000.0,935000.0,318.87755102040813,3.0,2.0,1.0,1.045360329180126,0.3333333333333333
2012-03-01,2012-05-31,Zip Code: 98115,Condo/Co-op,209000.0,172475.0,206.6772655007949,15.0,28.0,28.0,0.9796963419239036,0.1333333333333333
2017-05-01,2017-07-31,Zip Code: 98108,Condo/Co-op,410000.0,400000.0,273.41490545050056,2.0,1.0,,1.0,0.0
2016-06-01,2016-08-31,Zip Code: 98105,Townhouse,606000.0,542450.0,439.1304347826088,7.0,8.0,,1.0789323076979087,0.7142857142857143
2017-03-01,2017-05-31,Zip Code: 98112,Multi-Family (2-4 Unit),919000.0,855000.0,191.4583333333333,1.0,4.0,1.0,1.14875,1.0
2014-02-01,2014-04-30,Zip Code: 98116,All Residential,469100.0,500000.0,312.5954545454546,100.0,145.0,62.0,1.0119203129113346,0.38
2020-04-01,2020-06-30,Zip Code: 98102,Single Family Residential,1687500.0,1741500.0,571.6363738121321,14.0,18.0,11.0,1.0089984803368612,0.3571428571428571
2015-08-01,2015-10-31,Zip Code: 98119,All Residential,562500.0,625000.0,407.7478042659975,101.0,112.0,36.0,1.012930421443219,0.4059405940594059
2020-07-01,2020-09-30,Zip Code: 98122,Townhouse,813500.0,799950.0,585.7266545325849,42.0,73.0,36.0,1.003047584595108,0.238095238095238
2013-06-01,2013-08-31,Zip Code: 98119,Multi-Family (2-4 Unit),607000.0,798975.0,182.7586206896552,3.0,8.0,8.0,1.0325841892494383,0.6666666666666666
2018-04-01,2018-06-30,Zip Code: 98117,Townhouse,699000.0,725000.0,510.9173331221791,26.0,35.0,10.0,1.0454573510396536,0.5
2017-07-01,2017-09-30,Zip Code: 98125,Condo/Co-op,320000.0,285000.0,289.8936170212766,21.0,29.0,6.0,1.0750563685063406,0.619047619047619
2014-02-01,2014-04-30,Zip Code: 98118,Single Family Residential,340000.0,360000.0,178.9855072463768,109.0,142.0,84.0,1.014850807795334,0.4862385321100917
2014-02-01,2014-04-30,Zip Code: 98119,Townhouse,610000.0,549000.0,389.630793401414,15.0,13.0,7.0,0.9779873739936216,0.0666666666666666
2015-11-01,2016-01-31,Zip Code: 98133,Townhouse,392269.0,386975.0,273.14583333333337,8.0,8.0,3.0,1.0278138355067918,0.75
2021-10-01,2021-12-31,Zip Code: 98102,Condo/Co-op,527500.0,525000.0,634.2592592592594,58.0,42.0,13.0,0.9907989520036552,0.1551724137931034
2019-12-01,2020-02-29,Zip Code: 98119,Townhouse,831500.0,789950.0,537.942902549472,28.0,23.0,11.0,0.9925077735912412,0.2142857142857142
2016-02-01,2016-04-30,Zip Code: 98116,Condo/Co-op,400000.0,400000.0,412.9993374227884,26.0,25.0,12.0,1.007342360803971,0.4615384615384615
2015-09-01,2015-11-30,Zip Code: 98125,All Residential,450000.0,427000.0,265.08532537440215,140.0,138.0,26.0,1.0223928666001705,0.4714285714285714
2021-07-01,2021-09-30,Zip Code: 98144,All Residential,725000.0,750000.0,518.581676750216,169.0,177.0,58.0,1.0363006631371718,0.4497041420118343
2014-06-01,2014-08-31,Zip Code: 98117,Townhouse,400250.0,405000.0,284.3689164772396,14.0,23.0,8.0,1.0054749359548378,0.4285714285714285
2015-02-01,2015-04-30,Zip Code: 98102,Multi-Family (2-4 Unit),852000.0,850000.0,384.3031123139377,1.0,1.0,,1.002352941176471,1.0
2023-06-01,2023-08-31,Zip Code: 98178,Condo/Co-op,872500.0,300000.0,685.8368347338935,2.0,1.0,1.0,0.9901813313277272,0.5
2016-10-01,2016-12-31,Zip Code: 98118,Townhouse,388875.0,471775.0,356.3753202856676,28.0,18.0,7.0,0.998420851023148,0.1785714285714285
2023-04-01,2023-06-30,Zip Code: 98112,Single Family Residential,1725000.0,1750000.0,675.609756097561,51.0,81.0,34.0,1.0250488409959886,0.3725490196078431
2023-03-01,2023-05-31,Zip Code: 98122,Single Family Residential,1010000.0,999950.0,572.5806451612904,49.0,67.0,30.0,1.0243458915715529,0.3877551020408163
2013-04-01,2013-06-30,Zip Code: 98102,Single Family Residential,896000.0,898000.0,307.8672480316196,20.0,27.0,9.0,0.9934494131105596,0.25
2017-11-01,2018-01-31,Zip Code: 98178,All Residential,422475.0,499000.0,250.2783682558964,100.0,87.0,33.0,1.0089600448946223,0.4
2013-10-01,2013-12-31,Zip Code: 98104,Townhouse,715000.0,,409.74212034383953,1.0,,,0.8959899749373433,0.0
2013-11-01,2014-01-31,Zip Code: 98126,Townhouse,289995.0,340398.0,217.82178217821783,10.0,14.0,12.0,1.0008383588818006,0.4
2022-03-01,2022-05-31,Zip Code: 98116,Townhouse,950000.0,899475.0,577.5956284153006,23.0,22.0,3.0,1.0496143535152886,0.782608695652174
2013-06-01,2013-08-31,Zip Code: 98126,Townhouse,319990.0,315000.0,223.71621621621625,15.0,20.0,11.0,1.0204744589000778,0.5999999999999999
2012-11-01,2013-01-31,Zip Code: 98102,Multi-Family (2-4 Unit),440000.0,649950.0,187.2340425531915,1.0,1.0,1.0,0.9777777777777776,0.0
2021-11-01,2022-01-31,Zip Code: 98112,Townhouse,767425.0,932000.0,679.0901385900297,18.0,18.0,3.0,1.0150674742958523,0.2777777777777777
2018-09-01,2018-11-30,Zip Code: 98136,All Residential,733750.0,699000.0,377.25067385444737,78.0,79.0,32.0,0.988422530359058,0.1666666666666666
2012-09-01,2012-11-30,Zip Code: 98122,All Residential,407725.0,419450.0,295.2393162393163,106.0,110.0,59.0,1.0006608110984696,0.3113207547169811
2014-02-01,2014-04-30,Zip Code: 98122,Condo/Co-op,254000.0,257000.0,397.35099337748346,39.0,50.0,17.0,1.001123695807024,0.2564102564102563
2018-08-01,2018-10-31,Zip Code: 98178,All Residential,439950.0,498444.0,271.42857142857144,89.0,120.0,85.0,1.0040051084677466,0.3595505617977528
2018-03-01,2018-05-31,Zip Code: 98126,All Residential,625000.0,615000.0,407.55938129183215,150.0,234.0,53.0,1.057151710107012,0.6933333333333332
2022-02-01,2022-04-30,Zip Code: 98106,Townhouse,650000.0,657499.5,494.12577747062886,39.0,50.0,4.0,1.0448901227494334,0.6923076923076922
2014-04-01,2014-06-30,Zip Code: 98118,Single Family Residential,377900.0,357000.0,197.93103448275863,125.0,174.0,91.0,1.0070200776442315,0.456
2017-11-01,2018-01-31,Zip Code: 98134,Condo/Co-op,360000.0,332450.0,350.1945525291829,5.0,4.0,,1.0249329278721755,0.8
2019-03-01,2019-05-31,Zip Code: 98106,Condo/Co-op,335000.0,330000.0,327.78864970645793,5.0,5.0,2.0,1.0151765911077404,0.5999999999999999
2014-12-01,2015-02-28,Zip Code: 98115,Multi-Family (2-4 Unit),628000.0,,283.17976210420505,2.0,,1.0,0.9770642201834862,0.0
2013-01-01,2013-03-31,Zip Code: 98117,Condo/Co-op,381500.0,239700.0,397.39583333333326,3.0,12.0,7.0,1.0022690058479533,0.3333333333333333
2016-12-01,2017-02-28,Zip Code: 98136,Townhouse,511000.0,565000.0,368.75,9.0,5.0,,0.9996626462514688,0.2222222222222222
2018-05-01,2018-07-31,Zip Code: 98104,All Residential,735950.0,599000.0,778.3117809311055,24.0,27.0,21.0,1.0131431522611236,0.25
2016-10-01,2016-12-31,Zip Code: 98102,Single Family Residential,998562.0,1180000.0,410.2082483781279,16.0,9.0,7.0,0.9882591069052352,0.3125
2019-06-01,2019-08-31,Zip Code: 98177,Condo/Co-op,438500.0,407475.0,293.47826086956525,14.0,16.0,7.0,1.004028158477248,0.5
2014-10-01,2014-12-31,Zip Code: 98107,Townhouse,497500.0,479950.0,343.4048672566372,40.0,23.0,1.0,1.0022236200353316,0.325
2012-04-01,2012-06-30,Zip Code: 98107,Condo/Co-op,237500.0,259950.0,288.91050583657585,39.0,37.0,16.0,0.9833834303548922,0.1794871794871794
2014-01-01,2014-03-31,Zip Code: 98178,Single Family Residential,215750.0,274500.0,139.71704623878537,64.0,89.0,61.0,0.9791482502552552,0.234375
2013-02-01,2013-04-30,Zip Code: 98133,Condo/Co-op,134225.0,134950.0,161.57435433835656,16.0,25.0,16.0,0.994217903181755,0.25
2012-01-01,2012-03-31,Zip Code: 98104,Condo/Co-op,170500.0,189000.0,248.66188238889208,14.0,17.0,18.0,0.9647482282469316,0.1428571428571428
2018-05-01,2018-07-31,Zip Code: 98144,All Residential,750000.0,749500.0,487.21071863581,145.0,157.0,52.0,1.030786029491778,0.4206896551724138
2014-01-01,2014-03-31,Zip Code: 98133,Condo/Co-op,145840.0,152200.0,164.51149425287358,19.0,34.0,20.0,0.9997256922276562,0.2105263157894736
2015-05-01,2015-07-31,Zip Code: 98112,Condo/Co-op,430000.0,397475.0,507.35294117647055,25.0,20.0,7.0,1.031252342471355,0.4799999999999999
2022-06-01,2022-08-31,Zip Code: 98105,Multi-Family (2-4 Unit),1500000.0,1295000.0,561.9469026548672,3.0,9.0,4.0,1.0702863076694853,0.6666666666666666
2015-02-01,2015-04-30,Zip Code: 98115,Townhouse,508000.0,437225.0,366.5929502329665,14.0,12.0,3.0,1.0181967154169702,0.3571428571428571
2017-08-01,2017-10-31,Zip Code: 98112,All Residential,1081000.0,1043975.0,537.9430379746835,104.0,110.0,31.0,1.0373705652433467,0.5192307692307692
2021-04-01,2021-06-30,Zip Code: 98116,All Residential,902000.0,839975.0,532.0652173913044,181.0,214.0,52.0,1.0598604556377256,0.5580110497237569
2019-10-01,2019-12-31,Zip Code: 98122,Multi-Family (2-4 Unit),790000.0,1972500.0,447.9166666666666,3.0,2.0,1.0,0.9536817270302465,0.0
2016-08-01,2016-10-31,Zip Code: 98102,All Residential,525000.0,599950.0,512.0772946859903,87.0,95.0,43.0,1.013011171668566,0.425287356321839
2012-07-01,2012-09-30,Zip Code: 98118,Multi-Family (2-4 Unit),330000.0,349700.0,87.53315649867373,1.0,4.0,6.0,0.9705882352941176,0.0
2014-03-01,2014-05-31,Zip Code: 98144,Townhouse,375000.0,359950.0,282.89473684210526,31.0,43.0,13.0,1.011438700711722,0.4516129032258064
2022-03-01,2022-05-31,Zip Code: 98118,Single Family Residential,870347.0,829975.0,520.0320512820513,118.0,154.0,36.0,1.1116821661540592,0.7033898305084745
2017-07-01,2017-09-30,Zip Code: 98104,All Residential,461900.5,525000.0,619.0768923152118,18.0,23.0,14.0,1.0135611534718625,0.3888888888888889
2021-04-01,2021-06-30,Zip Code: 98144,Condo/Co-op,418750.0,397475.0,485.49163440962985,20.0,30.0,12.0,1.0217787962419775,0.45
2017-01-01,2017-03-31,Zip Code: 98136,Multi-Family (2-4 Unit),900000.0,900000.0,542.1686746987951,1.0,1.0,,1.0,0.0
2015-07-01,2015-09-30,Zip Code: 98108,All Residential,430000.0,390000.0,224.0,55.0,83.0,33.0,1.016927629201321,0.509090909090909
2012-04-01,2012-06-30,Zip Code: 98136,All Residential,385000.0,404000.0,201.8237082066869,85.0,101.0,52.0,0.9856236032223982,0.2117647058823529
2016-03-01,2016-05-31,Zip Code: 98118,Multi-Family (2-4 Unit),387500.0,700000.0,191.0500478927203,2.0,8.0,6.0,0.9982231698649608,0.5
2021-10-01,2021-12-31,Zip Code: 98102,Townhouse,979950.0,899950.0,706.8062827225131,39.0,16.0,5.0,1.0044376143436289,0.2051282051282051
2018-09-01,2018-11-30,Zip Code: 98122,Single Family Residential,872500.0,872450.0,445.9475314435893,50.0,56.0,24.0,0.9930241290222976,0.32
2021-07-01,2021-09-30,Zip Code: 98117,Multi-Family (2-4 Unit),1250000.0,899000.0,426.6211604095563,3.0,4.0,2.0,0.9811320754716982,0.0
2016-07-01,2016-09-30,Zip Code: 98199,All Residential,749000.0,719000.0,406.6860465116279,119.0,141.0,48.0,1.019509670945571,0.4453781512605042
2016-09-01,2016-11-30,Zip Code: 98118,Townhouse,416775.0,428150.0,361.5234375,22.0,24.0,10.0,1.0084221230281487,0.1818181818181818
2017-07-01,2017-09-30,Zip Code: 98118,Condo/Co-op,380450.0,335000.0,397.45392751457615,10.0,8.0,1.0,1.071227864560466,0.6999999999999998
2022-05-01,2022-07-31,Zip Code: 98121,Condo/Co-op,650000.0,625000.0,786.312849162011,109.0,182.0,122.0,1.0022955845713435,0.3027522935779816
2022-01-01,2022-03-31,Zip Code: 98133,All Residential,765000.0,755000.0,488.599348534202,167.0,228.0,41.0,1.0953155219482549,0.6586826347305389
2019-01-01,2019-03-31,Zip Code: 98105,Condo/Co-op,309000.0,477450.0,495.8677685950413,7.0,16.0,13.0,0.9423374184530752,0.0
2015-02-01,2015-04-30,Zip Code: 98108,All Residential,370000.0,390000.0,210.69422150882824,62.0,59.0,19.0,1.0123810656773466,0.4032258064516128
2013-12-01,2014-02-28,Zip Code: 98122,Multi-Family (2-4 Unit),597500.0,914995.0,226.5488215488216,3.0,2.0,4.0,0.9209940152107552,0.0
2022-11-01,2023-01-31,Zip Code: 98125,Townhouse,610000.0,675000.0,479.08921933085503,5.0,7.0,8.0,0.9843953640864476,0.0
2017-12-01,2018-02-28,Zip Code: 98133,Single Family Residential,620250.0,595000.0,354.2036796231598,80.0,67.0,14.0,1.0390181978034565,0.55
2017-11-01,2018-01-31,Zip Code: 98118,Condo/Co-op,329000.0,282500.0,503.0800821355237,5.0,6.0,,0.9883076923076922,0.0
2023-11-01,2024-01-31,Zip Code: 98119,Multi-Family (2-4 Unit),875000.0,,230.26315789473685,1.0,,3.0,0.9615384615384616,0.0
2019-10-01,2019-12-31,Zip Code: 98117,Multi-Family (2-4 Unit),1000000.0,1450000.0,417.0141784820684,3.0,1.0,5.0,0.944514472455649,0.0
2016-02-01,2016-04-30,Zip Code: 98178,Townhouse,83000.0,107450.0,74.04103479036574,1.0,4.0,1.0,0.8829787234042553,0.0
2015-11-01,2016-01-31,Zip Code: 98144,Condo/Co-op,272450.0,299000.0,318.1861009039567,10.0,7.0,3.0,0.9986864175086324,0.5
2015-02-01,2015-04-30,Zip Code: 98136,Single Family Residential,555255.0,549225.0,288.73124013492964,66.0,78.0,24.0,1.0201397704384814,0.4696969696969697
2019-03-01,2019-05-31,Zip Code: 98119,Townhouse,785000.0,899950.0,572.4809160305343,23.0,32.0,24.0,0.9912042655116708,0.1739130434782608
2022-06-01,2022-08-31,Zip Code: 98115,All Residential,930000.0,940500.0,578.0192869465767,284.0,276.0,54.0,1.0194446867417508,0.3873239436619718
2021-01-01,2021-03-31,Zip Code: 98194,Condo/Co-op,687000.0,,540.5192761605035,1.0,,3.0,0.982832618025751,0.0
2020-08-01,2020-10-31,Zip Code: 98178,All Residential,562500.0,535000.0,300.08403337728873,102.0,115.0,32.0,1.017347075834702,0.5
2020-06-01,2020-08-31,Zip Code: 98122,All Residential,810000.0,750000.0,553.6842105263158,161.0,248.0,114.0,1.0096873189661713,0.279503105590062
2017-06-01,2017-08-31,Zip Code: 98105,Multi-Family (2-4 Unit),1043000.0,1043000.0,403.6427280939476,6.0,6.0,2.0,1.095256888604446,0.8333333333333333
2022-08-01,2022-10-31,Zip Code: 98144,Condo/Co-op,470000.0,496975.0,582.7505827505828,5.0,16.0,10.0,0.9932782029478456,0.4
2020-03-01,2020-05-31,Zip Code: 98115,Condo/Co-op,382000.0,439500.0,405.2098408104197,25.0,38.0,15.0,0.9898799827987896,0.28
2021-11-01,2022-01-31,Zip Code: 98122,Single Family Residential,1100000.0,1098000.0,529.8245614035088,49.0,29.0,6.0,1.0214803064992608,0.3877551020408163
2023-07-01,2023-09-30,Zip Code: 98107,Condo/Co-op,485000.0,477000.0,632.2098954773535,22.0,22.0,12.0,0.9952560461990008,0.1818181818181818
2012-06-01,2012-08-31,Zip Code: 98122,Condo/Co-op,260000.0,229000.0,337.8378378378378,31.0,45.0,26.0,0.9779198147104556,0.2258064516129032
2022-09-01,2022-11-30,Zip Code: 98144,Townhouse,699000.0,694950.0,523.9520958083832,63.0,52.0,30.0,0.9925969413025192,0.2222222222222222
2016-11-01,2017-01-31,Zip Code: 98102,Multi-Family (2-4 Unit),1272000.0,899000.0,406.742651587624,2.0,3.0,2.0,1.0,0.0
2020-12-01,2021-02-28,Zip Code: 98115,Townhouse,706250.0,817500.0,500.8802816901408,14.0,26.0,14.0,0.9895919705740956,0.2142857142857142
2017-07-01,2017-09-30,Zip Code: 98119,Condo/Co-op,510000.0,469950.0,557.4324324324324,41.0,53.0,13.0,1.0574293485148445,0.5365853658536585
2020-02-01,2020-04-30,Zip Code: 98177,Multi-Family (2-4 Unit),865000.0,865000.0,259.91586538461536,1.0,1.0,,1.0,0.0
2021-09-01,2021-11-30,Zip Code: 98102,Condo/Co-op,530000.0,522500.0,672.5888324873097,61.0,66.0,19.0,0.9915835636372748,0.1967213114754098
2020-04-01,2020-06-30,Zip Code: 98105,Townhouse,674975.0,799975.0,573.6294062893687,6.0,6.0,5.0,0.992024843490956,0.0
2012-03-01,2012-05-31,Zip Code: 98122,Condo/Co-op,215000.0,254000.0,296.34387351778656,31.0,39.0,21.0,0.9891364050215562,0.2903225806451613
2014-10-01,2014-12-31,Zip Code: 98106,Multi-Family (2-4 Unit),437500.0,375000.0,201.6042204995693,2.0,1.0,1.0,0.9725897920604916,0.0
2021-04-01,2021-06-30,Zip Code: 98178,Townhouse,295000.0,599850.0,246.86192468619248,3.0,12.0,3.0,1.1004982894959972,0.6666666666666666
2016-01-01,2016-03-31,Zip Code: 98122,Condo/Co-op,335500.0,329750.0,519.3905817174515,30.0,46.0,8.0,1.060647115458962,0.6666666666666666
2014-03-01,2014-05-31,Zip Code: 98108,Multi-Family (2-4 Unit),254000.0,259950.0,168.21192052980132,1.0,1.0,,0.9771109828813233,0.0
2020-11-01,2021-01-31,Zip Code: 98125,Condo/Co-op,309975.0,329475.0,313.6552461879238,12.0,6.0,6.0,0.9959083897406013,0.1666666666666666
2014-10-01,2014-12-31,Zip Code: 98106,Single Family Residential,328000.0,339950.0,180.7455942159964,63.0,53.0,30.0,0.9935807934496272,0.3015873015873015
2020-09-01,2020-11-30,Zip Code: 98178,Townhouse,517076.0,542990.0,304.36142108461945,12.0,3.0,2.0,1.0001966061334746,0.0833333333333333
2023-08-01,2023-10-31,Zip Code: 98134,All Residential,403250.0,434999.0,424.901185770751,2.0,1.0,1.0,0.9771907216494844,0.0
2021-12-01,2022-02-28,Zip Code: 98108,All Residential,619950.0,619000.0,448.8200934579439,97.0,91.0,11.0,1.01670322803867,0.3195876288659793
2016-09-01,2016-11-30,Zip Code: 98117,Townhouse,600000.0,610000.0,412.8256513026052,25.0,23.0,1.0,1.0046035571717853,0.32
2013-09-01,2013-11-30,Zip Code: 98112,Multi-Family (2-4 Unit),685000.0,,266.5369649805447,1.0,,,0.9647887323943662,0.0
2014-01-01,2014-03-31,Zip Code: 98119,Multi-Family (2-4 Unit),556725.0,749950.0,259.65514553014555,2.0,5.0,3.0,1.0449700414133405,0.5
2016-08-01,2016-10-31,Zip Code: 98133,Townhouse,414750.0,389950.0,322.86363903932187,24.0,17.0,3.0,1.0306277610582797,0.625
2016-08-01,2016-10-31,Zip Code: 98144,Multi-Family (2-4 Unit),580000.0,667500.0,282.851998824221,4.0,4.0,1.0,0.9858944562899788,0.25
2022-11-01,2023-01-31,Zip Code: 98178,All Residential,627000.0,698500.0,349.01113253311775,38.0,34.0,19.0,0.9892273571228372,0.1578947368421052
2021-02-01,2021-04-30,Zip Code: 98175,Condo/Co-op,345000.0,,348.133198789102,1.0,,,0.9858551221603084,0.0
2019-06-01,2019-08-31,Zip Code: 98119,Multi-Family (2-4 Unit),1012500.0,1199950.0,427.5013376136972,2.0,2.0,2.0,0.8953410293147401,0.0
2014-06-01,2014-08-31,Zip Code: 98109,Townhouse,674000.0,647475.0,465.2943428453633,10.0,14.0,2.0,0.991210717321497,0.2999999999999999
2023-08-01,2023-10-31,Zip Code: 98102,Townhouse,1042500.0,1099500.0,734.3500916396448,10.0,18.0,7.0,0.9932701344669655,0.4
2012-04-01,2012-06-30,Zip Code: 98125,Townhouse,222475.0,229000.0,177.7723290801752,10.0,11.0,7.0,0.995401509206534,0.2
2020-05-01,2020-07-31,Zip Code: 98108,All Residential,635000.0,667000.0,375.0,65.0,108.0,47.0,1.0036680285226325,0.4
2014-06-01,2014-08-31,Zip Code: 98136,Condo/Co-op,248750.0,245000.0,302.5903446867253,10.0,11.0,4.0,1.014659568441928,0.2999999999999999
2023-03-01,2023-05-31,Zip Code: 98177,Condo/Co-op,676250.0,549950.0,439.1025641025641,6.0,5.0,,1.018326959700553,0.5
2022-01-01,2022-03-31,Zip Code: 98106,Multi-Family (2-4 Unit),843000.0,660000.0,360.2564102564103,3.0,4.0,3.0,1.028202127213543,0.6666666666666666
2021-10-01,2021-12-31,Zip Code: 98105,All Residential,965000.0,960000.0,575.5020727775219,100.0,61.0,18.0,1.0341483815871266,0.4799999999999999
2020-12-01,2021-02-28,Zip Code: 98178,All Residential,560000.0,576167.0,306.1176354069082,82.0,69.0,12.0,1.0210872661259067,0.4756097560975609
2013-06-01,2013-08-31,Zip Code: 98116,All Residential,456000.0,449500.0,288.5304659498208,131.0,177.0,101.0,1.0009740734768815,0.2748091603053435
2018-11-01,2019-01-31,Zip Code: 98122,Multi-Family (2-4 Unit),1160000.0,899000.0,378.3955857385399,2.0,5.0,3.0,0.9484477124183006,0.0
2022-01-01,2022-03-31,Zip Code: 98133,Single Family Residential,910000.0,795000.0,527.7777777777777,99.0,129.0,13.0,1.1278899765332342,0.7474747474747475
2019-04-01,2019-06-30,Zip Code: 98106,Townhouse,482500.0,529950.0,350.2399800220145,36.0,44.0,27.0,0.9944508096719537,0.1111111111111111
2020-09-01,2020-11-30,Zip Code: 98102,Single Family Residential,1550000.0,1287500.0,573.5766423357665,15.0,22.0,8.0,0.9988183541640568,0.2666666666666666
2020-12-01,2021-02-28,Zip Code: 98122,Multi-Family (2-4 Unit),1100000.0,1650000.0,329.34131736526945,3.0,1.0,1.0,0.9783387875954496,0.0
2021-02-01,2021-04-30,Zip Code: 98104,Condo/Co-op,517500.0,687472.5,682.3483778661414,18.0,50.0,44.0,0.9776396160276368,0.0555555555555555
2022-01-01,2022-03-31,Zip Code: 98106,Townhouse,619999.5,647800.0,479.38814079848805,42.0,45.0,6.0,1.031169592099636,0.5238095238095238
2021-12-01,2022-02-28,Zip Code: 98105,All Residential,910000.0,960000.0,580.2575107296137,75.0,71.0,18.0,1.0411075185558982,0.32
2019-04-01,2019-06-30,Zip Code: 98102,Multi-Family (2-4 Unit),1020000.0,2142500.0,357.7174230264118,2.0,6.0,5.0,0.9111969111969112,0.0
2021-05-01,2021-07-31,Zip Code: 98136,Single Family Residential,915050.0,872500.0,477.7687550295393,96.0,92.0,20.0,1.081398496134556,0.7395833333333333
2018-06-01,2018-08-31,Zip Code: 98178,Townhouse,220000.0,349900.0,191.05125977410947,3.0,4.0,2.0,1.0546737213403878,0.3333333333333333
2017-10-01,2017-12-31,Zip Code: 98104,All Residential,567500.0,615000.0,616.693186072632,26.0,23.0,10.0,1.021306693138842,0.4615384615384615
2022-11-01,2023-01-31,Zip Code: 98115,Condo/Co-op,532500.0,687499.5,506.99717108348966,18.0,14.0,8.0,0.97407872238466,0.1111111111111111
2013-08-01,2013-10-31,Zip Code: 98122,All Residential,443086.5,449975.0,313.38514726203266,132.0,122.0,67.0,1.0085350533590087,0.3636363636363636
2015-12-01,2016-02-29,Zip Code: 98146,All Residential,405000.0,375000.0,196.5065502183406,77.0,67.0,31.0,1.005355546586565,0.3766233766233766
2018-04-01,2018-06-30,Zip Code: 98136,Single Family Residential,779950.0,775000.0,398.57819905213273,75.0,95.0,30.0,1.046895192684405,0.5999999999999999
2016-11-01,2017-01-31,Zip Code: 98107,Condo/Co-op,398000.0,424999.5,486.3813229571985,29.0,14.0,1.0,1.0156341092690977,0.4827586206896551
2013-03-01,2013-05-31,Zip Code: 98144,Single Family Residential,448000.0,485000.0,250.0,70.0,115.0,56.0,1.0021732045562182,0.3285714285714285
2021-07-01,2021-09-30,Zip Code: 98102,Multi-Family (2-4 Unit),4595000.0,1642500.0,,1.0,6.0,5.0,1.0,0.0
2019-02-01,2019-04-30,Zip Code: 98136,Condo/Co-op,475000.0,360000.0,441.44144144144144,5.0,11.0,5.0,0.97570859160719,0.0
2012-10-01,2012-12-31,Zip Code: 98107,All Residential,402475.0,400000.0,279.2612571993234,92.0,67.0,25.0,1.0025795857707382,0.3913043478260869
2014-09-01,2014-11-30,Zip Code: 98144,Multi-Family (2-4 Unit),575000.0,825000.0,199.52153110047848,3.0,3.0,2.0,0.9682545982755552,0.0
2023-06-01,2023-08-31,Zip Code: 98134,Condo/Co-op,331500.0,412500.0,402.44565217391306,3.0,2.0,1.0,0.9584391534391536,0.0
2012-07-01,2012-09-30,Zip Code: 98119,Condo/Co-op,250000.0,249925.0,319.6159151223685,39.0,38.0,30.0,0.9946392352220068,0.3333333333333333
2019-01-01,2019-03-31,Zip Code: 98122,Single Family Residential,904000.0,998500.0,446.6666666666666,33.0,57.0,30.0,0.97600644859946,0.2424242424242424
2023-08-01,2023-10-31,Zip Code: 98107,Single Family Residential,1077500.0,1149000.0,586.7319057642487,26.0,39.0,11.0,1.0017197113977323,0.3846153846153846
2018-09-01,2018-11-30,Zip Code: 98104,All Residential,402000.0,610000.0,619.281357224552,12.0,29.0,27.0,0.9700626879433148,0.0
2012-12-01,2013-02-28,Zip Code: 98144,Townhouse,347450.0,349950.0,249.44674574781897,8.0,15.0,13.0,0.9892394198851951,0.375
2012-05-01,2012-07-31,Zip Code: 98122,Condo/Co-op,248000.0,290425.0,322.39526274035734,36.0,44.0,28.0,0.985945333816344,0.25
2021-05-01,2021-07-31,Zip Code: 98115,Single Family Residential,1075000.0,950000.0,549.7252747252747,224.0,224.0,22.0,1.0923359065453355,0.6696428571428571
2013-07-01,2013-09-30,Zip Code: 98144,Single Family Residential,450000.0,454944.0,245.7913669064748,77.0,84.0,51.0,1.0037256142507214,0.3246753246753246
2015-06-01,2015-08-31,Zip Code: 98144,Condo/Co-op,266000.0,257475.0,345.98435364768125,20.0,20.0,7.0,0.9917877384318736,0.4
2015-12-01,2016-02-29,Zip Code: 98125,All Residential,452500.0,422000.0,279.5223134584117,92.0,66.0,19.0,1.037255614429778,0.532608695652174
2014-07-01,2014-09-30,Zip Code: 98112,Condo/Co-op,365000.0,347500.0,426.5625,18.0,18.0,8.0,0.9909640649268064,0.3333333333333333
2022-07-01,2022-09-30,Zip Code: 98106,Multi-Family (2-4 Unit),852625.0,747000.0,381.0357370644981,2.0,2.0,3.0,0.982343124165554,0.5
2022-05-01,2022-07-31,Zip Code: 98108,Condo/Co-op,237500.0,249950.0,399.30555555555554,2.0,1.0,,0.9501900380076014,0.5
2023-04-01,2023-06-30,Zip Code: 98125,Townhouse,673975.0,689950.0,478.8299923720556,8.0,9.0,5.0,0.9878591114300944,0.125
2023-11-01,2024-01-31,Zip Code: 98125,Townhouse,687500.0,612247.5,521.9879685846377,4.0,6.0,5.0,0.9875252209213004,0.0
2023-03-01,2023-05-31,Zip Code: 98125,Condo/Co-op,452500.0,462475.0,396.7474489795919,16.0,20.0,3.0,1.0186336551985096,0.5
2015-04-01,2015-06-30,Zip Code: 98178,Multi-Family (2-4 Unit),545000.0,511500.0,163.76201923076923,1.0,1.0,3.0,1.068627450980392,1.0
2012-06-01,2012-08-31,Zip Code: 98116,Townhouse,369000.0,389450.0,242.76315789473685,7.0,12.0,8.0,1.0057333065384355,0.2857142857142857
2023-09-01,2023-11-30,Zip Code: 98146,All Residential,627500.0,699950.0,436.7088607594937,57.0,65.0,28.0,0.9928081653642928,0.2982456140350877
2020-08-01,2020-10-31,Zip Code: 98122,Townhouse,813500.0,799950.0,568.2464454976304,48.0,69.0,32.0,0.9971550867141716,0.1458333333333333
2014-11-01,2015-01-31,Zip Code: 98101,All Residential,536250.0,765000.0,490.2694610778443,38.0,37.0,22.0,0.9955968939616192,0.1842105263157894
2017-01-01,2017-03-31,Zip Code: 98116,Condo/Co-op,439950.0,462000.0,436.689930209372,19.0,18.0,6.0,1.029854830940257,0.4210526315789473
2022-12-01,2023-02-28,Zip Code: 98102,Townhouse,900000.0,829500.0,630.4795762896322,6.0,6.0,5.0,0.985166058688234,0.1666666666666666
2014-02-01,2014-04-30,Zip Code: 98112,All Residential,744500.0,880000.0,358.4629186602871,78.0,117.0,43.0,1.0263659913925256,0.5
2013-09-01,2013-11-30,Zip Code: 98122,All Residential,432500.0,465750.0,309.6330275229358,113.0,112.0,48.0,1.0070886981723557,0.3628318584070796
2016-08-01,2016-10-31,Zip Code: 98112,Townhouse,690000.0,664999.5,468.25938566552895,7.0,14.0,6.0,1.0284596013003653,0.5714285714285714
2012-12-01,2013-02-28,Zip Code: 98102,Townhouse,575000.0,629475.0,389.7637795275591,9.0,16.0,17.0,0.976738493786724,0.1111111111111111
2012-06-01,2012-08-31,Zip Code: 98144,Multi-Family (2-4 Unit),330000.0,347000.0,122.18912166058044,4.0,2.0,2.0,0.9304029757715524,0.0
2020-05-01,2020-07-31,Zip Code: 98133,All Residential,625000.0,616000.0,385.8350951374207,195.0,251.0,66.0,1.0185662548489114,0.4102564102564102
2014-05-01,2014-07-31,Zip Code: 98104,Condo/Co-op,392500.0,272475.0,405.5059523809524,18.0,20.0,18.0,0.9525155831468332,0.0555555555555555
2015-02-01,2015-04-30,Zip Code: 98107,All Residential,537750.0,495000.0,393.2096409386485,98.0,175.0,30.0,1.037384667648854,0.5510204081632653
2023-05-01,2023-07-31,Zip Code: 98178,All Residential,650000.0,699888.0,411.3924050632912,57.0,77.0,33.0,1.0045810183588908,0.4210526315789473
2012-01-01,2012-03-31,Zip Code: 98144,Townhouse,249995.0,249990.0,187.92014640684607,12.0,19.0,10.0,0.9840213788676504,0.1666666666666666
2014-12-01,2015-02-28,Zip Code: 98144,Single Family Residential,545000.0,591943.5,271.52317880794703,49.0,48.0,22.0,0.9867636879156364,0.2244897959183673
2022-06-01,2022-08-31,Zip Code: 98118,Condo/Co-op,387000.0,422500.0,542.7598904529459,8.0,12.0,6.0,0.978970164494068,0.25
2021-06-01,2021-08-31,Zip Code: 98136,Condo/Co-op,417500.0,419000.0,503.0558077809597,8.0,12.0,4.0,0.9987734049976312,0.125
2017-09-01,2017-11-30,Zip Code: 98144,Multi-Family (2-4 Unit),875000.0,867500.0,472.89156626506025,3.0,2.0,1.0,1.077071999286883,0.6666666666666666
2021-08-01,2021-10-31,Zip Code: 98116,All Residential,849500.0,839206.0,501.0288065843621,156.0,151.0,37.0,1.0236500275113465,0.4615384615384615
2019-05-01,2019-07-31,Zip Code: 98116,Townhouse,737500.0,739500.0,461.9877942458588,20.0,21.0,9.0,0.9882027886200492,0.25
2016-11-01,2017-01-31,Zip Code: 98178,Townhouse,245000.0,,245.0,1.0,,,0.980392156862745,0.0
2013-07-01,2013-09-30,Zip Code: 98115,Single Family Residential,550000.0,499000.0,260.84656084656086,181.0,168.0,56.0,1.024542811676571,0.5082872928176795
2019-08-01,2019-10-31,Zip Code: 98178,Single Family Residential,465000.0,499497.0,273.8197424892704,75.0,92.0,52.0,0.9961139878433524,0.3466666666666666
2014-01-01,2014-03-31,Zip Code: 98133,All Residential,329000.0,347450.0,201.6,119.0,180.0,78.0,0.9977036781017156,0.2857142857142857
2012-01-01,2012-03-31,Zip Code: 98126,Townhouse,250000.0,241970.0,180.84169884169884,13.0,18.0,9.0,0.9938622693286104,0.4615384615384615
2015-03-01,2015-05-31,Zip Code: 98133,Townhouse,367475.0,327495.0,263.8577187057414,30.0,36.0,6.0,1.0172436513726557,0.4
2014-09-01,2014-11-30,Zip Code: 98126,All Residential,365000.0,399000.0,253.4690101757632,109.0,119.0,57.0,0.9924830108523472,0.2385321100917431
2022-09-01,2022-11-30,Zip Code: 98178,Condo/Co-op,240000.0,294000.0,300.96153846153845,3.0,1.0,1.0,0.977697177599286,0.0
2020-08-01,2020-10-31,Zip Code: 98105,Multi-Family (2-4 Unit),1180000.0,1050000.0,459.14396887159535,5.0,5.0,4.0,0.9890483837486068,0.2
2022-01-01,2022-03-31,Zip Code: 98117,Townhouse,779975.0,899000.0,589.9874508948058,46.0,43.0,7.0,1.0352645510628324,0.3913043478260869
2013-09-01,2013-11-30,Zip Code: 98194,All Residential,715000.0,,409.74212034383953,1.0,,,0.8959899749373433,0.0
2015-02-01,2015-04-30,Zip Code: 98199,All Residential,665000.0,675000.0,330.07654095701537,100.0,136.0,44.0,1.035463364572336,0.5899999999999999
2014-12-01,2015-02-28,Zip Code: 98178,Condo/Co-op,50500.0,,45.04906333630687,1.0,,,1.030612244897959,1.0
2015-04-01,2015-06-30,Zip Code: 98144,Single Family Residential,600000.0,586500.0,308.6808510638298,91.0,100.0,19.0,1.044455238677907,0.5604395604395604
2012-11-01,2013-01-31,Zip Code: 98126,Condo/Co-op,158000.0,135000.0,209.33977455716587,15.0,9.0,4.0,0.9831570353785292,0.2
2023-01-01,2023-03-31,Zip Code: 98109,Multi-Family (2-4 Unit),1069000.0,1342500.0,331.84252597921665,2.0,2.0,,0.975629658072464,0.0
2022-06-01,2022-08-31,Zip Code: 98115,Townhouse,800000.0,799475.0,578.506629448709,47.0,24.0,11.0,0.993991134122436,0.1276595744680851
2019-11-01,2020-01-31,Zip Code: 98107,All Residential,729950.0,744900.0,515.6657963446476,117.0,75.0,26.0,0.9925342819587046,0.1794871794871794
2015-05-01,2015-07-31,Zip Code: 98133,All Residential,380000.0,376800.0,241.9354838709677,281.0,277.0,69.0,1.0332087262810103,0.5587188612099643
2021-03-01,2021-05-31,Zip Code: 98109,Condo/Co-op,495000.0,525000.0,606.060606060606,71.0,95.0,42.0,0.997931802883736,0.2535211267605633
2020-11-01,2021-01-31,Zip Code: 98122,Multi-Family (2-4 Unit),1232500.0,1522500.0,369.01197604790417,2.0,2.0,2.0,0.9675081813931744,0.0
2020-12-01,2021-02-28,Zip Code: 98112,Single Family Residential,1600000.0,1772000.0,610.445205479452,61.0,64.0,22.0,0.996932693380752,0.2459016393442622
2018-06-01,2018-08-31,Zip Code: 98105,All Residential,949950.0,900000.0,514.3799472295515,105.0,113.0,34.0,1.0215662192264088,0.3904761904761904
2016-06-01,2016-08-31,Zip Code: 98107,Townhouse,629500.0,599992.0,471.1863019677736,38.0,34.0,7.0,1.029283127627735,0.4736842105263157
2019-02-01,2019-04-30,Zip Code: 98107,Single Family Residential,850000.0,862475.0,500.5165289256199,41.0,68.0,15.0,1.020462961640173,0.4634146341463414
2019-03-01,2019-05-31,Zip Code: 98112,Multi-Family (2-4 Unit),1690000.0,1650000.0,457.516339869281,3.0,2.0,,0.9938056523422376,0.0
2018-02-01,2018-04-30,Zip Code: 98112,Single Family Residential,1356250.0,1375000.0,570.4055587067497,66.0,95.0,20.0,1.0485348766401414,0.5151515151515151
2017-11-01,2018-01-31,Zip Code: 98106,All Residential,512000.0,549000.0,353.77699000966805,109.0,100.0,16.0,1.0229696722456572,0.4587155963302752
2018-03-01,2018-05-31,Zip Code: 98125,Single Family Residential,731475.0,675000.0,410.29434051398334,94.0,114.0,20.0,1.077282101725664,0.648936170212766
2019-03-01,2019-05-31,Zip Code: 98122,Condo/Co-op,465000.0,453000.0,678.7204450625869,41.0,60.0,33.0,0.9929591173420104,0.2926829268292682
2022-08-01,2022-10-31,Zip Code: 98116,Townhouse,890000.0,765000.0,553.0973451327434,11.0,11.0,6.0,0.994578318548864,0.0909090909090909
2015-11-01,2016-01-31,Zip Code: 98133,All Residential,400500.0,369500.0,249.12343774185976,150.0,110.0,34.0,1.0245018043364584,0.5533333333333333
2013-02-01,2013-04-30,Zip Code: 98101,All Residential,585000.0,540000.0,587.8712871287129,63.0,61.0,39.0,0.9916849615619214,0.1587301587301587
2013-01-01,2013-03-31,Zip Code: 98178,Condo/Co-op,44250.0,61200.0,82.86516853932585,2.0,8.0,5.0,1.0668934240362813,0.5
2014-11-01,2015-01-31,Zip Code: 98113,All Residential,395000.0,524950.0,195.5445544554456,1.0,1.0,,0.9924623115577887,0.0
2019-06-01,2019-08-31,Zip Code: 98136,Multi-Family (2-4 Unit),1376600.0,,337.4019607843137,1.0,,,0.9832857142857144,0.0
2022-08-01,2022-10-31,Zip Code: 98108,All Residential,706000.0,705000.0,412.5412541254125,51.0,76.0,53.0,0.9918791461227272,0.2549019607843137
2012-05-01,2012-07-31,Zip Code: 98134,All Residential,2091500.0,,795.600539811066,2.0,,2.0,0.9142899365828092,0.0
2022-05-01,2022-07-31,Zip Code: 98102,Condo/Co-op,535000.0,505000.0,680.2444997432556,90.0,107.0,36.0,1.0127406683514717,0.3888888888888889
2015-10-01,2015-12-31,Zip Code: 98133,Multi-Family (2-4 Unit),670000.0,749000.0,199.20212765957447,3.0,1.0,1.0,0.95150867823765,0.0
2015-03-01,2015-05-31,Zip Code: 98119,Multi-Family (2-4 Unit),1120000.0,875000.0,302.7027027027027,1.0,3.0,,0.9333333333333332,0.0
2012-08-01,2012-10-31,Zip Code: 98126,Condo/Co-op,214000.0,329500.0,210.79317269076304,13.0,11.0,8.0,0.9861821570824482,0.0769230769230769
2012-05-01,2012-07-31,Zip Code: 98104,All Residential,198300.0,297425.0,290.0,18.0,18.0,18.0,1.0052547018233446,0.2222222222222222
2012-04-01,2012-06-30,Zip Code: 98144,All Residential,348750.0,359925.0,202.4351529229578,88.0,124.0,92.0,0.992136562692592,0.2727272727272727
2012-04-01,2012-06-30,Zip Code: 98126,Multi-Family (2-4 Unit),395000.0,337000.0,137.63066202090593,1.0,2.0,,0.919674039580908,0.0
2020-05-01,2020-07-31,Zip Code: 98146,Townhouse,286000.0,284900.0,265.7992565055762,1.0,1.0,,1.0,0.0
2012-06-01,2012-08-31,Zip Code: 98102,Multi-Family (2-4 Unit),534250.0,719000.0,221.8345889065409,2.0,2.0,4.0,0.9850652811084466,0.5
2022-11-01,2023-01-31,Zip Code: 98118,Single Family Residential,720000.0,696998.5,401.2037037037037,43.0,48.0,35.0,0.9814785724909196,0.2325581395348837
2020-02-01,2020-04-30,Zip Code: 98126,Single Family Residential,703399.5,652500.0,431.45956607495066,64.0,104.0,27.0,1.0389978691562305,0.640625
2013-09-01,2013-11-30,Zip Code: 98144,All Residential,425000.0,404475.0,260.5452967719542,112.0,132.0,70.0,0.994505767680078,0.2946428571428571
2016-01-01,2016-03-31,Zip Code: 98109,All Residential,545000.0,535000.0,454.56450197455024,74.0,121.0,41.0,1.0289312694130992,0.5405405405405405
2016-02-01,2016-04-30,Zip Code: 98102,All Residential,563500.0,499475.0,497.2237534261746,98.0,136.0,50.0,1.0406238484376749,0.5204081632653061
2020-02-01,2020-04-30,Zip Code: 98117,Condo/Co-op,349990.0,562475.0,465.194109772423,3.0,2.0,2.0,0.9976996699527074,0.3333333333333333
2014-12-01,2015-02-28,Zip Code: 98144,Townhouse,359999.0,399999.0,303.0,21.0,27.0,5.0,0.9977022909151538,0.3333333333333333
2017-09-01,2017-11-30,Zip Code: 98102,Single Family Residential,1607500.0,1245000.0,536.2116641528406,22.0,27.0,5.0,0.9835348280811084,0.1818181818181818
2014-10-01,2014-12-31,Zip Code: 98125,Condo/Co-op,179150.0,192250.0,166.08695652173913,17.0,10.0,5.0,0.9769340531109448,0.1176470588235294
2023-09-01,2023-11-30,Zip Code: 98125,Multi-Family (2-4 Unit),1250000.0,,330.6878306878307,1.0,,,0.9615754452094312,0.0
2012-12-01,2013-02-28,Zip Code: 98109,Townhouse,567200.0,569000.0,331.5965956934921,4.0,6.0,4.0,1.0042836133610085,0.5
2018-07-01,2018-09-30,Zip Code: 98112,Multi-Family (2-4 Unit),1113500.0,1300000.0,542.5481932856858,4.0,5.0,2.0,0.988296332046332,0.25
2018-08-01,2018-10-31,Zip Code: 98122,Multi-Family (2-4 Unit),1287500.0,1350000.0,500.2638367729832,2.0,3.0,,0.972972972972973,0.0
2013-09-01,2013-11-30,Zip Code: 98134,Condo/Co-op,538750.0,222475.0,392.79176201373,2.0,2.0,,0.981325136843468,0.5
2016-04-01,2016-06-30,Zip Code: 98107,Single Family Residential,700000.0,659000.0,413.854351687389,57.0,55.0,7.0,1.0526655948387076,0.4736842105263157
2012-07-01,2012-09-30,Zip Code: 98178,Single Family Residential,213250.0,234000.0,120.46387520525452,68.0,81.0,86.0,0.9924410513168486,0.2794117647058823
2020-06-01,2020-08-31,Zip Code: 98112,Multi-Family (2-4 Unit),2035000.0,1317500.0,435.5736301369863,1.0,4.0,1.0,1.0251889168765742,1.0
2012-12-01,2013-02-28,Zip Code: 98116,Condo/Co-op,250000.0,332000.0,308.2282608695652,17.0,23.0,22.0,0.9703305959400484,0.0588235294117647
2022-08-01,2022-10-31,Zip Code: 98102,Single Family Residential,1950000.0,2072500.0,617.3285198555957,15.0,20.0,12.0,0.9386886403507552,0.0
2019-11-01,2020-01-31,Zip Code: 98144,Multi-Family (2-4 Unit),856000.0,,385.5855855855856,1.0,,,0.9020021074815596,0.0
2017-08-01,2017-10-31,Zip Code: 98144,Condo/Co-op,349000.0,377000.0,395.53749319578696,10.0,12.0,5.0,1.050716604491456,0.5
2023-01-01,2023-03-31,Zip Code: 98118,Condo/Co-op,376000.0,694500.0,567.3222390317701,5.0,6.0,4.0,0.981992921093162,0.0
2016-01-01,2016-03-31,Zip Code: 98116,Multi-Family (2-4 Unit),641500.0,799950.0,295.20459215581167,2.0,3.0,3.0,0.984967320261438,0.5
2016-02-01,2016-04-30,Zip Code: 98115,Townhouse,550000.0,540000.0,421.1332312404288,15.0,14.0,3.0,1.0317669641058866,0.4
2022-12-01,2023-02-28,Zip Code: 98178,All Residential,652500.0,699000.0,382.4369425246618,32.0,29.0,19.0,0.9867896637201437,0.15625
2017-04-01,2017-06-30,Zip Code: 98178,Multi-Family (2-4 Unit),325000.0,509000.0,216.66666666666663,1.0,2.0,1.0,0.9848484848484848,0.0
2021-12-01,2022-02-28,Zip Code: 98122,Condo/Co-op,477500.0,469000.0,625.9761163032191,42.0,39.0,13.0,1.0037182199106245,0.2857142857142857
2020-07-01,2020-09-30,Zip Code: 98119,Condo/Co-op,515000.0,500000.0,524.3147656940761,41.0,89.0,49.0,0.9933550645819073,0.2682926829268292
2021-07-01,2021-09-30,Zip Code: 98109,Condo/Co-op,518000.0,530000.0,613.6595310907237,95.0,95.0,40.0,0.9943788897851789,0.263157894736842
2013-02-01,2013-04-30,Zip Code: 98115,Condo/Co-op,184000.0,183500.0,179.71983711815034,38.0,35.0,11.0,0.9860119656789904,0.3421052631578947
2020-10-01,2020-12-31,Zip Code: 98119,All Residential,899500.0,859000.0,569.2788579114698,138.0,106.0,57.0,0.9961199925107556,0.2101449275362318
2012-04-01,2012-06-30,Zip Code: 98105,Townhouse,429500.0,469500.0,276.7857142857143,3.0,6.0,4.0,0.9310603620994596,0.0
2016-11-01,2017-01-31,Zip Code: 98199,All Residential,715000.0,699000.0,404.43213296398886,91.0,68.0,23.0,1.0162042064746382,0.4175824175824176
2020-01-01,2020-03-31,Zip Code: 98122,Multi-Family (2-4 Unit),1340000.0,1674500.0,486.21190130624086,1.0,4.0,2.0,0.9605734767025088,0.0
2023-12-01,2024-02-29,Zip Code: 98105,Townhouse,1000000.0,849900.0,560.6060606060606,3.0,11.0,6.0,1.00691321922418,0.6666666666666666
2016-03-01,2016-05-31,Zip Code: 98112,Townhouse,883250.0,759950.0,473.60539845758353,12.0,23.0,7.0,1.020902825602658,0.5
2020-11-01,2021-01-31,Zip Code: 98117,Multi-Family (2-4 Unit),1025000.0,1095000.0,350.62893081761007,3.0,7.0,5.0,1.0236313627074134,0.6666666666666666
2012-06-01,2012-08-31,Zip Code: 98116,Multi-Family (2-4 Unit),850000.0,,303.57142857142856,1.0,,1.0,0.9497206703910616,0.0
2015-05-01,2015-07-31,Zip Code: 98178,Single Family Residential,310000.0,329925.0,178.21782178217822,101.0,114.0,45.0,1.0065899476358535,0.4554455445544554
2022-03-01,2022-05-31,Zip Code: 98136,Single Family Residential,1165000.0,950000.0,579.2682926829268,85.0,101.0,10.0,1.1413966932530657,0.788235294117647
2021-06-01,2021-08-31,Zip Code: 98108,Townhouse,607449.0,550000.0,459.2546526626129,28.0,41.0,14.0,1.0297345118283654,0.6071428571428571
2012-12-01,2013-02-28,Zip Code: 98117,All Residential,447000.0,430000.0,246.7948717948718,89.0,107.0,41.0,1.0103448283467666,0.4157303370786517
2012-08-01,2012-10-31,Zip Code: 98178,All Residential,217000.0,199450.0,117.83922415817403,66.0,88.0,86.0,0.989866676033296,0.2575757575757575
2022-07-01,2022-09-30,Zip Code: 98108,Multi-Family (2-4 Unit),706250.0,774999.5,679.6936370777689,2.0,4.0,3.0,1.01,0.5
2018-08-01,2018-10-31,Zip Code: 98125,Single Family Residential,675000.0,699000.0,366.9724770642202,83.0,105.0,56.0,0.9946436556269616,0.2409638554216867
2018-03-01,2018-05-31,Zip Code: 98115,Condo/Co-op,442000.0,399000.0,450.9283819628647,41.0,49.0,15.0,1.090320995005392,0.7317073170731707
2018-07-01,2018-09-30,Zip Code: 98136,All Residential,765000.0,730000.0,394.4789284547534,85.0,124.0,65.0,1.0067899220870191,0.3529411764705882
2022-12-01,2023-02-28,Zip Code: 98144,Townhouse,655000.0,650000.0,531.6617891962683,28.0,35.0,23.0,0.9882886137866242,0.1428571428571428
2023-10-01,2023-12-31,Zip Code: 98136,Multi-Family (2-4 Unit),1145500.0,1300000.0,422.30712783822304,2.0,3.0,1.0,1.0642180846244451,1.0
2016-07-01,2016-09-30,Zip Code: 98125,Condo/Co-op,282000.0,229950.0,260.7890342424163,28.0,35.0,11.0,1.0536572412367124,0.5357142857142857
2018-06-01,2018-08-31,Zip Code: 98105,Single Family Residential,1050000.0,1054000.0,505.5280200898758,78.0,78.0,21.0,1.0266395666301484,0.3974358974358974
2014-09-01,2014-11-30,Zip Code: 98144,All Residential,427000.0,448500.0,280.6070325492991,112.0,112.0,47.0,1.0065681156442658,0.3125
2016-10-01,2016-12-31,Zip Code: 98122,Condo/Co-op,397000.0,399475.0,563.3682370156401,50.0,28.0,1.0,1.0336574066957789,0.5
2018-04-01,2018-06-30,Zip Code: 98122,All Residential,780000.0,775000.0,591.2037037037037,129.0,175.0,49.0,1.059866645782646,0.5968992248062015
2015-03-01,2015-05-31,Zip Code: 98133,All Residential,389900.0,368250.0,237.6241134751773,223.0,272.0,72.0,1.0228201784540654,0.4977578475336322
2014-11-01,2015-01-31,Zip Code: 98136,All Residential,469000.0,464000.0,285.0,59.0,52.0,25.0,0.9962629701170356,0.2711864406779661
2012-11-01,2013-01-31,Zip Code: 98133,Condo/Co-op,119000.0,137490.0,136.85344827586206,27.0,18.0,15.0,0.98327381077802,0.2962962962962962
2013-02-01,2013-04-30,Zip Code: 98115,Multi-Family (2-4 Unit),335050.0,497000.0,277.1732336956522,2.0,4.0,3.0,0.9811141984504724,0.5
2020-05-01,2020-07-31,Zip Code: 98102,Multi-Family (2-4 Unit),1617000.0,1287500.0,588.0,1.0,4.0,4.0,1.010625,1.0
2016-12-01,2017-02-28,Zip Code: 98126,Condo/Co-op,255000.0,299950.0,383.2167832167832,9.0,7.0,1.0,1.0154197271557612,0.4444444444444444
2022-04-01,2022-06-30,Zip Code: 98115,Multi-Family (2-4 Unit),1310000.0,,467.8571428571428,3.0,,,1.041580302106618,0.6666666666666666
2021-12-01,2022-02-28,Zip Code: 98117,Single Family Residential,1060000.0,949000.0,576.3479836882648,57.0,71.0,7.0,1.0994282376058364,0.7017543859649122
2013-09-01,2013-11-30,Zip Code: 98115,Condo/Co-op,202500.0,201250.0,216.8592874797081,26.0,28.0,11.0,0.9871408345374852,0.3461538461538461
2014-01-01,2014-03-31,Zip Code: 98144,Condo/Co-op,196000.0,252900.0,271.89018251849257,9.0,11.0,14.0,0.9568796565180356,0.0
2016-08-01,2016-10-31,Zip Code: 98117,Single Family Residential,700000.0,699950.0,371.1878009630818,145.0,151.0,29.0,1.0423484355363823,0.5517241379310344
2015-07-01,2015-09-30,Zip Code: 98116,Single Family Residential,667000.0,650000.0,307.5426519006286,83.0,86.0,29.0,1.0294049195852693,0.5421686746987951
2020-12-01,2021-02-28,Zip Code: 98119,Single Family Residential,1275500.0,1250000.0,521.7621173605622,36.0,40.0,11.0,1.0087435401694027,0.3611111111111111
2017-03-01,2017-05-31,Zip Code: 98107,Multi-Family (2-4 Unit),1102500.0,965500.0,355.45023696682466,7.0,6.0,1.0,1.1391081851618954,0.8571428571428571
2016-10-01,2016-12-31,Zip Code: 98104,Condo/Co-op,475000.0,605900.0,481.33595284872297,23.0,16.0,14.0,0.9883246214409191,0.1739130434782608
2012-11-01,2013-01-31,Zip Code: 98119,Townhouse,433000.0,474995.0,321.201984089492,10.0,11.0,7.0,0.9925579136935672,0.2
2017-04-01,2017-06-30,Zip Code: 98133,Single Family Residential,575000.0,550000.0,338.860103626943,133.0,160.0,24.0,1.0933091666249977,0.7669172932330826
2020-10-01,2020-12-31,Zip Code: 98178,Multi-Family (2-4 Unit),560000.0,,329.4117647058824,1.0,,,0.9348914858096828,0.0
2015-03-01,2015-05-31,Zip Code: 98144,Single Family Residential,585000.0,599950.0,301.507882111035,81.0,99.0,25.0,1.03955924555302,0.5925925925925924
2016-11-01,2017-01-31,Zip Code: 98122,Townhouse,685000.0,760000.0,435.2099507927829,37.0,11.0,1.0,1.00022914700344,0.1621621621621621
2013-01-01,2013-03-31,Zip Code: 98119,Condo/Co-op,263000.0,289000.0,326.5449162120989,32.0,43.0,18.0,0.9813474563937044,0.1875
2019-08-01,2019-10-31,Zip Code: 98125,All Residential,599900.0,659000.0,350.87719298245617,111.0,135.0,80.0,0.9933280576595068,0.2252252252252252
2014-11-01,2015-01-31,Zip Code: 98177,Condo/Co-op,398975.0,168950.0,229.1509631490788,2.0,1.0,2.0,0.9854235713350482,0.0
2018-04-01,2018-06-30,Zip Code: 98144,Condo/Co-op,356500.0,404475.0,461.7414248021108,11.0,14.0,5.0,1.0180882294010258,0.4545454545454545
2022-04-01,2022-06-30,Zip Code: 98107,Multi-Family (2-4 Unit),1115000.0,1299000.0,540.5286416799576,8.0,11.0,6.0,1.0135388815185924,0.5
2015-05-01,2015-07-31,Zip Code: 98116,Multi-Family (2-4 Unit),715000.0,765000.0,247.3958333333333,7.0,7.0,3.0,0.987499189088721,0.2857142857142857
2013-04-01,2013-06-30,Zip Code: 98126,Single Family Residential,362500.0,375000.0,217.9591836734694,97.0,120.0,62.0,1.008842537351582,0.4432989690721649
2022-08-01,2022-10-31,Zip Code: 98107,Single Family Residential,940000.0,992500.0,571.0335018963337,26.0,36.0,18.0,1.0008337929388391,0.3846153846153846
2014-04-01,2014-06-30,Zip Code: 98105,Condo/Co-op,270000.0,268750.0,341.17647058823525,14.0,20.0,6.0,0.9908201612974356,0.1428571428571428
2012-02-01,2012-04-30,Zip Code: 98144,Townhouse,247970.0,254950.0,179.96278500094215,14.0,19.0,8.0,0.9909762699530348,0.2142857142857142
2019-07-01,2019-09-30,Zip Code: 98118,All Residential,616500.0,579000.0,371.3789926289925,138.0,151.0,98.0,0.9932016461437144,0.2391304347826087
2019-02-01,2019-04-30,Zip Code: 98126,Condo/Co-op,444500.0,425000.0,412.29252376223576,22.0,15.0,7.0,0.9952116975141588,0.2272727272727272
2021-10-01,2021-12-31,Zip Code: 98115,Townhouse,735000.0,749450.0,587.2874806800618,31.0,20.0,6.0,1.0064021438434592,0.2903225806451613
2023-09-01,2023-11-30,Zip Code: 98125,Single Family Residential,765000.0,765000.0,459.2964824120603,57.0,53.0,22.0,0.9969706969143218,0.3684210526315789
2016-06-01,2016-08-31,Zip Code: 98108,Single Family Residential,458500.0,417450.0,285.1167228830108,72.0,90.0,38.0,1.0643427645913588,0.5694444444444444
2016-05-01,2016-07-31,Zip Code: 98122,Single Family Residential,763000.0,754000.0,419.5048309178744,62.0,79.0,24.0,1.0685704755793577,0.6612903225806451
2017-03-01,2017-05-31,Zip Code: 98144,Condo/Co-op,351750.0,330000.0,446.45156823007136,16.0,24.0,5.0,1.0642266900231443,0.625
2023-07-01,2023-09-30,Zip Code: 98126,Condo/Co-op,450000.0,409000.0,539.8550724637681,19.0,15.0,7.0,0.9864720799563768,0.0526315789473684
2017-02-01,2017-04-30,Zip Code: 98177,Single Family Residential,832000.0,750000.0,334.63035019455253,53.0,75.0,23.0,1.0481319114994765,0.5283018867924528
2022-04-01,2022-06-30,Zip Code: 98136,Multi-Family (2-4 Unit),996750.0,1182500.0,366.887614584618,2.0,2.0,1.0,0.9698484359883908,0.0
2019-06-01,2019-08-31,Zip Code: 98107,Condo/Co-op,450000.0,444475.0,589.832635085863,30.0,32.0,31.0,0.9851248510821974,0.1666666666666666
2021-08-01,2021-10-31,Zip Code: 98133,Townhouse,685000.0,673500.0,446.0966542750929,55.0,52.0,20.0,1.000241590974176,0.1636363636363636
2017-02-01,2017-04-30,Zip Code: 98108,All Residential,540000.0,499974.5,328.125,65.0,82.0,21.0,1.066997264160817,0.6153846153846154
2023-08-01,2023-10-31,Zip Code: 98118,Condo/Co-op,425000.0,390000.0,517.6795580110497,5.0,9.0,9.0,0.9792069326702582,0.2
2013-04-01,2013-06-30,Zip Code: 98136,Multi-Family (2-4 Unit),520500.0,778500.0,202.9643056330173,2.0,2.0,2.0,0.9169372645798156,0.0
2014-11-01,2015-01-31,Zip Code: 98119,Townhouse,603975.0,609850.0,380.8235998802037,12.0,11.0,2.0,0.9887020984976784,0.0833333333333333
2017-05-01,2017-07-31,Zip Code: 98117,All Residential,795950.0,734925.0,426.81818181818176,203.0,242.0,32.0,1.06698859992831,0.6502463054187191
2021-05-01,2021-07-31,Zip Code: 98185,All Residential,459000.0,,628.7671232876712,1.0,,,1.0,0.0
2022-12-01,2023-02-28,Zip Code: 98106,Condo/Co-op,485000.0,564500.0,463.6911968177101,4.0,6.0,3.0,1.0045454545454544,0.25
2017-12-01,2018-02-28,Zip Code: 98178,Multi-Family (2-4 Unit),315000.0,500000.0,175.0,1.0,1.0,,1.0,0.0
2016-05-01,2016-07-31,Zip Code: 98178,Single Family Residential,370000.0,354550.0,207.1055858895945,100.0,131.0,51.0,1.0460155887972795,0.65
2019-12-01,2020-02-29,Zip Code: 98119,Single Family Residential,1180000.0,1167500.0,474.13793103448273,29.0,24.0,8.0,0.9794574246866322,0.2068965517241379
2020-04-01,2020-06-30,Zip Code: 98177,All Residential,924500.0,924950.0,403.0581039755352,71.0,87.0,26.0,1.007979352959358,0.4225352112676056
2021-09-01,2021-11-30,Zip Code: 98133,Townhouse,719380.0,713725.0,452.3872929958216,66.0,58.0,12.0,1.0007923864610164,0.2575757575757575
2021-06-01,2021-08-31,Zip Code: 98133,Multi-Family (2-4 Unit),725000.0,1318500.0,345.0,3.0,6.0,4.0,0.9952850407201028,0.0
2018-02-01,2018-04-30,Zip Code: 98122,Multi-Family (2-4 Unit),1026500.0,970000.0,469.05017152658655,6.0,6.0,2.0,0.9812098428697088,0.0
2016-02-01,2016-04-30,Zip Code: 98115,Multi-Family (2-4 Unit),550000.0,600000.0,189.6551724137931,1.0,4.0,2.0,1.0,0.0
2018-08-01,2018-10-31,Zip Code: 98133,Multi-Family (2-4 Unit),825000.0,800000.0,324.03311965811963,6.0,5.0,2.0,0.9509596051528484,0.1666666666666666
2019-10-01,2019-12-31,Zip Code: 98107,Multi-Family (2-4 Unit),940000.0,1180000.0,362.65432098765433,3.0,4.0,4.0,0.9852212485123876,0.0
2019-09-01,2019-11-30,Zip Code: 98112,All Residential,1191500.0,1099500.0,550.988160291439,96.0,96.0,44.0,0.9907386145999976,0.2395833333333333
2021-01-01,2021-03-31,Zip Code: 98112,All Residential,1250000.0,1250000.0,640.9090909090909,97.0,133.0,45.0,1.0095836634899644,0.3402061855670103
2017-03-01,2017-05-31,Zip Code: 98117,Condo/Co-op,687000.0,649999.0,631.2647544853635,6.0,9.0,2.0,1.0291030893281838,0.3333333333333333
2019-12-01,2020-02-29,Zip Code: 98122,Condo/Co-op,416975.0,475000.0,653.8354032893997,30.0,25.0,11.0,0.9839742285630666,0.1333333333333333
2018-06-01,2018-08-31,Zip Code: 98121,All Residential,628250.0,649000.0,816.5086014623455,102.0,167.0,105.0,0.9983406645215548,0.3039215686274509
2022-12-01,2023-02-28,Zip Code: 98107,Condo/Co-op,512000.0,489000.0,615.9836220145771,16.0,11.0,5.0,0.9845079194444508,0.0625
2022-06-01,2022-08-31,Zip Code: 98177,Single Family Residential,1165000.0,1238500.0,543.0327868852459,81.0,94.0,20.0,1.0427442740461723,0.4320987654320987
2022-01-01,2022-03-31,Zip Code: 98117,Multi-Family (2-4 Unit),962500.0,1295000.0,523.8098777913235,2.0,5.0,2.0,1.0400408933258345,1.0
2020-12-01,2021-02-28,Zip Code: 98116,Townhouse,730000.0,755000.0,480.1744186046512,17.0,21.0,7.0,0.9949773984629876,0.2352941176470588
2015-06-01,2015-08-31,Zip Code: 98112,Multi-Family (2-4 Unit),1074500.0,,394.2647218600608,2.0,,2.0,1.0285071527457317,0.5
2013-08-01,2013-10-31,Zip Code: 98115,Condo/Co-op,215000.0,203500.0,221.19341563786008,27.0,35.0,18.0,0.9928464144317553,0.5185185185185184
2012-03-01,2012-05-31,Zip Code: 98125,Townhouse,229800.0,229000.0,177.04160246533127,9.0,7.0,4.0,0.9868725726324276,0.1111111111111111
2013-02-01,2013-04-30,Zip Code: 98102,Single Family Residential,565000.0,939400.0,251.28205128205127,11.0,22.0,12.0,0.977217078874196,0.1818181818181818
2013-08-01,2013-10-31,Zip Code: 98116,Condo/Co-op,350000.0,289950.0,336.6666666666667,29.0,27.0,23.0,0.9929671714224112,0.2758620689655172
2012-10-01,2012-12-31,Zip Code: 98126,Single Family Residential,326250.0,358185.5,205.2696078431373,74.0,58.0,36.0,0.9909720709946936,0.3378378378378378
2013-08-01,2013-10-31,Zip Code: 98199,Townhouse,425000.0,423270.0,294.9438202247191,13.0,13.0,8.0,1.0009201669789904,0.1538461538461538
2015-07-01,2015-09-30,Zip Code: 98118,Townhouse,312000.0,357475.0,239.726850058117,10.0,22.0,5.0,1.017814896582167,0.2999999999999999
2013-02-01,2013-04-30,Zip Code: 98109,All Residential,385100.0,382450.0,338.31908831908834,88.0,134.0,54.0,1.002262844979815,0.3636363636363636
2023-11-01,2024-01-31,Zip Code: 98102,Single Family Residential,1250000.0,1186500.0,589.2857142857143,11.0,6.0,2.0,0.9772242897725216,0.1818181818181818
2017-12-01,2018-02-28,Zip Code: 98136,Condo/Co-op,341125.0,417500.0,414.0939266196892,2.0,4.0,1.0,1.0272222222222225,0.5
2019-12-01,2020-02-29,Zip Code: 98102,Multi-Family (2-4 Unit),2000000.0,1250000.0,667.5567423230974,1.0,3.0,3.0,1.0,0.0
2023-01-01,2023-03-31,Zip Code: 98105,All Residential,950000.0,1200000.0,580.0095890410959,51.0,75.0,36.0,1.0058665334955736,0.2941176470588235
2019-12-01,2020-02-29,Zip Code: 98119,All Residential,826500.0,799950.0,530.5313134362148,98.0,80.0,38.0,0.9863260486728382,0.1938775510204081
2014-12-01,2015-02-28,Zip Code: 98106,Townhouse,299999.0,358000.0,206.96452036793693,37.0,37.0,12.0,1.001639888667606,0.1621621621621621
2022-03-01,2022-05-31,Zip Code: 98119,Condo/Co-op,522500.0,524950.0,626.3301893584851,68.0,77.0,15.0,1.0273809324150711,0.6323529411764705
2023-07-01,2023-09-30,Zip Code: 98199,Townhouse,770000.0,796250.0,579.7546012269937,9.0,12.0,10.0,0.9995283531042346,0.4444444444444444
2021-01-01,2021-03-31,Zip Code: 98125,Multi-Family (2-4 Unit),1200000.0,695000.0,378.5488958990536,1.0,1.0,1.0,0.96,0.0
2022-03-01,2022-05-31,Zip Code: 98108,Townhouse,619950.0,716975.0,501.1721907841552,27.0,16.0,2.0,1.0140788824013165,0.4814814814814814
2019-05-01,2019-07-31,Zip Code: 98136,Condo/Co-op,380000.0,400000.0,473.01025629008194,14.0,15.0,5.0,0.9952542903789476,0.2142857142857142
2020-06-01,2020-08-31,Zip Code: 98122,Multi-Family (2-4 Unit),919000.0,1345000.0,275.1497005988024,3.0,3.0,2.0,0.9492642869113456,0.0
2018-10-01,2018-12-31,Zip Code: 98115,Multi-Family (2-4 Unit),1164975.0,1395000.0,576.9977678571429,2.0,1.0,,0.9961097822389704,0.5
2017-11-01,2018-01-31,Zip Code: 98109,Townhouse,990000.0,999950.0,660.0,13.0,7.0,3.0,1.002766457883952,0.1538461538461538
2013-08-01,2013-10-31,Zip Code: 98178,All Residential,248000.0,227000.0,146.40143048725972,97.0,94.0,86.0,0.9964079751452664,0.2989690721649484
2023-06-01,2023-08-31,Zip Code: 98144,Condo/Co-op,603750.0,525000.0,677.2628281797249,20.0,19.0,12.0,0.9954905547668844,0.1
2013-03-01,2013-05-31,Zip Code: 98102,Single Family Residential,1023350.0,928800.0,318.5483870967742,15.0,29.0,16.0,0.9841766316162314,0.2666666666666666
2018-12-01,2019-02-28,Zip Code: 98125,Townhouse,587000.0,522495.0,349.72677595628414,3.0,4.0,2.0,0.997240134588856,0.3333333333333333
2013-08-01,2013-10-31,Zip Code: 98107,Townhouse,464000.0,440000.0,321.969696969697,39.0,39.0,6.0,1.016783180154626,0.4358974358974359
2019-03-01,2019-05-31,Zip Code: 98116,Townhouse,723500.0,733750.0,459.8992212551535,26.0,28.0,10.0,0.9932763740526112,0.2307692307692307
2016-05-01,2016-07-31,Zip Code: 98125,All Residential,504750.0,475000.0,304.9790860066372,164.0,205.0,54.0,1.0689341644305796,0.6768292682926829
2012-07-01,2012-09-30,Zip Code: 98102,All Residential,315000.0,372450.0,312.5,83.0,78.0,61.0,0.9975887807197512,0.3012048192771084
2012-01-01,2012-03-31,Zip Code: 98136,Townhouse,300000.0,350000.0,225.57673398381365,10.0,5.0,6.0,1.0031827887976363,0.4
2021-02-01,2021-04-30,Zip Code: 98126,Single Family Residential,720000.0,689500.0,436.231884057971,97.0,104.0,21.0,1.074059668916018,0.7216494845360824
2014-05-01,2014-07-31,Zip Code: 98144,Condo/Co-op,234950.0,259900.0,271.82866556836905,19.0,19.0,13.0,0.9850598639637674,0.2105263157894736
2016-09-01,2016-11-30,Zip Code: 98119,Townhouse,759950.0,900000.0,488.4738186462324,15.0,13.0,2.0,0.9995044509288084,0.1333333333333333
2016-01-01,2016-03-31,Zip Code: 98133,Multi-Family (2-4 Unit),429600.0,449950.0,179.0,1.0,3.0,2.0,1.0252983293556086,1.0
2013-03-01,2013-05-31,Zip Code: 98107,Single Family Residential,545000.0,475000.0,269.2307692307692,42.0,61.0,11.0,1.029089036562559,0.4761904761904761
2023-05-01,2023-07-31,Zip Code: 98108,Single Family Residential,665000.0,708975.0,405.7471264367816,55.0,62.0,29.0,1.0021441275790877,0.4181818181818181
2014-06-01,2014-08-31,Zip Code: 98118,Multi-Family (2-4 Unit),390000.0,279500.0,141.51255833907516,4.0,5.0,7.0,1.0029719710651623,0.25
2017-08-01,2017-10-31,Zip Code: 98113,All Residential,697000.0,695000.0,357.43589743589746,1.0,1.0,,1.0028776978417266,1.0
2017-09-01,2017-11-30,Zip Code: 98102,Condo/Co-op,533751.0,459000.0,651.685393258427,71.0,63.0,10.0,1.060949864706184,0.6619718309859155
2021-07-01,2021-09-30,Zip Code: 98102,All Residential,730000.0,799950.0,645.6953642384105,152.0,143.0,70.0,0.9966370267087592,0.2236842105263157
2015-07-01,2015-09-30,Zip Code: 98102,Multi-Family (2-4 Unit),950000.0,1495000.0,395.83333333333326,1.0,1.0,,0.9547738693467336,0.0
2018-05-01,2018-07-31,Zip Code: 98112,Condo/Co-op,577000.0,514250.0,717.7033492822967,21.0,20.0,4.0,1.0491490884298456,0.619047619047619
2016-02-01,2016-04-30,Zip Code: 98117,Single Family Residential,711750.0,674900.0,357.89638932496075,106.0,143.0,29.0,1.0749613691882114,0.660377358490566
2018-04-01,2018-06-30,Zip Code: 98112,Townhouse,860000.0,859000.0,618.705035971223,7.0,19.0,6.0,1.077723247979438,1.0
2022-03-01,2022-05-31,Zip Code: 98134,All Residential,475000.0,465000.0,462.06225680933846,1.0,3.0,1.0,1.0844748858447488,1.0
2020-02-01,2020-04-30,Zip Code: 98112,Single Family Residential,1420000.0,1470000.0,558.8377723970945,47.0,66.0,23.0,1.0336796228771503,0.4680851063829787
2018-12-01,2019-02-28,Zip Code: 98125,All Residential,593000.0,628000.0,356.16438356164383,91.0,57.0,36.0,0.9810894100575372,0.1868131868131868
2016-12-01,2017-02-28,Zip Code: 98106,Townhouse,459900.0,460000.0,289.2330666666667,21.0,14.0,3.0,1.0042845106540033,0.3333333333333333
2018-12-01,2019-02-28,Zip Code: 98112,Townhouse,775000.0,934975.0,467.0169293636894,7.0,6.0,5.0,0.98428096498697,0.0
2021-09-01,2021-11-30,Zip Code: 98102,All Residential,868975.0,775000.0,660.2199108612574,124.0,113.0,31.0,0.9992956930314436,0.2419354838709677
2013-05-01,2013-07-31,Zip Code: 98133,Multi-Family (2-4 Unit),663000.0,399950.0,208.69565217391303,3.0,9.0,2.0,1.0066666666666666,0.3333333333333333
2017-12-01,2018-02-28,Zip Code: 98119,All Residential,899000.0,812000.0,582.9816768461966,55.0,50.0,22.0,1.0314842333431171,0.4363636363636363
2012-09-01,2012-11-30,Zip Code: 98117,Multi-Family (2-4 Unit),597875.0,622250.0,190.23462270133163,3.0,4.0,4.0,0.9789295121498794,0.0
2020-09-01,2020-11-30,Zip Code: 98119,Single Family Residential,1195000.0,1197000.0,558.9430894308944,57.0,56.0,14.0,1.0154949443757826,0.4035087719298245
2018-02-01,2018-04-30,Zip Code: 98116,Multi-Family (2-4 Unit),1072500.0,1439000.0,422.7335164835165,2.0,3.0,1.0,0.8504448916477858,0.5
2013-01-01,2013-03-31,Zip Code: 98118,Single Family Residential,279500.0,329950.0,164.03860530486529,98.0,117.0,67.0,1.0093621781315354,0.3877551020408163
2017-03-01,2017-05-31,Zip Code: 98107,Single Family Residential,795000.0,749975.0,482.78891548790153,64.0,76.0,7.0,1.0947248952301896,0.625
2020-07-01,2020-09-30,Zip Code: 98116,Single Family Residential,846000.0,890000.0,444.62025316455697,111.0,136.0,31.0,1.0152909627915954,0.4954954954954954
2021-04-01,2021-06-30,Zip Code: 98118,Condo/Co-op,375500.0,375000.0,401.6959144730812,10.0,7.0,2.0,0.9936326230248996,0.4
2021-11-01,2022-01-31,Zip Code: 98105,Multi-Family (2-4 Unit),1506000.0,1824975.0,458.4203296703297,6.0,6.0,4.0,1.0010346064420517,0.3333333333333333
2016-05-01,2016-07-31,Zip Code: 98102,Single Family Residential,1159000.0,1275000.0,437.10537507769817,18.0,19.0,7.0,0.9969061910885292,0.2222222222222222
2023-05-01,2023-07-31,Zip Code: 98121,All Residential,549500.0,620000.0,785.8136300417247,79.0,110.0,74.0,0.9881534976635172,0.1392405063291139
2014-04-01,2014-06-30,Zip Code: 98105,Single Family Residential,714000.0,775000.0,353.4597030752916,68.0,83.0,25.0,1.0490230206894653,0.5735294117647058
2012-10-01,2012-12-31,Zip Code: 98122,Single Family Residential,559000.0,455450.0,257.7639751552795,47.0,40.0,23.0,0.9929107893021452,0.2978723404255319
2023-02-01,2023-04-30,Zip Code: 98105,Townhouse,840000.0,854750.0,536.6279069767442,5.0,6.0,4.0,1.024191804637435,0.4
2020-07-01,2020-09-30,Zip Code: 98108,Multi-Family (2-4 Unit),739000.0,704990.0,208.16901408450704,1.0,2.0,1.0,1.0,0.0
2013-11-01,2014-01-31,Zip Code: 98102,Multi-Family (2-4 Unit),867525.0,695000.0,277.31599188657265,2.0,1.0,1.0,0.9472981059941512,0.0
2021-10-01,2021-12-31,Zip Code: 98119,Townhouse,947500.0,930000.0,689.0455744013683,20.0,11.0,1.0,1.009949555665543,0.2999999999999999
2018-11-01,2019-01-31,Zip Code: 98144,Single Family Residential,800000.0,849950.0,426.48520365632817,50.0,37.0,26.0,0.9788185108070344,0.16
2020-07-01,2020-09-30,Zip Code: 98178,Multi-Family (2-4 Unit),775000.0,599000.0,201.82291666666663,1.0,1.0,,1.0,0.0
2012-02-01,2012-04-30,Zip Code: 98112,All Residential,701000.0,772000.0,311.10074626865674,92.0,108.0,78.0,0.9667996326431738,0.1956521739130434
2013-03-01,2013-05-31,Zip Code: 98136,Multi-Family (2-4 Unit),642000.0,747000.0,164.11042944785277,1.0,2.0,1.0,0.8338745291596311,0.0
2016-02-01,2016-04-30,Zip Code: 98144,Condo/Co-op,290000.0,275000.0,373.847926267281,17.0,20.0,4.0,1.048113111128433,0.4705882352941176
2019-10-01,2019-12-31,Zip Code: 98104,All Residential,483000.0,524610.0,536.6492146596859,17.0,19.0,32.0,0.9691239570343828,0.0588235294117647
2012-10-01,2012-12-31,Zip Code: 98115,Townhouse,315250.0,319475.0,262.70833333333337,6.0,2.0,5.0,0.9644270776086388,0.0
2023-10-01,2023-12-31,Zip Code: 98199,Condo/Co-op,478000.0,524900.0,556.5589616128142,8.0,11.0,4.0,1.0221105732393552,0.25
2021-02-01,2021-04-30,Zip Code: 98126,Townhouse,599900.0,560000.0,441.4965986394558,43.0,48.0,18.0,1.011807811136998,0.3488372093023255
2015-10-01,2015-12-31,Zip Code: 98112,Townhouse,849950.0,849950.0,528.9047915370255,7.0,6.0,,0.9959370053371508,0.4285714285714285
2015-08-01,2015-10-31,Zip Code: 98109,Single Family Residential,926250.0,1024975.0,396.4344532279315,18.0,30.0,9.0,1.0125562640113168,0.5
2016-08-01,2016-10-31,Zip Code: 98115,Condo/Co-op,275000.0,299950.0,325.3968253968254,39.0,45.0,10.0,1.0254320710721554,0.6153846153846154
2013-04-01,2013-06-30,Zip Code: 98119,Multi-Family (2-4 Unit),541000.0,689950.0,179.77653631284915,2.0,9.0,7.0,0.9905693671751556,0.5
2023-02-01,2023-04-30,Zip Code: 98133,Multi-Family (2-4 Unit),563000.0,1909500.0,360.8974358974359,1.0,2.0,2.0,0.9008,0.0
2018-12-01,2019-02-28,Zip Code: 98125,Condo/Co-op,325000.0,342500.0,348.6662516163019,20.0,6.0,4.0,0.988155518651718,0.2999999999999999
2014-07-01,2014-09-30,Zip Code: 98106,Multi-Family (2-4 Unit),450000.0,529000.0,150.57517658930374,2.0,5.0,3.0,0.9715786959636972,0.0
2019-05-01,2019-07-31,Zip Code: 98107,Multi-Family (2-4 Unit),1111475.0,965000.0,341.71259842519686,4.0,13.0,5.0,0.9772934246220008,0.25
2022-07-01,2022-09-30,Zip Code: 98118,Single Family Residential,839000.0,755000.0,448.50299401197606,87.0,105.0,48.0,1.0060091190386442,0.3448275862068965
2018-05-01,2018-07-31,Zip Code: 98136,Condo/Co-op,470000.0,439500.0,479.8628963153385,9.0,11.0,2.0,1.0371014549315185,0.4444444444444444
2023-09-01,2023-11-30,Zip Code: 98175,All Residential,572500.0,604975.0,465.0079116045807,2.0,2.0,,0.9432231442527832,0.0
2014-03-01,2014-05-31,Zip Code: 98134,Condo/Co-op,199000.0,238500.0,183.94024276377212,3.0,1.0,1.0,1.016071382221638,0.3333333333333333
2021-11-01,2022-01-31,Zip Code: 98106,Multi-Family (2-4 Unit),985000.0,899500.0,306.8181818181818,5.0,2.0,1.0,0.985909164758817,0.2
2020-03-01,2020-05-31,Zip Code: 98105,Townhouse,809000.0,824975.0,604.970568999346,3.0,10.0,5.0,0.9912280701754386,0.0
2014-11-01,2015-01-31,Zip Code: 98115,All Residential,523000.0,449975.0,289.76377952755905,135.0,86.0,34.0,1.0017183889654837,0.2962962962962962
2020-03-01,2020-05-31,Zip Code: 98107,Townhouse,769950.0,745500.0,551.1453113815319,43.0,60.0,15.0,1.0092613548090406,0.3488372093023255
2015-08-01,2015-10-31,Zip Code: 98106,Single Family Residential,378500.0,369500.0,242.6516497766678,94.0,97.0,21.0,1.0310127671130975,0.5
2014-11-01,2015-01-31,Zip Code: 98144,Condo/Co-op,205500.0,225000.0,312.2235930530512,8.0,15.0,10.0,0.9917855673308004,0.25
2020-09-01,2020-11-30,Zip Code: 98119,All Residential,900000.0,850000.0,572.7272727272727,149.0,152.0,73.0,1.0026458827278333,0.3020134228187919
2021-03-01,2021-05-31,Zip Code: 98104,All Residential,705000.0,709900.0,770.5594002306804,20.0,47.0,42.0,0.986548852568782,0.05
2019-01-01,2019-03-31,Zip Code: 98125,Condo/Co-op,325000.0,387475.0,349.1021818674617,14.0,8.0,5.0,0.9906882299044348,0.3571428571428571
2021-01-01,2021-03-31,Zip Code: 98117,All Residential,851000.0,850000.0,527.1050555148508,136.0,199.0,27.0,1.0633659144627554,0.5147058823529411
2018-12-01,2019-02-28,Zip Code: 98133,Multi-Family (2-4 Unit),1328000.0,774950.0,281.475201356507,1.0,4.0,5.0,0.9158620689655173,0.0
2014-10-01,2014-12-31,Zip Code: 98115,Single Family Residential,585000.0,579000.0,284.8484848484849,135.0,77.0,14.0,1.007178812506665,0.3629629629629629
2017-01-01,2017-03-31,Zip Code: 98115,Condo/Co-op,331100.0,237000.0,359.9408721359941,27.0,27.0,3.0,1.0625007324148916,0.6296296296296297
2016-04-01,2016-06-30,Zip Code: 98144,Townhouse,525000.0,549875.0,409.1238233164374,29.0,64.0,20.0,1.0513144805149457,0.5172413793103448
2018-02-01,2018-04-30,Zip Code: 98144,Condo/Co-op,386944.0,382500.0,465.1003703128098,12.0,10.0,1.0,1.0351755270754033,0.5833333333333333
2022-05-01,2022-07-31,Zip Code: 98106,All Residential,709900.0,680000.0,459.7038191738114,147.0,161.0,51.0,1.0270450859387104,0.4829931972789115
2014-06-01,2014-08-31,Zip Code: 98108,Condo/Co-op,250000.0,,198.4126984126984,1.0,,,0.9652509652509652,0.0
2021-01-01,2021-03-31,Zip Code: 98177,Multi-Family (2-4 Unit),657500.0,,490.6716417910448,1.0,,,0.946043165467626,0.0
2016-03-01,2016-05-31,Zip Code: 98115,Townhouse,550000.0,550000.0,412.5,15.0,14.0,1.0,1.0476403858811798,0.3333333333333333
2021-06-01,2021-08-31,Zip Code: 98133,Condo/Co-op,330000.0,330000.0,399.1275899672846,51.0,55.0,13.0,1.0269622435441303,0.5490196078431373
2015-01-01,2015-03-31,Zip Code: 98133,All Residential,355000.0,350000.0,232.1428571428572,155.0,191.0,66.0,0.9977447049508834,0.3483870967741935
2023-09-01,2023-11-30,Zip Code: 98106,Single Family Residential,688500.0,699000.0,460.4909031838856,62.0,61.0,31.0,1.007249389864059,0.3548387096774193
2020-12-01,2021-02-28,Zip Code: 98133,Condo/Co-op,302000.0,327500.0,381.8443804034582,25.0,22.0,7.0,1.008636903014194,0.44
2016-08-01,2016-10-31,Zip Code: 98105,Townhouse,600500.0,652475.0,423.3323406789756,6.0,6.0,,1.0366357665725927,0.5
2018-11-01,2019-01-31,Zip Code: 98117,Condo/Co-op,698500.0,375000.0,534.0214067278288,3.0,3.0,3.0,0.977873428309252,0.0
2019-12-01,2020-02-29,Zip Code: 98125,Townhouse,547475.0,569950.0,360.5712472231038,14.0,9.0,5.0,0.9997936743449672,0.2142857142857142
2020-06-01,2020-08-31,Zip Code: 98115,All Residential,841575.0,837500.0,490.7506135365538,248.0,276.0,81.0,1.0258521300880443,0.4798387096774193
2013-10-01,2013-12-31,Zip Code: 98102,Townhouse,614500.0,724450.0,374.9573960463531,12.0,6.0,9.0,1.0083242773931045,0.3333333333333333
2021-10-01,2021-12-31,Zip Code: 98106,Condo/Co-op,352500.0,375000.0,347.63313609467457,6.0,3.0,3.0,1.009984523338053,0.5
2017-09-01,2017-11-30,Zip Code: 98199,Single Family Residential,980000.0,955000.0,430.4932735426009,79.0,82.0,26.0,1.0289334643377122,0.4810126582278481
2022-02-01,2022-04-30,Zip Code: 98178,Single Family Residential,658000.0,683900.0,413.28865642366793,70.0,90.0,20.0,1.0986366958208102,0.6999999999999998
2013-04-01,2013-06-30,Zip Code: 98177,Condo/Co-op,149000.0,227425.0,175.2941176470588,7.0,6.0,4.0,0.9773135853332222,0.1428571428571428
2017-05-01,2017-07-31,Zip Code: 98117,Multi-Family (2-4 Unit),754000.0,774975.0,454.2168674698795,1.0,2.0,,1.0060040026684456,1.0
2020-06-01,2020-08-31,Zip Code: 98108,Single Family Residential,649000.0,685000.0,350.81081081081084,55.0,75.0,31.0,1.0128000833519994,0.4363636363636363
2020-04-01,2020-06-30,Zip Code: 98119,Multi-Family (2-4 Unit),1320000.0,2275000.0,482.32323232323233,3.0,3.0,4.0,0.9159793160095578,0.0
2012-04-01,2012-06-30,Zip Code: 98122,Condo/Co-op,244150.0,299000.0,314.0089107972319,38.0,41.0,28.0,0.9927719953569348,0.3157894736842105
2016-02-01,2016-04-30,Zip Code: 98199,Townhouse,643250.0,599950.0,438.61850649350646,18.0,13.0,3.0,1.0381251298207712,0.6666666666666666
2013-06-01,2013-08-31,Zip Code: 98108,All Residential,324000.0,336000.0,182.85136129506992,88.0,97.0,50.0,1.013910047935812,0.4545454545454545
2015-07-01,2015-09-30,Zip Code: 98117,Multi-Family (2-4 Unit),926250.0,888000.0,299.1565848079932,2.0,3.0,1.0,1.0708650480582254,0.5
2012-05-01,2012-07-31,Zip Code: 98102,All Residential,306500.0,350000.0,323.7410071942446,92.0,105.0,66.0,0.9923206089437268,0.2282608695652173
2012-08-01,2012-10-31,Zip Code: 98118,All Residential,281675.0,279974.5,160.01991245694603,106.0,152.0,117.0,0.9804082597439758,0.2264150943396226
2013-03-01,2013-05-31,Zip Code: 98119,Condo/Co-op,285000.0,299000.0,322.3424663161354,52.0,65.0,37.0,0.9997294527670184,0.2307692307692307
2016-04-01,2016-06-30,Zip Code: 98136,All Residential,600000.0,585000.0,348.03921568627453,113.0,124.0,24.0,1.0576434189837536,0.6814159292035397
2015-02-01,2015-04-30,Zip Code: 98116,Single Family Residential,572475.0,549998.0,297.30660377358487,74.0,115.0,32.0,1.0204512386740894,0.4729729729729729
2013-09-01,2013-11-30,Zip Code: 98116,Single Family Residential,484449.0,469950.0,257.3684210526316,73.0,69.0,30.0,1.0039057431799627,0.410958904109589
2020-04-01,2020-06-30,Zip Code: 98126,Condo/Co-op,392475.0,412475.0,488.29041660966647,10.0,12.0,13.0,0.9988706904448256,0.2999999999999999
2020-02-01,2020-04-30,Zip Code: 98119,Townhouse,845000.0,983749.5,553.2651715039577,25.0,24.0,16.0,0.9982991072805986,0.2399999999999999
2021-06-01,2021-08-31,Zip Code: 98119,Multi-Family (2-4 Unit),1075000.0,1200000.0,485.0746268656716,9.0,7.0,2.0,0.9820302447927372,0.2222222222222222
2021-04-01,2021-06-30,Zip Code: 98115,Multi-Family (2-4 Unit),793000.0,1098999.5,488.23529411764713,3.0,2.0,2.0,0.9915940602182296,0.3333333333333333
2014-08-01,2014-10-31,Zip Code: 98125,All Residential,400500.0,399900.0,224.08237821226425,138.0,165.0,72.0,1.0084045078575423,0.4275362318840579
2016-12-01,2017-02-28,Zip Code: 98109,All Residential,665000.0,574500.0,562.6877477381397,84.0,63.0,12.0,1.0226968080117973,0.4166666666666666
2022-09-01,2022-11-30,Zip Code: 98122,Townhouse,852500.0,865000.0,596.0539979231568,31.0,51.0,27.0,0.9919620198032127,0.1290322580645161
2019-06-01,2019-08-31,Zip Code: 98115,Multi-Family (2-4 Unit),1200000.0,1150000.0,332.409972299169,1.0,1.0,,0.9266409266409266,0.0
2020-10-01,2020-12-31,Zip Code: 98133,Townhouse,604000.0,644474.5,402.9005072819506,40.0,40.0,20.0,1.0047225215123794,0.2
2015-01-01,2015-03-31,Zip Code: 98105,All Residential,599950.0,750000.0,350.9933774834437,53.0,71.0,29.0,1.011691282369402,0.3396226415094339
2019-04-01,2019-06-30,Zip Code: 98106,Condo/Co-op,335000.0,314444.0,327.78864970645793,5.0,4.0,2.0,1.0038558363907597,0.5999999999999999
2017-10-01,2017-12-31,Zip Code: 98125,Townhouse,510000.0,499975.0,366.6666666666666,9.0,6.0,,1.083901188885309,0.6666666666666666
2020-02-01,2020-04-30,Zip Code: 98106,Condo/Co-op,351000.0,309099.5,339.7133002559618,2.0,4.0,3.0,1.010717846460618,0.5
2015-09-01,2015-11-30,Zip Code: 98136,Single Family Residential,584500.0,579500.0,292.83274259002417,64.0,63.0,14.0,1.017648316068298,0.4375
2018-01-01,2018-03-31,Zip Code: 98136,Single Family Residential,825000.0,749975.0,405.5299539170507,45.0,66.0,9.0,1.0574981044616687,0.6444444444444444
2018-03-01,2018-05-31,Zip Code: 98125,All Residential,671400.0,599950.0,410.56148513045065,138.0,168.0,31.0,1.0852027333415588,0.6884057971014492
2012-03-01,2012-05-31,Zip Code: 98105,Single Family Residential,578000.0,649975.0,265.69767441860466,59.0,70.0,26.0,0.9908635646331556,0.3728813559322034
2015-11-01,2016-01-31,Zip Code: 98118,Townhouse,355000.0,355000.0,249.96875,11.0,7.0,4.0,1.0111545550847598,0.2727272727272727
2013-08-01,2013-10-31,Zip Code: 98109,Multi-Family (2-4 Unit),542675.0,749950.0,301.4861111111111,3.0,1.0,,1.0343070451088472,0.3333333333333333
2023-12-01,2024-02-29,Zip Code: 98118,Multi-Family (2-4 Unit),850000.0,1650000.0,274.1935483870968,1.0,3.0,3.0,0.9714285714285714,0.0
2013-11-01,2014-01-31,Zip Code: 98107,Condo/Co-op,328750.0,295900.0,341.42757629848927,18.0,35.0,27.0,0.9787671559159564,0.1111111111111111
2013-11-01,2014-01-31,Zip Code: 98133,All Residential,328000.0,317475.0,203.9422326307572,137.0,102.0,62.0,0.9897679918092184,0.2408759124087591
2021-10-01,2021-12-31,Zip Code: 98107,Multi-Family (2-4 Unit),1061000.0,1150000.0,429.37055576347296,12.0,7.0,2.0,1.0100798649708154,0.3333333333333333
2023-09-01,2023-11-30,Zip Code: 98134,All Residential,475000.0,434999.0,413.0434782608696,1.0,1.0,1.0,0.979381443298969,0.0
2014-08-01,2014-10-31,Zip Code: 98115,Single Family Residential,555000.0,582000.0,288.9423076923077,169.0,168.0,48.0,1.0199119652884348,0.4378698224852071
2015-10-01,2015-12-31,Zip Code: 98112,Single Family Residential,1294000.0,1150000.0,421.02375155105005,46.0,25.0,13.0,1.0263541576612998,0.4130434782608695
2014-08-01,2014-10-31,Zip Code: 98133,Condo/Co-op,155000.0,159000.0,187.7408265133228,32.0,41.0,22.0,0.9847226592837168,0.09375
2016-01-01,2016-03-31,Zip Code: 98102,All Residential,522500.0,499950.0,489.8297568781692,74.0,99.0,27.0,1.0242519849854566,0.4459459459459459
2019-09-01,2019-11-30,Zip Code: 98178,Townhouse,215500.0,480490.0,180.3347280334728,4.0,12.0,8.0,0.9746931268579904,0.0
2017-11-01,2018-01-31,Zip Code: 98199,Townhouse,620000.0,727000.0,534.5679012345679,7.0,6.0,1.0,1.0451623647153012,0.5714285714285714
2018-09-01,2018-11-30,Zip Code: 98102,All Residential,645000.0,699000.0,623.9520958083832,68.0,119.0,58.0,0.98926745289514,0.1764705882352941
2016-12-01,2017-02-28,Zip Code: 98109,Condo/Co-op,462500.0,434500.0,570.0858404523132,46.0,40.0,6.0,1.0401232589637146,0.5869565217391304
2016-10-01,2016-12-31,Zip Code: 98134,All Residential,265000.0,,247.43230625583567,1.0,,2.0,0.9636363636363636,0.0
2020-01-01,2020-03-31,Zip Code: 98107,Townhouse,764950.0,750000.0,527.1818771882744,46.0,54.0,16.0,1.0107807074297124,0.4130434782608695
2023-10-01,2023-12-31,Zip Code: 98102,Townhouse,950000.0,1000000.0,650.384193194292,9.0,15.0,5.0,0.9854096140457363,0.2222222222222222
2013-09-01,2013-11-30,Zip Code: 98118,Condo/Co-op,218250.0,132000.0,254.63282354628728,4.0,4.0,4.0,0.9939531659818274,0.25
2021-03-01,2021-05-31,Zip Code: 98109,Townhouse,814500.0,975000.0,635.6411600279524,32.0,27.0,14.0,1.004624970756184,0.25
2016-05-01,2016-07-31,Zip Code: 98106,All Residential,370000.0,378000.0,281.96721311475414,136.0,163.0,39.0,1.0507285604624297,0.6985294117647058
2023-01-01,2023-03-31,Zip Code: 98178,Single Family Residential,650000.0,600000.0,330.3030303030303,35.0,39.0,13.0,0.9802702127028312,0.2
2012-07-01,2012-09-30,Zip Code: 98126,Multi-Family (2-4 Unit),327500.0,,150.70921985815602,2.0,,,0.976190476190476,0.0
2014-04-01,2014-06-30,Zip Code: 98122,All Residential,466500.0,498500.0,351.88563692625064,146.0,202.0,76.0,1.015520423514446,0.4315068493150685
2021-12-01,2022-02-28,Zip Code: 98116,All Residential,849950.0,932495.0,541.2371134020617,91.0,89.0,20.0,1.031481692698178,0.4065934065934065
2019-06-01,2019-08-31,Zip Code: 98104,All Residential,610000.0,495000.0,600.0,21.0,23.0,42.0,0.9897811233264416,0.1904761904761904
2016-10-01,2016-12-31,Zip Code: 98133,Townhouse,427500.0,451944.0,308.030112923463,21.0,18.0,5.0,1.0292372205732785,0.619047619047619
2012-10-01,2012-12-31,Zip Code: 98119,Multi-Family (2-4 Unit),797500.0,804500.0,246.5124077800134,4.0,2.0,,0.9303259623844288,0.0
2020-03-01,2020-05-31,Zip Code: 98115,Multi-Family (2-4 Unit),775000.0,1325000.0,469.6969696969697,1.0,1.0,1.0,1.0,0.0
2013-06-01,2013-08-31,Zip Code: 98136,Townhouse,390000.0,370750.0,255.69345941686367,6.0,6.0,4.0,0.9953538830795062,0.3333333333333333
2023-04-01,2023-06-30,Zip Code: 98109,Single Family Residential,1482500.0,1549000.0,679.8776388328627,22.0,28.0,11.0,1.0225186966034956,0.4545454545454545
2013-08-01,2013-10-31,Zip Code: 98126,Townhouse,329990.0,304990.0,218.01808997495897,12.0,20.0,8.0,1.0169169427255529,0.3333333333333333
2016-05-01,2016-07-31,Zip Code: 98125,Townhouse,390000.0,382000.0,297.1014492753623,27.0,28.0,2.0,1.0416945077542368,0.5555555555555555
2014-02-01,2014-04-30,Zip Code: 98109,Single Family Residential,753000.0,985000.0,333.40978266718685,22.0,30.0,12.0,1.035812643777396,0.5909090909090909
2022-02-01,2022-04-30,Zip Code: 98107,All Residential,963500.0,899925.0,648.0336588768748,188.0,208.0,19.0,1.0772264442010415,0.6382978723404255
2019-05-01,2019-07-31,Zip Code: 98125,Townhouse,526000.0,512200.0,416.0009398496241,6.0,14.0,8.0,0.9978761378045962,0.1666666666666666
2020-12-01,2021-02-28,Zip Code: 98112,Condo/Co-op,612000.0,554975.0,758.8056278392803,12.0,8.0,11.0,0.9997638186772372,0.25
2013-01-01,2013-03-31,Zip Code: 98136,Single Family Residential,453400.0,466950.0,234.26573426573427,37.0,62.0,23.0,1.0026544870705605,0.2972972972972973
2012-07-01,2012-09-30,Zip Code: 98144,Single Family Residential,422750.0,399500.0,205.5338258728089,58.0,76.0,59.0,1.0121845992031226,0.396551724137931
2023-08-01,2023-10-31,Zip Code: 98104,All Residential,384950.0,534950.0,639.0775529865125,14.0,34.0,36.0,0.9926110963341916,0.1428571428571428
2023-10-01,2023-12-31,Zip Code: 98126,Townhouse,642500.0,695000.0,454.77545857052496,9.0,9.0,9.0,0.9837940352076469,0.1111111111111111
2022-04-01,2022-06-30,Zip Code: 98175,Townhouse,865000.0,,624.5487364620939,1.0,,,1.2627737226277371,1.0
2020-04-01,2020-06-30,Zip Code: 98115,All Residential,825000.0,799000.0,475.5434782608696,205.0,251.0,72.0,1.0219488385519433,0.4634146341463414
2013-07-01,2013-09-30,Zip Code: 98119,Condo/Co-op,290000.0,289000.0,364.7521636506688,33.0,52.0,44.0,0.9913513367373528,0.1818181818181818
2015-02-01,2015-04-30,Zip Code: 98119,Multi-Family (2-4 Unit),1216500.0,875000.0,290.73564009869744,2.0,3.0,1.0,1.0634848484848485,0.5
2015-11-01,2016-01-31,Zip Code: 98115,All Residential,600000.0,612475.0,328.2934782608696,132.0,94.0,16.0,1.031059962330634,0.4696969696969697
2018-11-01,2019-01-31,Zip Code: 98112,Townhouse,799000.0,729950.0,467.0169293636894,7.0,1.0,1.0,0.989168262633566,0.0
2012-06-01,2012-08-31,Zip Code: 98178,Condo/Co-op,64950.0,62450.0,73.02903653318003,2.0,2.0,1.0,0.9749873673572512,0.0
2015-11-01,2016-01-31,Zip Code: 98119,Townhouse,679000.0,749875.0,427.8742707704688,12.0,14.0,7.0,1.0142810447251895,0.4166666666666666
2021-09-01,2021-11-30,Zip Code: 98178,Townhouse,254000.0,260000.0,217.1908000683415,2.0,2.0,3.0,0.9827742471982116,0.5
2013-09-01,2013-11-30,Zip Code: 98106,Single Family Residential,288725.0,279950.0,190.233598838917,64.0,92.0,63.0,0.9931933970346328,0.328125
2017-10-01,2017-12-31,Zip Code: 98119,Condo/Co-op,488750.0,517500.0,554.7337278106509,45.0,26.0,4.0,1.046112774571861,0.6222222222222222
2019-03-01,2019-05-31,Zip Code: 98177,Townhouse,446750.0,454997.5,376.77934746047765,6.0,6.0,2.0,0.992369039090526,0.1666666666666666
2018-10-01,2018-12-31,Zip Code: 98117,Single Family Residential,796500.0,799000.0,426.0237931823382,110.0,79.0,29.0,1.006541888317793,0.3545454545454545
2014-10-01,2014-12-31,Zip Code: 98126,Multi-Family (2-4 Unit),643500.0,597500.0,178.75,1.0,2.0,,0.9491472424580774,0.0
2021-10-01,2021-12-31,Zip Code: 98125,Single Family Residential,805000.0,799000.0,488.57142857142856,115.0,69.0,5.0,1.0476554709931878,0.5391304347826086
2013-06-01,2013-08-31,Zip Code: 98117,Multi-Family (2-4 Unit),522412.5,367475.0,214.3840604732636,6.0,2.0,,0.9516734193706348,0.1666666666666666
2012-04-01,2012-06-30,Zip Code: 98118,All Residential,235000.0,279000.0,143.2484076433121,145.0,164.0,118.0,0.996739694505529,0.3172413793103448
2017-12-01,2018-02-28,Zip Code: 98115,Condo/Co-op,489000.0,357500.0,478.39506172839504,35.0,30.0,8.0,1.072632725077278,0.4857142857142857
2014-12-01,2015-02-28,Zip Code: 98108,All Residential,304950.0,320000.0,198.1308411214953,47.0,57.0,35.0,1.0004099341215351,0.3617021276595744
2020-04-01,2020-06-30,Zip Code: 98126,Single Family Residential,655000.0,652500.0,423.44173441734415,85.0,114.0,37.0,1.020396524922051,0.5529411764705882
2014-05-01,2014-07-31,Zip Code: 98136,All Residential,435000.0,459900.0,272.0,81.0,125.0,60.0,1.01620612290925,0.4567901234567901
2020-05-01,2020-07-31,Zip Code: 98107,Townhouse,733975.0,765000.0,547.1983806029043,66.0,71.0,13.0,1.006616556676908,0.4393939393939393
2020-08-01,2020-10-31,Zip Code: 98119,Townhouse,1072495.0,827000.0,622.045101088647,37.0,34.0,18.0,1.0106020010611705,0.4324324324324324
2021-11-01,2022-01-31,Zip Code: 98144,All Residential,786250.0,742495.0,562.9033465598563,126.0,126.0,34.0,1.0219044733689502,0.4285714285714285
2016-05-01,2016-07-31,Zip Code: 98106,Multi-Family (2-4 Unit),350000.0,549950.0,238.02622498274675,2.0,5.0,3.0,1.106690667350031,1.0
2023-12-01,2024-02-29,Zip Code: 98108,Townhouse,705000.0,769000.0,472.4409448818898,11.0,27.0,17.0,0.9955825741136568,0.2727272727272727
2020-09-01,2020-11-30,Zip Code: 98116,Condo/Co-op,562000.0,639000.0,501.968503937008,23.0,29.0,25.0,0.9826739361790452,0.1739130434782608
2022-10-01,2022-12-31,Zip Code: 98119,Townhouse,1000000.0,1135000.0,543.4782608695652,3.0,6.0,5.0,0.9402508208426632,0.0
2016-10-01,2016-12-31,Zip Code: 98122,All Residential,648500.0,679000.0,474.0819525302284,150.0,91.0,21.0,1.0281873670511923,0.4133333333333333
2015-09-01,2015-11-30,Zip Code: 98118,All Residential,400000.0,399950.0,231.4814814814815,159.0,147.0,58.0,1.0144319387039948,0.389937106918239
2022-09-01,2022-11-30,Zip Code: 98106,Townhouse,586500.0,594500.0,408.7167411343236,8.0,26.0,19.0,0.9909359268241744,0.125
2019-05-01,2019-07-31,Zip Code: 98107,Condo/Co-op,474975.0,450000.0,603.7383284163143,34.0,43.0,33.0,0.9892732739857262,0.1764705882352941
2012-12-01,2013-02-28,Zip Code: 98115,Multi-Family (2-4 Unit),632000.0,659950.0,265.546218487395,1.0,3.0,1.0,1.0112,1.0
2015-08-01,2015-10-31,Zip Code: 98116,Single Family Residential,650000.0,649950.0,313.72549019607845,75.0,83.0,26.0,1.0211303710379367,0.4799999999999999
2014-03-01,2014-05-31,Zip Code: 98133,All Residential,340000.0,355000.0,209.25925925925927,205.0,238.0,91.0,1.0084018209274828,0.4341463414634146
2018-05-01,2018-07-31,Zip Code: 98101,All Residential,790000.0,749000.0,810.0584259365335,64.0,76.0,35.0,0.9960305645917962,0.25
2014-02-01,2014-04-30,Zip Code: 98115,All Residential,481050.0,488000.0,265.44156530936016,162.0,191.0,36.0,1.0319911659660006,0.537037037037037
2023-02-01,2023-04-30,Zip Code: 98115,All Residential,926000.0,899475.0,557.9337579260423,158.0,194.0,54.0,1.0230889709079818,0.4050632911392405
2020-04-01,2020-06-30,Zip Code: 98144,All Residential,744475.0,724999.0,473.90210102120113,124.0,185.0,66.0,1.008706957941954,0.3306451612903225
2014-07-01,2014-09-30,Zip Code: 98105,Condo/Co-op,286600.0,350000.0,349.3040401953324,22.0,21.0,5.0,1.0036662837006776,0.2727272727272727
2020-01-01,2020-03-31,Zip Code: 98134,All Residential,450000.0,449000.0,375.0,1.0,1.0,,1.0022271714922049,1.0
2012-11-01,2013-01-31,Zip Code: 98199,All Residential,496500.0,569000.0,258.7020719983309,84.0,53.0,51.0,0.9840037729585016,0.2023809523809523
2013-07-01,2013-09-30,Zip Code: 98118,Multi-Family (2-4 Unit),520000.0,414950.0,203.92156862745097,1.0,7.0,8.0,0.981132075471698,0.0
2013-08-01,2013-10-31,Zip Code: 98117,Single Family Residential,500000.0,485000.0,250.2450980392157,146.0,141.0,47.0,1.0200050986136453,0.4931506849315068
2021-01-01,2021-03-31,Zip Code: 98107,Multi-Family (2-4 Unit),1023750.0,1240000.0,392.7384513127285,6.0,12.0,5.0,1.0045374940066134,0.5
2023-05-01,2023-07-31,Zip Code: 98136,All Residential,833500.0,849975.0,545.3216374269006,75.0,76.0,25.0,1.0347657702344597,0.4933333333333333
2018-05-01,2018-07-31,Zip Code: 98117,Single Family Residential,846000.0,762500.0,444.44444444444446,159.0,186.0,48.0,1.0594741914589063,0.5534591194968553
2015-09-01,2015-11-30,Zip Code: 98108,Multi-Family (2-4 Unit),440000.0,545000.0,132.53012048192772,1.0,1.0,1.0,0.9263157894736842,0.0
2022-12-01,2023-02-28,Zip Code: 98116,Condo/Co-op,617500.0,699950.0,587.2549019607843,13.0,15.0,8.0,0.9909452022279216,0.0769230769230769
2023-03-01,2023-05-31,Zip Code: 98105,Condo/Co-op,491000.0,499000.0,570.4225352112676,15.0,27.0,16.0,0.9864464345187838,0.0666666666666666
2019-04-01,2019-06-30,Zip Code: 98136,Multi-Family (2-4 Unit),775000.0,1087500.0,337.4019607843137,3.0,4.0,,1.00297557997558,0.3333333333333333
2015-07-01,2015-09-30,Zip Code: 98115,Multi-Family (2-4 Unit),567000.0,550000.0,137.62135922330097,1.0,3.0,2.0,1.030909090909091,1.0
2022-12-01,2023-02-28,Zip Code: 98134,Condo/Co-op,295000.0,,391.2466843501326,1.0,,,1.0,0.0
2017-12-01,2018-02-28,Zip Code: 98105,All Residential,895000.0,925000.0,500.90361445783134,58.0,59.0,18.0,1.0558653670076574,0.5689655172413793
2016-01-01,2016-03-31,Zip Code: 98126,Single Family Residential,525000.0,450000.0,297.0149253731343,71.0,85.0,22.0,1.0457866334317745,0.5492957746478873
2021-08-01,2021-10-31,Zip Code: 98144,Condo/Co-op,416000.0,407500.0,484.69181562984,22.0,24.0,11.0,1.00207884834395,0.1818181818181818
2017-05-01,2017-07-31,Zip Code: 98102,Condo/Co-op,475000.0,475000.0,607.1123028270454,88.0,83.0,14.0,1.0637068192550752,0.625
2016-08-01,2016-10-31,Zip Code: 98126,All Residential,490000.0,465000.0,332.15647058823527,156.0,167.0,46.0,1.0293423610592043,0.4871794871794871
2015-05-01,2015-07-31,Zip Code: 98105,Condo/Co-op,282000.0,279000.0,370.9558823529412,17.0,19.0,5.0,1.0054662367483296,0.4705882352941176
2022-07-01,2022-09-30,Zip Code: 98116,Condo/Co-op,645000.0,660000.0,598.7012987012987,34.0,42.0,16.0,0.9911288479372502,0.1764705882352941
2012-09-01,2012-11-30,Zip Code: 98112,Condo/Co-op,427000.0,238500.0,382.2992965934194,14.0,7.0,10.0,0.951081339694332,0.0714285714285714
2014-03-01,2014-05-31,Zip Code: 98194,Condo/Co-op,539000.0,549500.0,386.93467336683415,1.0,1.0,,0.9808917197452228,0.0
2019-12-01,2020-02-29,Zip Code: 98133,Multi-Family (2-4 Unit),885000.0,1332500.0,256.0975609756098,5.0,2.0,1.0,0.9805048914512122,0.5999999999999999
2020-10-01,2020-12-31,Zip Code: 98126,Multi-Family (2-4 Unit),1090000.0,,493.2126696832579,1.0,,,0.9909090909090909,0.0
2012-07-01,2012-09-30,Zip Code: 98107,All Residential,405000.0,386975.0,270.13888888888886,97.0,98.0,42.0,0.9931025835987338,0.2164948453608247
2019-01-01,2019-03-31,Zip Code: 98136,Condo/Co-op,406500.0,379500.0,381.599585604601,4.0,6.0,3.0,0.9767364943054044,0.0
2015-01-01,2015-03-31,Zip Code: 98126,Single Family Residential,440000.0,435000.0,250.27415143603133,64.0,79.0,28.0,1.0106608327105393,0.34375
2019-01-01,2019-03-31,Zip Code: 98134,All Residential,398625.0,387000.0,318.00305877212145,4.0,2.0,,0.976712540456446,0.25
2020-02-01,2020-04-30,Zip Code: 98122,All Residential,758000.0,725000.0,587.5491892060376,113.0,151.0,54.0,1.0065035095766226,0.3362831858407079
2016-08-01,2016-10-31,Zip Code: 98116,Multi-Family (2-4 Unit),949800.0,600000.0,219.7717810996786,2.0,1.0,3.0,0.9914644351464434,0.0
2017-10-01,2017-12-31,Zip Code: 98102,Townhouse,925000.0,907475.0,620.8053691275168,21.0,18.0,5.0,0.9996472447322656,0.1904761904761904
2022-10-01,2022-12-31,Zip Code: 98116,Multi-Family (2-4 Unit),1343000.0,1080000.0,353.42105263157896,1.0,2.0,1.0,0.9948148148148148,0.0
2023-04-01,2023-06-30,Zip Code: 98108,Multi-Family (2-4 Unit),803000.0,975000.0,357.9166666666667,3.0,3.0,3.0,0.9970436248521332,0.3333333333333333
2021-12-01,2022-02-28,Zip Code: 98118,All Residential,729000.0,749950.0,458.0029784606444,138.0,112.0,20.0,1.032587734799475,0.3985507246376811
2016-04-01,2016-06-30,Zip Code: 98144,Condo/Co-op,288750.0,324000.0,405.2539221078546,20.0,25.0,6.0,1.0716163492133322,0.75
2022-03-01,2022-05-31,Zip Code: 98122,All Residential,855000.0,849880.0,654.89186941152,198.0,225.0,56.0,1.0505100457355696,0.5707070707070707
2014-10-01,2014-12-31,Zip Code: 98126,Single Family Residential,400000.0,434975.0,237.12502808778368,82.0,55.0,27.0,0.9926132858200684,0.2926829268292682
2014-04-01,2014-06-30,Zip Code: 98112,Single Family Residential,965000.0,895000.0,385.97026604068856,81.0,107.0,43.0,1.0209786829461058,0.4814814814814814
2020-02-01,2020-04-30,Zip Code: 98107,Condo/Co-op,438475.0,438500.0,582.7931340058511,28.0,30.0,11.0,1.0028760253278437,0.3928571428571428
2016-03-01,2016-05-31,Zip Code: 98116,Multi-Family (2-4 Unit),648000.0,950000.0,226.96488500641595,4.0,7.0,6.0,0.9830716508290172,0.5
2020-11-01,2021-01-31,Zip Code: 98106,Townhouse,519000.0,579950.0,354.72972972972974,47.0,51.0,11.0,0.9987997421393076,0.276595744680851
2014-04-01,2014-06-30,Zip Code: 98115,Single Family Residential,540000.0,550000.0,282.8069023166945,166.0,193.0,36.0,1.0400832058751568,0.5542168674698795
2021-06-01,2021-08-31,Zip Code: 98106,Townhouse,559950.0,559950.0,399.2537313432836,47.0,49.0,13.0,1.0213343468215772,0.5106382978723403
2014-11-01,2015-01-31,Zip Code: 98112,All Residential,975000.0,975000.0,382.7751196172249,69.0,55.0,33.0,1.0111330521733035,0.3188405797101449
2018-05-01,2018-07-31,Zip Code: 98107,Townhouse,790000.0,790000.0,561.4754098360655,41.0,47.0,11.0,1.0366715381254448,0.4878048780487804
2012-03-01,2012-05-31,Zip Code: 98112,Multi-Family (2-4 Unit),573500.0,480000.0,200.0201113861386,2.0,3.0,2.0,0.8983999999999999,0.0
2015-05-01,2015-07-31,Zip Code: 98108,Single Family Residential,370000.0,419500.0,225.28089887640448,57.0,68.0,31.0,1.039133717821331,0.4736842105263157
2022-05-01,2022-07-31,Zip Code: 98177,Condo/Co-op,980000.0,837475.0,432.8767123287671,5.0,8.0,1.0,1.0280691885860933,1.0
2019-10-01,2019-12-31,Zip Code: 98144,Condo/Co-op,400000.0,435000.0,451.9119351100811,11.0,10.0,9.0,0.9955459563056523,0.2727272727272727
2012-10-01,2012-12-31,Zip Code: 98199,All Residential,479975.0,485000.0,253.20987654320987,88.0,65.0,49.0,0.980058938962217,0.2045454545454545
2014-03-01,2014-05-31,Zip Code: 98106,Condo/Co-op,158750.0,154950.0,156.39802606035192,4.0,6.0,3.0,0.985865892748852,0.25
2018-12-01,2019-02-28,Zip Code: 98117,Single Family Residential,864500.0,847000.0,414.9098698189248,68.0,77.0,31.0,1.0056696412937425,0.3676470588235294
2013-01-01,2013-03-31,Zip Code: 98126,Condo/Co-op,200000.0,139000.0,219.3251533742332,7.0,13.0,9.0,0.9643748716595552,0.1428571428571428
2012-11-01,2013-01-31,Zip Code: 98105,Townhouse,444500.0,384950.0,279.7619047619048,3.0,2.0,1.0,0.9880068565709949,0.3333333333333333
2020-10-01,2020-12-31,Zip Code: 98106,All Residential,568434.0,575000.0,351.40845070422534,174.0,123.0,35.0,1.002365759877024,0.3275862068965517
2015-09-01,2015-11-30,Zip Code: 98117,All Residential,573500.0,572475.0,323.96449704142015,149.0,148.0,18.0,1.0397957119447097,0.570469798657718
2023-02-01,2023-04-30,Zip Code: 98113,Single Family Residential,925000.0,,471.9387755102041,1.0,,,0.925000925000925,0.0
2022-06-01,2022-08-31,Zip Code: 98136,Condo/Co-op,465000.0,465000.0,517.4035747883349,9.0,11.0,2.0,1.0221745903574158,0.5555555555555555
2013-05-01,2013-07-31,Zip Code: 98118,Multi-Family (2-4 Unit),495500.0,434949.0,118.30971506074106,2.0,8.0,6.0,1.0981050357964373,1.0
2018-02-01,2018-04-30,Zip Code: 98102,Condo/Co-op,525000.0,473500.0,664.9253731343283,59.0,74.0,16.0,1.0620929423857002,0.6271186440677966
2022-11-01,2023-01-31,Zip Code: 98144,Condo/Co-op,490000.0,432500.0,497.1915285451197,11.0,10.0,7.0,0.9869433698307772,0.3636363636363636
2020-12-01,2021-02-28,Zip Code: 98102,Single Family Residential,1186000.0,1447500.0,475.3850385038504,18.0,14.0,9.0,0.959563569647065,0.1111111111111111
2013-01-01,2013-03-31,Zip Code: 98119,All Residential,380000.0,522475.0,322.3158466974721,60.0,98.0,53.0,0.9791756780236398,0.2166666666666666
2012-08-01,2012-10-31,Zip Code: 98144,Single Family Residential,390000.0,412500.0,195.5521472392638,59.0,75.0,44.0,1.0256784043148175,0.423728813559322
2023-08-01,2023-10-31,Zip Code: 98133,All Residential,715000.0,714450.0,442.6051094054302,128.0,156.0,77.0,1.0022811840026042,0.3203125
2014-01-01,2014-03-31,Zip Code: 98125,Multi-Family (2-4 Unit),477825.0,717450.0,145.48521994755183,2.0,2.0,2.0,0.9681285878300804,0.0
2020-11-01,2021-01-31,Zip Code: 98104,All Residential,519000.0,585000.0,584.5843799287342,20.0,21.0,36.0,0.9631336809301448,0.05
2017-12-01,2018-02-28,Zip Code: 98136,All Residential,672475.0,700000.0,380.03046471600686,56.0,53.0,11.0,1.02448172047166,0.375
2022-09-01,2022-11-30,Zip Code: 98112,Single Family Residential,1685000.0,1575000.0,727.8481012658227,43.0,54.0,22.0,0.9745790910527314,0.0930232558139534
2015-07-01,2015-09-30,Zip Code: 98106,All Residential,355500.0,349000.0,231.6357765476872,132.0,154.0,41.0,1.030526682044784,0.5606060606060606
2017-01-01,2017-03-31,Zip Code: 98108,All Residential,530000.0,500000.0,323.0769230769231,61.0,69.0,14.0,1.0769214556022282,0.5901639344262295
2013-08-01,2013-10-31,Zip Code: 98118,Single Family Residential,322500.0,326975.0,183.51540616246496,144.0,156.0,94.0,1.012045294548633,0.4027777777777777
2023-09-01,2023-11-30,Zip Code: 98177,Single Family Residential,1210000.0,1100000.0,508.4745762711864,43.0,54.0,19.0,1.0186244794927064,0.4651162790697674
2016-04-01,2016-06-30,Zip Code: 98133,Condo/Co-op,206500.0,227500.0,281.2291434927697,44.0,50.0,14.0,1.0386807630490875,0.4772727272727272
2020-09-01,2020-11-30,Zip Code: 98121,All Residential,627500.0,649950.0,702.8041610131163,76.0,129.0,134.0,0.9750053751630106,0.1184210526315789
2021-03-01,2021-05-31,Zip Code: 98122,Single Family Residential,1177500.0,1072500.0,572.6995979937793,78.0,108.0,15.0,1.0734105814738113,0.6282051282051281
2014-06-01,2014-08-31,Zip Code: 98112,Single Family Residential,970000.0,900000.0,370.3703703703704,77.0,85.0,38.0,1.0232504232528694,0.4285714285714285
2021-11-01,2022-01-31,Zip Code: 98107,Condo/Co-op,482500.0,444750.0,586.3454400046596,34.0,26.0,4.0,0.9891701483073528,0.0588235294117647
2013-12-01,2014-02-28,Zip Code: 98117,All Residential,470500.0,516250.0,259.28690828964363,116.0,106.0,32.0,1.007250818260951,0.396551724137931
2018-03-01,2018-05-31,Zip Code: 98144,Multi-Family (2-4 Unit),1350000.0,1100000.0,417.1931324946664,4.0,3.0,1.0,0.9438796211963388,0.0
2018-03-01,2018-05-31,Zip Code: 98199,Condo/Co-op,445000.0,412500.0,507.46268656716416,19.0,26.0,7.0,1.0581004722513463,0.7894736842105263
2021-02-01,2021-04-30,Zip Code: 98102,Townhouse,992450.0,1010000.0,662.1639543695903,40.0,45.0,18.0,1.004130158662764,0.2999999999999999
2021-01-01,2021-03-31,Zip Code: 98122,All Residential,760000.0,759950.0,591.0165484633569,141.0,189.0,64.0,1.0107219170919772,0.3049645390070921
2023-06-01,2023-08-31,Zip Code: 98122,Multi-Family (2-4 Unit),816000.0,1071000.0,652.8,1.0,4.0,3.0,1.0394904458598726,1.0
2021-11-01,2022-01-31,Zip Code: 98108,Townhouse,549309.0,583785.0,439.1644158136786,50.0,59.0,9.0,1.0011147730840362,0.16
2020-10-01,2020-12-31,Zip Code: 98199,Single Family Residential,1222050.0,1272500.0,496.2765957446808,89.0,66.0,18.0,0.9986313377064006,0.3258426966292135
2016-12-01,2017-02-28,Zip Code: 98144,All Residential,617000.0,639000.0,369.8742434036552,94.0,97.0,28.0,1.012458338841821,0.276595744680851
2016-08-01,2016-10-31,Zip Code: 98178,Townhouse,185000.0,188375.0,157.28449503172249,4.0,2.0,,1.0097242206047965,0.5
2019-06-01,2019-08-31,Zip Code: 98117,Single Family Residential,825000.0,812000.0,425.3739070409572,156.0,149.0,45.0,1.0055002997286937,0.3717948717948718
2020-03-01,2020-05-31,Zip Code: 98107,Multi-Family (2-4 Unit),1174125.0,995000.0,406.56918564527257,6.0,7.0,6.0,1.0043688938565989,0.1666666666666666
2020-06-01,2020-08-31,Zip Code: 98136,Townhouse,565000.0,559950.0,419.87179487179486,23.0,23.0,10.0,0.993745996448468,0.217391304347826
2015-03-01,2015-05-31,Zip Code: 98104,All Residential,325000.0,413200.0,426.9449715370018,21.0,28.0,15.0,1.0007606356248302,0.3333333333333333
2015-07-01,2015-09-30,Zip Code: 98118,Single Family Residential,402500.0,418000.0,247.9004329004329,136.0,144.0,62.0,1.0252041369898268,0.4264705882352941
2020-04-01,2020-06-30,Zip Code: 98126,All Residential,625000.0,625000.0,423.44173441734415,115.0,147.0,56.0,1.0161144816941057,0.5304347826086957
2019-07-01,2019-09-30,Zip Code: 98118,Single Family Residential,629950.0,605000.0,366.9318181818182,111.0,117.0,71.0,0.9965602580260848,0.2792792792792792
2019-04-01,2019-06-30,Zip Code: 98144,All Residential,699975.0,728800.0,472.0616570327553,140.0,175.0,89.0,1.0054753056778118,0.2714285714285714
2022-10-01,2022-12-31,Zip Code: 98106,All Residential,675000.0,609000.0,419.6392146863845,80.0,75.0,46.0,0.9962026759369684,0.275
2013-05-01,2013-07-31,Zip Code: 98178,Townhouse,117000.0,69000.0,111.37029288702928,2.0,1.0,1.0,0.985579752795762,0.0
2018-06-01,2018-08-31,Zip Code: 98107,Single Family Residential,890000.0,799500.0,480.7692307692308,47.0,49.0,17.0,1.043297393796798,0.574468085106383
2022-05-01,2022-07-31,Zip Code: 98125,Single Family Residential,985000.0,879044.0,535.3535353535353,113.0,132.0,35.0,1.0675965692177498,0.5575221238938052
2015-11-01,2016-01-31,Zip Code: 98117,Single Family Residential,640225.0,629000.0,316.77146210596914,94.0,67.0,18.0,1.0403915450857808,0.5
2019-07-01,2019-09-30,Zip Code: 98108,Multi-Family (2-4 Unit),600000.0,410000.0,297.029702970297,1.0,1.0,,0.96,0.0
2016-05-01,2016-07-31,Zip Code: 98108,Single Family Residential,450000.0,412475.0,277.2020725388601,75.0,76.0,20.0,1.0615306424476962,0.5866666666666666
2012-04-01,2012-06-30,Zip Code: 98175,All Residential,277000.0,419950.0,200.5792903692976,1.0,2.0,1.0,1.026306039273805,1.0
2020-02-01,2020-04-30,Zip Code: 98178,Single Family Residential,545000.0,539000.0,285.71428571428567,53.0,101.0,42.0,1.0158942864955418,0.5094339622641509
2021-09-01,2021-11-30,Zip Code: 98194,All Residential,650000.0,,524.1935483870968,1.0,,,0.9629629629629628,0.0
2012-12-01,2013-02-28,Zip Code: 98106,All Residential,233950.0,229945.0,153.76041971336647,70.0,90.0,60.0,0.982892995163652,0.2428571428571428
2014-03-01,2014-05-31,Zip Code: 98119,All Residential,499000.0,540000.0,351.50645624103294,107.0,133.0,50.0,1.0007391633203853,0.3457943925233644
2014-12-01,2015-02-28,Zip Code: 98119,All Residential,514500.0,574475.0,355.08242556281766,68.0,74.0,33.0,0.9967339000464788,0.2205882352941176
2023-04-01,2023-06-30,Zip Code: 98107,All Residential,820000.0,825000.0,606.1864548494983,135.0,140.0,49.0,1.0044987825242957,0.2518518518518518
2013-04-01,2013-06-30,Zip Code: 98133,Townhouse,300750.0,300000.0,217.08176691729324,26.0,39.0,19.0,1.005947386791986,0.4615384615384615
2023-07-01,2023-09-30,Zip Code: 98105,Multi-Family (2-4 Unit),965000.0,1135000.0,397.9381443298969,1.0,2.0,3.0,0.919135155729117,0.0
2020-03-01,2020-05-31,Zip Code: 98117,Single Family Residential,885000.0,875000.0,462.5550660792952,99.0,127.0,30.0,1.0497924372665033,0.6161616161616161
2012-05-01,2012-07-31,Zip Code: 98133,Multi-Family (2-4 Unit),510000.0,455000.0,93.64671318398824,1.0,5.0,6.0,0.8499999999999999,0.0
2017-02-01,2017-04-30,Zip Code: 98133,Townhouse,513750.0,492000.0,353.6727925184863,36.0,30.0,2.0,1.0342852234346045,0.4722222222222222
2015-10-01,2015-12-31,Zip Code: 98125,Multi-Family (2-4 Unit),461500.0,,260.0893997445722,2.0,,,0.977381919289191,0.5
2012-11-01,2013-01-31,Zip Code: 98102,Condo/Co-op,282000.0,250000.0,326.5139116202946,35.0,37.0,24.0,0.983575555574752,0.1714285714285714
2013-07-01,2013-09-30,Zip Code: 98102,Multi-Family (2-4 Unit),617500.0,1200000.0,498.02548137899225,2.0,1.0,3.0,0.9728699551569506,0.0
2014-12-01,2015-02-28,Zip Code: 98199,Townhouse,479975.0,534000.0,312.2641509433962,14.0,8.0,3.0,1.024012838344418,0.5
2014-05-01,2014-07-31,Zip Code: 98104,All Residential,392500.0,272475.0,405.5059523809524,18.0,20.0,18.0,0.9525155831468334,0.0555555555555555
2023-06-01,2023-08-31,Zip Code: 98118,Multi-Family (2-4 Unit),750000.0,1050000.0,315.12605042016804,1.0,2.0,1.0,1.0,0.0
2017-02-01,2017-04-30,Zip Code: 98107,Condo/Co-op,433750.0,385000.0,588.3344768439108,27.0,33.0,,1.0445507706403123,0.6296296296296297
2020-02-01,2020-04-30,Zip Code: 98112,Condo/Co-op,540000.0,539950.0,722.3001402524544,19.0,23.0,6.0,1.020413110616224,0.4736842105263157
2021-12-01,2022-02-28,Zip Code: 98115,Townhouse,749975.0,834999.5,611.6954474097331,26.0,30.0,8.0,1.0254235048441367,0.3461538461538461
2016-04-01,2016-06-30,Zip Code: 98118,Single Family Residential,470000.0,449000.0,279.41480446927375,158.0,172.0,46.0,1.0678547492493755,0.5569620253164556
2023-05-01,2023-07-31,Zip Code: 98194,Condo/Co-op,1405000.0,,954.4836956521738,1.0,,,0.952542372881356,0.0
2021-08-01,2021-10-31,Zip Code: 98177,Condo/Co-op,660000.0,587500.0,424.3243243243243,5.0,8.0,4.0,1.048497411277329,0.4
2022-03-01,2022-05-31,Zip Code: 98107,Townhouse,995000.0,899995.0,661.3486177716552,76.0,69.0,7.0,1.0517076290636975,0.5657894736842105
2015-03-01,2015-05-31,Zip Code: 98136,Single Family Residential,557500.0,594250.0,279.69653415690004,72.0,90.0,23.0,1.0229551510603816,0.4861111111111111
2021-08-01,2021-10-31,Zip Code: 98119,All Residential,889500.0,799000.0,617.4254851362005,164.0,137.0,47.0,1.0183157449883562,0.3719512195121951
2019-12-01,2020-02-29,Zip Code: 98112,Single Family Residential,1460000.0,1337500.0,550.3144654088051,39.0,40.0,19.0,0.9947817745909004,0.1794871794871794
2018-09-01,2018-11-30,Zip Code: 98119,All Residential,750725.0,750000.0,553.0355195960292,76.0,123.0,82.0,0.9865471022237954,0.1447368421052631
2021-04-01,2021-06-30,Zip Code: 98199,Single Family Residential,1410000.0,1398000.0,577.7777777777777,117.0,146.0,29.0,1.0780412876112544,0.6068376068376067
2022-01-01,2022-03-31,Zip Code: 98115,Single Family Residential,1170000.0,990000.0,621.882647284415,108.0,141.0,11.0,1.1505057656666533,0.7129629629629629
2015-05-01,2015-07-31,Zip Code: 98122,Single Family Residential,695000.0,714500.0,373.0072463768116,57.0,58.0,12.0,1.0478702923646643,0.6140350877192982
2022-11-01,2023-01-31,Zip Code: 98109,Townhouse,950000.0,1199000.0,630.8556611927398,15.0,18.0,11.0,0.9695021807929216,0.2
2017-03-01,2017-05-31,Zip Code: 98177,All Residential,708000.0,755000.0,336.3756281407035,85.0,105.0,28.0,1.0538512565626224,0.588235294117647
2023-01-01,2023-03-31,Zip Code: 98102,Condo/Co-op,535000.0,525000.0,600.4577549526116,26.0,43.0,27.0,0.9869732070935082,0.0769230769230769
2022-06-01,2022-08-31,Zip Code: 98117,Multi-Family (2-4 Unit),1250000.0,999000.0,551.1811023622047,3.0,3.0,2.0,0.9920396587063254,0.3333333333333333
2012-01-01,2012-03-31,Zip Code: 98115,Single Family Residential,449000.0,475000.0,235.38461538461536,81.0,113.0,47.0,0.986460601743361,0.2469135802469135
2016-04-01,2016-06-30,Zip Code: 98118,Condo/Co-op,242500.0,244510.0,299.0708674042008,6.0,6.0,1.0,1.065448476326438,0.8333333333333333
2017-09-01,2017-11-30,Zip Code: 98109,Condo/Co-op,500000.0,492000.0,620.0227531285552,61.0,69.0,8.0,1.056542694377928,0.6229508196721311
2014-03-01,2014-05-31,Zip Code: 98109,Condo/Co-op,339250.0,319950.0,386.7572318647085,76.0,80.0,31.0,0.9944066873022358,0.3026315789473684
2012-04-01,2012-06-30,Zip Code: 98119,Single Family Residential,665000.0,669975.0,286.1111111111111,45.0,64.0,32.0,0.9943755356680024,0.3555555555555555
2023-05-01,2023-07-31,Zip Code: 98104,Condo/Co-op,416750.0,472950.0,622.831257122958,26.0,44.0,38.0,0.974999346379582,0.1538461538461538
2016-09-01,2016-11-30,Zip Code: 98115,Multi-Family (2-4 Unit),1117500.0,792475.0,357.439541783543,2.0,2.0,,1.0016457914760826,0.5
2023-12-01,2024-02-29,Zip Code: 98104,All Residential,455900.0,535000.0,678.1609195402299,27.0,35.0,27.0,0.98690401331365,0.1481481481481481
2016-07-01,2016-09-30,Zip Code: 98144,Condo/Co-op,349750.0,298725.0,381.4479106419896,14.0,14.0,5.0,1.0211376809343429,0.5
2023-09-01,2023-11-30,Zip Code: 98125,Condo/Co-op,357500.0,350000.0,426.8654801988136,14.0,11.0,4.0,0.9823869923303108,0.2142857142857142
2012-12-01,2013-02-28,Zip Code: 98125,Townhouse,265500.0,240000.0,184.06816507000727,6.0,9.0,3.0,0.9903388664458642,0.1666666666666666
2013-10-01,2013-12-31,Zip Code: 98133,Condo/Co-op,130000.0,134999.0,158.61027190332325,17.0,19.0,15.0,1.0108055864558734,0.4117647058823529
2016-04-01,2016-06-30,Zip Code: 98133,Single Family Residential,507500.5,465000.0,286.4367816091954,142.0,157.0,20.0,1.0643674990609373,0.6408450704225352
2015-03-01,2015-05-31,Zip Code: 98117,Multi-Family (2-4 Unit),692500.0,661975.0,243.73222571471337,2.0,4.0,,1.0252820225618051,1.0
2016-10-01,2016-12-31,Zip Code: 98199,Condo/Co-op,360000.0,335000.0,358.44748858447485,17.0,13.0,6.0,1.0278013654580598,0.4117647058823529
2019-04-01,2019-06-30,Zip Code: 98125,Single Family Residential,688050.0,675000.0,384.7513980920156,84.0,149.0,56.0,1.0149356987420712,0.488095238095238
2012-12-01,2013-02-28,Zip Code: 98107,All Residential,401000.0,424000.0,291.8229715489989,56.0,49.0,22.0,0.9904795593014288,0.2678571428571428
2023-01-01,2023-03-31,Zip Code: 98108,Condo/Co-op,502459.5,499974.5,601.78747848537,2.0,6.0,2.0,1.0049700099400198,0.5
2015-03-01,2015-05-31,Zip Code: 98126,Condo/Co-op,279000.0,269450.0,311.1111111111111,19.0,12.0,3.0,1.0306463156776828,0.3157894736842105
2022-05-01,2022-07-31,Zip Code: 98122,Multi-Family (2-4 Unit),1425000.0,1198800.0,474.0409108813784,8.0,7.0,6.0,0.9570345314219568,0.125
2012-11-01,2013-01-31,Zip Code: 98133,Multi-Family (2-4 Unit),287500.0,352000.0,159.525924729446,4.0,2.0,1.0,0.9575697859377356,0.25
2022-02-01,2022-04-30,Zip Code: 98105,Single Family Residential,1700000.0,1575000.0,668.9895470383275,51.0,59.0,14.0,1.1399830372839606,0.7254901960784313
2019-04-01,2019-06-30,Zip Code: 98106,Single Family Residential,594000.0,587000.0,349.0179537785701,114.0,156.0,67.0,1.0009718264464806,0.3157894736842105
2022-05-01,2022-07-31,Zip Code: 98115,Multi-Family (2-4 Unit),1057500.0,,384.54545454545456,1.0,,,1.113157894736842,1.0
2016-04-01,2016-06-30,Zip Code: 98125,All Residential,505000.0,469000.0,314.0845070422535,163.0,197.0,46.0,1.0886941349647166,0.7361963190184048
2012-10-01,2012-12-31,Zip Code: 98126,Townhouse,257000.0,299990.0,176.47975206611568,10.0,7.0,5.0,0.9992690641141236,0.2999999999999999
2021-05-01,2021-07-31,Zip Code: 98104,All Residential,572137.5,590000.0,787.2726660173598,40.0,51.0,45.0,0.9878629842819576,0.125
2014-04-01,2014-06-30,Zip Code: 98115,Townhouse,452500.0,434975.0,288.2136279926335,11.0,10.0,1.0,1.0325790157871484,0.3636363636363636
2016-05-01,2016-07-31,Zip Code: 98102,Condo/Co-op,399995.0,410000.0,546.0218408736349,79.0,81.0,24.0,1.0283192257239708,0.4810126582278481
2020-03-01,2020-05-31,Zip Code: 98104,All Residential,642475.0,627500.0,632.409972299169,12.0,14.0,31.0,1.0115466609998585,0.3333333333333333
2020-08-01,2020-10-31,Zip Code: 98118,Condo/Co-op,280000.0,285900.0,423.6006051437216,9.0,8.0,4.0,0.9860984578832412,0.1111111111111111
2021-03-01,2021-05-31,Zip Code: 98177,All Residential,1018000.0,985000.0,476.10823258491655,83.0,101.0,12.0,1.099363539083887,0.7349397590361446
2021-01-01,2021-03-31,Zip Code: 98107,All Residential,759475.0,786250.0,555.8030190546896,150.0,198.0,38.0,1.0184895971677288,0.3533333333333333
2021-03-01,2021-05-31,Zip Code: 98126,Multi-Family (2-4 Unit),828000.0,911500.0,331.2,1.0,2.0,1.0,1.0,0.0
2022-09-01,2022-11-30,Zip Code: 98133,Single Family Residential,738975.0,749990.0,452.8942829766848,84.0,93.0,43.0,0.9939121846033308,0.3214285714285714
2021-08-01,2021-10-31,Zip Code: 98107,Townhouse,760000.0,762500.0,593.6359867330016,68.0,74.0,13.0,1.0135200900641557,0.4705882352941176
2012-07-01,2012-09-30,Zip Code: 98119,All Residential,491000.0,479500.0,302.24525043177886,96.0,107.0,72.0,0.9920864813883828,0.3020833333333333
2023-06-01,2023-08-31,Zip Code: 98117,Multi-Family (2-4 Unit),1125000.0,1714000.0,359.4249201277956,1.0,2.0,3.0,0.97911227154047,0.0
2014-07-01,2014-09-30,Zip Code: 98119,Multi-Family (2-4 Unit),780000.0,900000.0,300.0,5.0,3.0,3.0,0.990287976211267,0.2
2017-03-01,2017-05-31,Zip Code: 98106,Multi-Family (2-4 Unit),962500.0,1086975.0,287.8336940836941,2.0,2.0,,0.926734159333706,0.0
2014-12-01,2015-02-28,Zip Code: 98106,Multi-Family (2-4 Unit),375000.0,425000.0,218.02325581395348,1.0,1.0,2.0,1.0,0.0
2012-09-01,2012-11-30,Zip Code: 98117,Townhouse,290000.0,334425.0,261.04651162790697,5.0,2.0,1.0,0.9896321726828124,0.0
2014-02-01,2014-04-30,Zip Code: 98102,Condo/Co-op,307500.0,347000.0,385.05166217430366,44.0,53.0,24.0,0.997316895639852,0.3181818181818181
2017-07-01,2017-09-30,Zip Code: 98116,Townhouse,665545.0,620000.0,421.0735645252985,26.0,21.0,4.0,1.0165272285696427,0.3846153846153846
2013-06-01,2013-08-31,Zip Code: 98102,Single Family Residential,891000.0,744974.5,301.15267487841464,22.0,22.0,19.0,1.0070339820817136,0.3636363636363636
2015-02-01,2015-04-30,Zip Code: 98122,Single Family Residential,552750.0,679900.0,324.9487004103968,50.0,67.0,24.0,1.0139769903569773,0.44
2014-05-01,2014-07-31,Zip Code: 98117,Single Family Residential,549900.0,535000.0,289.1891891891892,153.0,187.0,52.0,1.0386753449816717,0.6339869281045751
2012-01-01,2012-03-31,Zip Code: 98105,Condo/Co-op,277500.0,247000.0,258.4380899755952,6.0,14.0,17.0,0.9609373743047344,0.0
2020-01-01,2020-03-31,Zip Code: 98109,Multi-Family (2-4 Unit),1180000.0,995000.0,444.2972350230416,4.0,3.0,2.0,1.0492466794115152,0.5
2013-06-01,2013-08-31,Zip Code: 98104,All Residential,290000.0,361500.0,315.5339805825243,19.0,22.0,22.0,0.9943976613055898,0.3157894736842105
2015-08-01,2015-10-31,Zip Code: 98117,Single Family Residential,600000.0,575000.0,324.2647058823529,145.0,146.0,28.0,1.050461080550006,0.6344827586206897
2020-11-01,2021-01-31,Zip Code: 98106,Single Family Residential,599475.0,575000.0,345.31381134829405,92.0,51.0,17.0,0.9994833933463,0.3043478260869565
2012-08-01,2012-10-31,Zip Code: 98118,Condo/Co-op,154900.0,169900.0,191.47095179233625,5.0,5.0,4.0,0.9905892857142856,0.0
2018-11-01,2019-01-31,Zip Code: 98115,Condo/Co-op,450150.0,350000.0,404.6554004182556,20.0,15.0,10.0,0.9827479915932132,0.0
2015-07-01,2015-09-30,Zip Code: 98116,All Residential,625000.0,619000.0,331.00771715721464,129.0,131.0,46.0,1.0177730837048191,0.441860465116279
2022-09-01,2022-11-30,Zip Code: 98119,Multi-Family (2-4 Unit),1117500.0,850000.0,349.86772486772486,2.0,1.0,2.0,0.9352179968618324,0.0
2016-04-01,2016-06-30,Zip Code: 98108,Single Family Residential,463000.0,409950.0,270.418991025952,86.0,79.0,18.0,1.063868297815166,0.5581395348837209
2014-04-01,2014-06-30,Zip Code: 98107,All Residential,477000.0,479975.0,344.13793103448273,141.0,158.0,50.0,1.0347549933743074,0.5957446808510638
2012-05-01,2012-07-31,Zip Code: 98107,Condo/Co-op,234000.0,249972.5,285.772618187749,32.0,30.0,19.0,0.9820208086947152,0.09375
2022-06-01,2022-08-31,Zip Code: 98116,Townhouse,850000.0,899000.0,542.4657534246576,15.0,23.0,8.0,0.9972838162265084,0.2
2013-12-01,2014-02-28,Zip Code: 98117,Condo/Co-op,295000.0,538750.0,250.0,9.0,6.0,3.0,0.9488753022432196,0.0
2014-02-01,2014-04-30,Zip Code: 98116,Single Family Residential,555600.0,574000.0,284.09090909090907,59.0,92.0,33.0,1.026483998968318,0.5423728813559322
2017-02-01,2017-04-30,Zip Code: 98116,Townhouse,617500.0,584950.0,419.562455247346,40.0,29.0,7.0,1.0136460362599573,0.375
2016-11-01,2017-01-31,Zip Code: 98136,All Residential,541250.0,519800.0,350.48732943469787,73.0,39.0,16.0,1.0094235990716562,0.3698630136986301
2019-04-01,2019-06-30,Zip Code: 98144,Multi-Family (2-4 Unit),770995.0,933500.0,359.1675946670181,3.0,4.0,2.0,0.992114349810474,0.3333333333333333
2013-10-01,2013-12-31,Zip Code: 98178,Condo/Co-op,70700.0,59750.0,62.99433312695452,2.0,2.0,2.0,0.9099835058724068,0.0
2022-12-01,2023-02-28,Zip Code: 98115,Townhouse,800000.0,799950.0,582.7220863895681,11.0,21.0,12.0,0.9881850510212336,0.3636363636363636
2018-02-01,2018-04-30,Zip Code: 98102,All Residential,727000.0,795000.0,615.0986842105264,96.0,131.0,35.0,1.052391993323644,0.53125
2020-10-01,2020-12-31,Zip Code: 98119,Multi-Family (2-4 Unit),925000.0,900000.0,483.8709677419354,3.0,4.0,,0.963691279480753,0.0
2013-02-01,2013-04-30,Zip Code: 98144,Townhouse,339500.0,349950.0,229.6052631578948,12.0,29.0,16.0,0.9956109190263552,0.5
2019-01-01,2019-03-31,Zip Code: 98112,All Residential,996500.0,1149000.0,557.1101355220462,72.0,102.0,48.0,0.9920543559646277,0.2638888888888889
2017-08-01,2017-10-31,Zip Code: 98107,Multi-Family (2-4 Unit),1032500.0,975000.0,469.3369738238415,6.0,8.0,2.0,1.044460273982481,0.5
2012-10-01,2012-12-31,Zip Code: 98102,Single Family Residential,685000.0,810000.0,306.4102564102564,21.0,18.0,8.0,0.9947072847564038,0.3333333333333333
2020-05-01,2020-07-31,Zip Code: 98108,Single Family Residential,659950.0,692500.0,354.25925925925924,48.0,70.0,25.0,1.0057461591862635,0.4375
2019-05-01,2019-07-31,Zip Code: 98117,All Residential,770000.0,785000.0,436.5548980933596,193.0,229.0,88.0,1.011487451106134,0.3937823834196891
2014-03-01,2014-05-31,Zip Code: 98136,Single Family Residential,505050.0,520000.0,257.0075757575757,58.0,74.0,26.0,1.0215446598635247,0.4482758620689655
2013-12-01,2014-02-28,Zip Code: 98119,Single Family Residential,820000.0,759000.0,341.32947976878614,27.0,21.0,4.0,0.995304520944945,0.2592592592592592
2013-11-01,2014-01-31,Zip Code: 98119,Condo/Co-op,299975.0,335000.0,302.7030564827541,30.0,35.0,31.0,0.978977988827817,0.1666666666666666
2018-07-01,2018-09-30,Zip Code: 98117,All Residential,753750.0,775000.0,430.4113089350478,172.0,212.0,76.0,1.0125447025268377,0.3430232558139534
2020-08-01,2020-10-31,Zip Code: 98107,Single Family Residential,925000.0,942500.0,528.8461538461538,69.0,80.0,20.0,1.0159217899123587,0.4782608695652174
2019-04-01,2019-06-30,Zip Code: 98108,Multi-Family (2-4 Unit),640000.0,625000.0,299.50657894736844,2.0,3.0,2.0,1.0491944341845714,0.5
2020-09-01,2020-11-30,Zip Code: 98105,Condo/Co-op,440000.0,399000.0,516.0,17.0,23.0,14.0,0.9793121028131048,0.1176470588235294
2015-05-01,2015-07-31,Zip Code: 98106,All Residential,350000.0,339900.0,225.5434782608696,165.0,159.0,48.0,1.0334041977023292,0.5575757575757576
2022-03-01,2022-05-31,Zip Code: 98119,All Residential,832475.0,950000.0,666.1541895609951,144.0,169.0,42.0,1.0556923445815574,0.6319444444444444
2020-12-01,2021-02-28,Zip Code: 98107,Single Family Residential,954000.0,967500.0,544.6428571428571,47.0,40.0,11.0,1.034204449351279,0.4893617021276595
2021-02-01,2021-04-30,Zip Code: 98109,All Residential,769975.0,829000.0,602.7918781725888,144.0,167.0,64.0,0.9989607355400713,0.2638888888888889
2020-06-01,2020-08-31,Zip Code: 98105,Townhouse,737475.0,744950.0,573.9299610894941,16.0,21.0,6.0,0.9988165330372746,0.375
2022-12-01,2023-02-28,Zip Code: 98144,Multi-Family (2-4 Unit),1036000.0,862500.0,531.8275154004107,1.0,2.0,1.0,0.9443938012762078,0.0
2012-01-01,2012-03-31,Zip Code: 98144,Multi-Family (2-4 Unit),233750.0,454990.0,115.72726981553708,2.0,3.0,4.0,0.9922844380273428,0.5
2013-10-01,2013-12-31,Zip Code: 98102,Condo/Co-op,312000.0,269900.0,370.6758304696449,63.0,43.0,21.0,0.9970768266687012,0.2539682539682539
2018-04-01,2018-06-30,Zip Code: 98107,All Residential,840000.0,749975.0,561.5950589461186,135.0,168.0,35.0,1.0621159582535749,0.6222222222222222
2017-06-01,2017-08-31,Zip Code: 98107,Multi-Family (2-4 Unit),1015000.0,1175000.0,492.1484375,3.0,3.0,1.0,1.0136752136752136,0.3333333333333333
2022-12-01,2023-02-28,Zip Code: 98115,Multi-Family (2-4 Unit),1172500.0,2000000.0,388.2450331125828,1.0,1.0,1.0,0.8086206896551724,0.0
2020-02-01,2020-04-30,Zip Code: 98144,All Residential,700000.0,727500.0,496.6442953020134,111.0,144.0,58.0,1.0087834273552887,0.3513513513513513
2020-04-01,2020-06-30,Zip Code: 98106,Single Family Residential,581000.0,595000.0,400.34722222222223,54.0,95.0,38.0,1.0233149425339845,0.5925925925925924
2019-08-01,2019-10-31,Zip Code: 98134,Condo/Co-op,543000.0,,707.03125,1.0,,,0.9713774597495528,0.0
2018-07-01,2018-09-30,Zip Code: 98136,Single Family Residential,815000.0,779000.0,374.8847926267281,67.0,95.0,45.0,1.0090428987716278,0.3880597014925373
2023-06-01,2023-08-31,Zip Code: 98105,Multi-Family (2-4 Unit),965000.0,1360000.0,397.9381443298969,1.0,2.0,2.0,0.919135155729117,0.0
2021-09-01,2021-11-30,Zip Code: 98116,Single Family Residential,996500.0,912490.0,492.67730496453896,82.0,70.0,6.0,1.0515986450361978,0.5853658536585366
2015-08-01,2015-10-31,Zip Code: 98178,All Residential,317750.0,329950.0,180.625,89.0,105.0,53.0,1.01424229182683,0.4269662921348314
2016-08-01,2016-10-31,Zip Code: 98118,All Residential,474950.0,465000.0,269.119094488189,169.0,204.0,74.0,1.0321903432760835,0.4852071005917159
2013-06-01,2013-08-31,Zip Code: 98119,Condo/Co-op,292500.0,294850.0,355.73888091822096,40.0,48.0,42.0,0.9882947545903716,0.225
2017-03-01,2017-05-31,Zip Code: 98134,All Residential,1234419.0,487495.0,553.0551075268817,3.0,2.0,1.0,1.0598671810325673,0.3333333333333333
2013-06-01,2013-08-31,Zip Code: 98116,Townhouse,429500.0,437475.0,290.8496732026144,19.0,28.0,9.0,0.9962538739614208,0.2105263157894736
2012-03-01,2012-05-31,Zip Code: 98118,All Residential,232500.0,274925.0,141.09347442680777,133.0,182.0,123.0,0.9850591815845586,0.263157894736842
2015-01-01,2015-03-31,Zip Code: 98116,Multi-Family (2-4 Unit),1005000.0,575000.0,492.6470588235293,1.0,3.0,1.0,0.9436619718309858,0.0
2017-11-01,2018-01-31,Zip Code: 98133,Condo/Co-op,300000.0,299950.0,340.0735294117647,43.0,27.0,6.0,1.0168416420884534,0.5348837209302325
2019-12-01,2020-02-29,Zip Code: 98117,Multi-Family (2-4 Unit),1235000.0,1397500.0,403.5947712418301,3.0,2.0,3.0,0.9254280363830923,0.0
2015-01-01,2015-03-31,Zip Code: 98104,All Residential,383500.0,270000.0,402.2102747909199,16.0,23.0,12.0,0.976917896617354,0.0625
2022-02-01,2022-04-30,Zip Code: 98117,Condo/Co-op,620000.0,719000.0,763.8888888888889,3.0,7.0,2.0,1.0476190476190477,0.3333333333333333
2013-07-01,2013-09-30,Zip Code: 98133,Condo/Co-op,161250.0,179950.0,165.3846897409129,28.0,37.0,21.0,0.9903832422707805,0.3214285714285714
2020-08-01,2020-10-31,Zip Code: 98105,Townhouse,765475.0,789500.0,605.6167282280896,22.0,23.0,11.0,1.0021207926517208,0.3636363636363636
2012-07-01,2012-09-30,Zip Code: 98106,Townhouse,167500.0,249000.0,128.1045751633987,13.0,13.0,14.0,0.9853577317097532,0.2307692307692307
2017-06-01,2017-08-31,Zip Code: 98112,Multi-Family (2-4 Unit),1123000.0,1350000.0,457.061457061457,3.0,1.0,1.0,1.0664389664389664,0.3333333333333333
2023-11-01,2024-01-31,Zip Code: 98136,Townhouse,702500.0,764000.0,493.7037037037037,2.0,4.0,4.0,1.0111940298507462,0.5
2014-02-01,2014-04-30,Zip Code: 98115,Condo/Co-op,190525.0,211950.0,196.32970443577364,24.0,24.0,5.0,1.0139524382527887,0.4166666666666666
2023-08-01,2023-10-31,Zip Code: 98122,Single Family Residential,1192500.0,1175000.0,579.8767788962166,42.0,47.0,16.0,1.0098465049936225,0.4523809523809523
2018-12-01,2019-02-28,Zip Code: 98178,Condo/Co-op,144944.0,149888.0,253.39860139860136,2.0,3.0,2.0,0.9841802986829936,0.5
2023-12-01,2024-02-29,Zip Code: 98105,Multi-Family (2-4 Unit),1460000.0,1700000.0,487.31642189586114,1.0,5.0,4.0,0.9864864864864864,0.0
2017-05-01,2017-07-31,Zip Code: 98115,Townhouse,821990.0,842439.0,496.9891826923077,24.0,22.0,7.0,1.0262838829570131,0.4583333333333333
2020-02-01,2020-04-30,Zip Code: 98126,Townhouse,575000.0,560000.0,435.7409735316712,32.0,31.0,5.0,1.014320689068417,0.53125
2016-05-01,2016-07-31,Zip Code: 98117,Condo/Co-op,520000.0,385000.0,542.7974947807933,5.0,9.0,2.0,1.0611322841849669,0.8
2017-12-01,2018-02-28,Zip Code: 98144,Townhouse,700000.0,699950.0,475.1451329129956,38.0,27.0,5.0,1.0240918025667505,0.3947368421052631
2018-02-01,2018-04-30,Zip Code: 98104,All Residential,612500.0,681900.0,873.9776575625633,74.0,47.0,13.0,1.0184935436061742,0.2837837837837837
2019-05-01,2019-07-31,Zip Code: 98178,Condo/Co-op,165000.0,167475.0,202.2058823529412,5.0,8.0,1.0,1.024419729757726,0.5999999999999999
2012-03-01,2012-05-31,Zip Code: 98125,Condo/Co-op,142500.0,159000.0,131.81101310386134,20.0,17.0,13.0,0.964993862058525,0.25
2019-04-01,2019-06-30,Zip Code: 98122,Condo/Co-op,440000.0,452000.0,673.3524355300859,41.0,63.0,28.0,0.9952131831421794,0.2439024390243902
2016-05-01,2016-07-31,Zip Code: 98122,Townhouse,655000.0,650000.0,432.0987654320988,47.0,40.0,7.0,1.0264227415387726,0.4468085106382978
2015-06-01,2015-08-31,Zip Code: 98118,Single Family Residential,418000.0,414975.0,238.5649712355036,150.0,148.0,67.0,1.0395702096336463,0.5066666666666667
2019-10-01,2019-12-31,Zip Code: 98118,Multi-Family (2-4 Unit),572500.0,925000.0,386.34290925672593,2.0,1.0,,0.950519095291064,0.0
2013-09-01,2013-11-30,Zip Code: 98118,Single Family Residential,327959.0,314950.0,175.5984251968504,128.0,103.0,80.0,1.0012586072902256,0.34375
2012-10-01,2012-12-31,Zip Code: 98116,Single Family Residential,499975.0,475000.0,251.6747621938879,68.0,47.0,25.0,0.976137327160124,0.1911764705882352
2022-04-01,2022-06-30,Zip Code: 98136,Townhouse,778500.0,724495.0,573.5554396900566,16.0,24.0,7.0,1.0529774574315522,0.75
2018-05-01,2018-07-31,Zip Code: 98122,Multi-Family (2-4 Unit),899980.0,974995.0,488.41059602649005,7.0,8.0,2.0,0.9992526188496836,0.2857142857142857
2023-12-01,2024-02-29,Zip Code: 98112,Condo/Co-op,518975.0,795000.0,749.3884989848284,6.0,11.0,8.0,0.9819374845682476,0.0
2019-02-01,2019-04-30,Zip Code: 98134,Condo/Co-op,397250.0,,304.3478260869565,3.0,,,0.9763574613493352,0.3333333333333333
2020-04-01,2020-06-30,Zip Code: 98116,Single Family Residential,885000.0,860000.0,434.1756850103615,60.0,99.0,30.0,1.004990028152157,0.3833333333333333
2015-01-01,2015-03-31,Zip Code: 98178,All Residential,265000.0,299000.0,160.71428571428572,71.0,79.0,45.0,1.014698548864011,0.4647887323943661
2019-02-01,2019-04-30,Zip Code: 98107,Multi-Family (2-4 Unit),1129625.0,1325000.0,348.36065573770486,4.0,8.0,2.0,0.9816792929292928,0.0
2012-06-01,2012-08-31,Zip Code: 98144,Single Family Residential,402000.0,389000.0,205.2944354403025,65.0,78.0,56.0,1.0170510124308574,0.4
2019-04-01,2019-06-30,Zip Code: 98199,Single Family Residential,1050000.0,1064500.0,453.2710280373832,97.0,152.0,66.0,1.0097664495820415,0.3917525773195876
2022-11-01,2023-01-31,Zip Code: 98105,Single Family Residential,1295000.0,1400000.0,556.5068493150685,35.0,25.0,12.0,0.97048936932679,0.0857142857142857
2019-07-01,2019-09-30,Zip Code: 98178,All Residential,459000.0,480990.0,269.2307692307692,101.0,105.0,72.0,1.0013246300036176,0.3465346534653465
2019-01-01,2019-03-31,Zip Code: 98112,Multi-Family (2-4 Unit),930000.0,,237.85166240409208,1.0,,,0.7439999999999999,0.0
2017-10-01,2017-12-31,Zip Code: 98125,All Residential,580000.0,585000.0,344.74389019082696,136.0,82.0,9.0,1.0300784115957513,0.5294117647058822
2017-07-01,2017-09-30,Zip Code: 98133,Single Family Residential,600000.0,579769.0,335.16483516483515,153.0,175.0,49.0,1.055338733484413,0.6470588235294118
2014-08-01,2014-10-31,Zip Code: 98105,Single Family Residential,673662.0,680000.0,319.51474344091014,70.0,73.0,31.0,1.0113774508721705,0.4
2023-10-01,2023-12-31,Zip Code: 98112,Condo/Co-op,512500.0,449950.0,735.7141059044167,10.0,7.0,5.0,0.9790158642270604,0.0
2014-03-01,2014-05-31,Zip Code: 98118,Condo/Co-op,194900.0,210000.0,269.4877505567929,3.0,3.0,6.0,1.0178611456555016,0.3333333333333333
2018-03-01,2018-05-31,Zip Code: 98122,Single Family Residential,916000.0,949500.0,541.1255411255411,45.0,64.0,12.0,1.081316436769141,0.6444444444444444
2017-01-01,2017-03-31,Zip Code: 98119,Single Family Residential,1300000.0,1038000.0,486.4130434782609,21.0,45.0,22.0,1.0348454923400807,0.619047619047619
2018-02-01,2018-04-30,Zip Code: 98118,Townhouse,584400.0,568800.0,415.9514925373135,20.0,24.0,9.0,1.042522240029879,0.55
2023-01-01,2023-03-31,Zip Code: 98116,All Residential,837500.0,969000.0,584.911234764176,72.0,85.0,25.0,1.0138409101699486,0.3194444444444444
2012-08-01,2012-10-31,Zip Code: 98177,Townhouse,222000.0,337499.5,154.5023618483703,2.0,2.0,2.0,0.9981992797118848,0.0
2022-02-01,2022-04-30,Zip Code: 98177,All Residential,1173194.0,1142500.0,601.4341261425036,62.0,90.0,15.0,1.1232576556125329,0.8064516129032256
2023-12-01,2024-02-29,Zip Code: 98144,Multi-Family (2-4 Unit),910000.0,1500000.0,441.5084820583969,2.0,1.0,2.0,0.9381883368467536,0.0
2017-06-01,2017-08-31,Zip Code: 98119,Single Family Residential,1001779.0,995000.0,486.8392720109038,82.0,67.0,14.0,1.0170345286849705,0.3658536585365853
2016-04-01,2016-06-30,Zip Code: 98109,Condo/Co-op,420000.0,419800.0,519.118656469084,90.0,89.0,29.0,1.0393272666703086,0.6222222222222222
2018-04-01,2018-06-30,Zip Code: 98102,All Residential,779950.0,699400.0,646.7213114754097,121.0,146.0,41.0,1.0342447596802755,0.4297520661157024
2014-01-01,2014-03-31,Zip Code: 98116,Condo/Co-op,407500.0,339975.0,376.269621421976,13.0,32.0,22.0,0.9812290136908765,0.0769230769230769
2021-11-01,2022-01-31,Zip Code: 98115,All Residential,855750.0,880000.0,541.3385826771654,166.0,129.0,17.0,1.0517488866558555,0.5060240963855421
2023-11-01,2024-01-31,Zip Code: 98144,Condo/Co-op,699900.0,689000.0,631.4363143631437,15.0,9.0,7.0,1.0034916249286077,0.2
2015-04-01,2015-06-30,Zip Code: 98115,Multi-Family (2-4 Unit),595500.0,484475.0,296.9251150467159,8.0,4.0,1.0,0.9926382762264608,0.125
2018-11-01,2019-01-31,Zip Code: 98116,Multi-Family (2-4 Unit),918000.0,925000.0,386.2902947172028,4.0,1.0,2.0,1.012021597132644,0.25
2014-08-01,2014-10-31,Zip Code: 98115,Condo/Co-op,248000.0,254500.0,254.6296296296296,26.0,34.0,14.0,0.991577151600998,0.2692307692307692
2016-05-01,2016-07-31,Zip Code: 98126,All Residential,470000.0,474700.0,334.6812592228234,156.0,190.0,39.0,1.0490479870293932,0.6217948717948718
2012-11-01,2013-01-31,Zip Code: 98177,All Residential,467500.0,425000.0,203.8961038961039,60.0,39.0,41.0,0.9861962996981622,0.2
2014-09-01,2014-11-30,Zip Code: 98112,All Residential,808000.0,975000.0,372.5490196078432,89.0,83.0,34.0,1.0000795007404544,0.2808988764044944
2017-08-01,2017-10-31,Zip Code: 98177,Townhouse,545000.0,625000.0,328.31325301204816,1.0,3.0,2.0,1.052123552123552,1.0
2019-08-01,2019-10-31,Zip Code: 98108,Townhouse,470000.0,569000.0,423.74517374517376,9.0,11.0,9.0,0.9933257958650246,0.1111111111111111
2017-08-01,2017-10-31,Zip Code: 98101,Condo/Co-op,720000.0,810000.0,769.2307692307693,43.0,67.0,32.0,1.0465079635673895,0.6046511627906976
2023-03-01,2023-05-31,Zip Code: 98144,Multi-Family (2-4 Unit),717000.0,899900.0,397.0406469068995,2.0,7.0,3.0,0.9964270152505446,0.5
2016-06-01,2016-08-31,Zip Code: 98134,Condo/Co-op,266250.0,995000.0,289.8596856397368,2.0,3.0,3.0,0.9992138364779874,0.0
2020-08-01,2020-10-31,Zip Code: 98126,Single Family Residential,678000.0,649450.0,400.58479532163744,161.0,158.0,42.0,1.0104306914255428,0.3788819875776397
2015-11-01,2016-01-31,Zip Code: 98177,All Residential,634000.0,645000.0,278.92561983471074,69.0,45.0,17.0,1.004423854426843,0.4057971014492753
2021-07-01,2021-09-30,Zip Code: 98115,Condo/Co-op,435625.0,465000.0,528.2021425244527,46.0,47.0,12.0,1.0171295587117937,0.4347826086956521
2021-12-01,2022-02-28,Zip Code: 98144,Condo/Co-op,415500.0,407450.0,591.82246833708,18.0,18.0,4.0,1.0042306913224883,0.2777777777777777
2013-03-01,2013-05-31,Zip Code: 98199,All Residential,575000.0,549950.0,275.0,121.0,170.0,65.0,1.016669121022863,0.4545454545454545
2015-11-01,2016-01-31,Zip Code: 98106,All Residential,346000.0,357000.0,221.85741088180112,88.0,74.0,24.0,1.009266830570584,0.4204545454545454
2021-01-01,2021-03-31,Zip Code: 98199,Townhouse,742500.0,689950.0,555.7204560043391,26.0,26.0,2.0,1.0025362660509287,0.1923076923076923
2018-11-01,2019-01-31,Zip Code: 98116,Condo/Co-op,495000.0,403500.0,495.9159859976663,19.0,18.0,9.0,0.9836080835590004,0.0
2017-01-01,2017-03-31,Zip Code: 98126,Single Family Residential,549950.0,529000.0,338.7096774193548,73.0,77.0,17.0,1.040713623553896,0.5753424657534246
2023-06-01,2023-08-31,Zip Code: 98199,All Residential,1095000.0,1049000.0,599.1379310344828,97.0,108.0,46.0,1.006968329618371,0.3917525773195876
2013-09-01,2013-11-30,Zip Code: 98146,All Residential,309950.0,289250.0,156.4327485380117,89.0,98.0,84.0,0.9858567376281084,0.2921348314606741
2021-07-01,2021-09-30,Zip Code: 98115,Single Family Residential,1062500.0,999950.0,545.2262345880195,196.0,191.0,27.0,1.0723198856584804,0.5816326530612244
2017-01-01,2017-03-31,Zip Code: 98134,Condo/Co-op,950000.0,,657.8947368421053,1.0,,,0.9547738693467336,0.0
2012-05-01,2012-07-31,Zip Code: 98118,All Residential,270000.0,294790.0,155.38664904163917,148.0,152.0,127.0,1.0003049307559373,0.3175675675675675
2013-04-01,2013-06-30,Zip Code: 98104,All Residential,288000.0,349000.0,289.0625,11.0,23.0,19.0,0.9950597674596096,0.2727272727272727
2021-07-01,2021-09-30,Zip Code: 98119,Condo/Co-op,464500.0,475000.0,567.0390498364868,64.0,73.0,25.0,1.0051334634622278,0.28125
2018-05-01,2018-07-31,Zip Code: 98118,All Residential,650000.0,585000.0,383.4375225843752,146.0,196.0,76.0,1.064877377156621,0.5205479452054794
2023-10-01,2023-12-31,Zip Code: 98107,Multi-Family (2-4 Unit),2842500.0,1420000.0,1036.3814938832345,2.0,3.0,4.0,0.96875,0.0
2017-10-01,2017-12-31,Zip Code: 98112,All Residential,1135000.0,1025000.0,535.0,96.0,50.0,21.0,1.014992783525969,0.4270833333333333
2013-07-01,2013-09-30,Zip Code: 98109,All Residential,402500.0,412450.0,363.7594910732609,102.0,134.0,70.0,1.002786497117707,0.3235294117647059
2023-02-01,2023-04-30,Zip Code: 98108,Townhouse,565000.0,582500.0,459.3639575971732,11.0,16.0,10.0,1.0035962711516804,0.5454545454545454
2020-12-01,2021-02-28,Zip Code: 98116,Condo/Co-op,671500.0,575000.0,536.2903225806451,22.0,25.0,20.0,0.985470654652218,0.1818181818181818
2013-01-01,2013-03-31,Zip Code: 98136,Townhouse,454500.0,374950.0,281.87972919155715,4.0,5.0,4.0,0.976636114144067,0.0
2017-03-01,2017-05-31,Zip Code: 98178,Townhouse,149975.0,139999.0,129.09134850458534,2.0,3.0,,1.1488312289231173,1.0
2018-08-01,2018-10-31,Zip Code: 98109,All Residential,801000.0,788450.0,576.9230769230769,67.0,142.0,79.0,0.99838922183717,0.1940298507462686
2020-03-01,2020-05-31,Zip Code: 98108,Single Family Residential,671975.0,672500.0,366.7192192192192,38.0,54.0,20.0,1.0223510888481993,0.4210526315789473
2016-05-01,2016-07-31,Zip Code: 98125,Single Family Residential,567300.0,555000.0,319.8863636363636,111.0,144.0,43.0,1.0756099707517504,0.6936936936936937
2022-02-01,2022-04-30,Zip Code: 98122,Condo/Co-op,485500.0,475000.0,652.2623664693475,60.0,71.0,16.0,1.0238229698853003,0.5
2018-03-01,2018-05-31,Zip Code: 98107,Condo/Co-op,530500.0,516999.5,730.2709069493521,41.0,38.0,8.0,1.0562742076886409,0.7073170731707316
2012-05-01,2012-07-31,Zip Code: 98102,Single Family Residential,681000.0,849000.0,213.5087719298245,15.0,21.0,14.0,0.9880962642505212,0.2
2015-02-01,2015-04-30,Zip Code: 98144,All Residential,452000.0,479950.0,294.04702581234096,130.0,139.0,34.0,1.0190643653613018,0.4769230769230769
2016-10-01,2016-12-31,Zip Code: 98144,Multi-Family (2-4 Unit),710000.0,694950.0,296.05555555555554,3.0,2.0,,0.99995938728689,0.3333333333333333
2020-02-01,2020-04-30,Zip Code: 98178,Condo/Co-op,193000.0,175000.0,226.88593232930373,2.0,3.0,,1.036,1.0
2023-06-01,2023-08-31,Zip Code: 98126,Condo/Co-op,355000.0,404499.5,539.8550724637681,17.0,22.0,9.0,0.9934840951284192,0.1764705882352941
2020-06-01,2020-08-31,Zip Code: 98133,All Residential,630000.0,607999.5,393.5185185185185,225.0,252.0,68.0,1.0199151612801078,0.4622222222222222
2023-11-01,2024-01-31,Zip Code: 98112,Single Family Residential,1482000.0,2124500.0,576.9230769230769,25.0,24.0,11.0,0.9650736340688744,0.12
2018-11-01,2019-01-31,Zip Code: 98102,Multi-Family (2-4 Unit),1700000.0,1550000.0,470.40265374627904,4.0,4.0,2.0,0.9569128787878788,0.0
2022-07-01,2022-09-30,Zip Code: 98125,All Residential,760000.0,749050.0,471.3483146067416,125.0,138.0,57.0,1.001014396850534,0.272
2023-02-01,2023-04-30,Zip Code: 98112,Townhouse,955000.0,982500.0,710.0371747211896,9.0,16.0,5.0,0.9822468204112154,0.1111111111111111
2019-12-01,2020-02-29,Zip Code: 98133,All Residential,536525.0,554950.0,358.6630036630037,140.0,98.0,34.0,0.9939350808962872,0.2785714285714285
2022-09-01,2022-11-30,Zip Code: 98146,Multi-Family (2-4 Unit),845000.0,600000.0,309.79928816504764,2.0,2.0,2.0,0.8993246417665022,0.0
2014-01-01,2014-03-31,Zip Code: 98118,Condo/Co-op,145000.0,201880.0,219.06522433703043,4.0,7.0,5.0,1.0135101010101013,0.25
2021-04-01,2021-06-30,Zip Code: 98102,Single Family Residential,1450000.0,1575000.0,549.2493592090809,27.0,35.0,8.0,1.009040108125757,0.2592592592592592
2017-08-01,2017-10-31,Zip Code: 98144,All Residential,700000.0,684950.0,438.2350186443754,148.0,160.0,45.0,1.0339456357500616,0.4662162162162162
2015-05-01,2015-07-31,Zip Code: 98133,Multi-Family (2-4 Unit),417500.0,650000.0,227.57975034674064,4.0,6.0,4.0,1.0349735102360975,0.75
2019-12-01,2020-02-29,Zip Code: 98177,All Residential,860000.0,784975.0,355.6034482758621,79.0,40.0,10.0,0.9881448703032476,0.240506329113924
2016-09-01,2016-11-30,Zip Code: 98126,Townhouse,455000.0,454950.0,304.3170559094126,19.0,15.0,2.0,1.0219412614827703,0.4736842105263157
2017-12-01,2018-02-28,Zip Code: 98102,Townhouse,912500.0,929900.0,610.2428080077352,18.0,15.0,3.0,0.9990629126643616,0.1666666666666666
2023-05-01,2023-07-31,Zip Code: 98144,Multi-Family (2-4 Unit),1062000.0,1300000.0,369.17416189697457,3.0,5.0,3.0,1.026504879408478,0.6666666666666666
2019-11-01,2020-01-31,Zip Code: 98105,Single Family Residential,955000.0,990000.0,463.728813559322,45.0,22.0,14.0,0.9805818902401436,0.2
2014-08-01,2014-10-31,Zip Code: 98136,Townhouse,372000.0,379500.0,290.1921322290848,12.0,13.0,3.0,0.9922604377020918,0.25
2015-06-01,2015-08-31,Zip Code: 98133,Condo/Co-op,168750.0,179975.0,232.67326732673268,56.0,62.0,23.0,1.0157951527053293,0.4285714285714285
2014-11-01,2015-01-31,Zip Code: 98178,Single Family Residential,268000.0,264990.0,169.40298507462686,75.0,65.0,52.0,0.9930567263286912,0.2933333333333333
2023-09-01,2023-11-30,Zip Code: 98122,Townhouse,869000.0,827000.0,629.1229742612012,31.0,50.0,29.0,0.991369961183843,0.2580645161290322
2019-09-01,2019-11-30,Zip Code: 98122,Single Family Residential,915000.0,899500.0,496.6887417218544,49.0,60.0,21.0,1.0027815260685264,0.3061224489795918
2013-11-01,2014-01-31,Zip Code: 98115,Single Family Residential,520000.0,499000.0,260.24734982332154,99.0,65.0,22.0,1.0006356039189612,0.3838383838383838
2022-06-01,2022-08-31,Zip Code: 98133,Single Family Residential,860000.0,800000.0,496.8798151001541,130.0,144.0,44.0,1.0281469494289093,0.4615384615384615
2021-02-01,2021-04-30,Zip Code: 98108,Multi-Family (2-4 Unit),750000.0,919995.0,232.05445544554456,1.0,1.0,2.0,1.0,0.0
2012-05-01,2012-07-31,Zip Code: 98125,Single Family Residential,342000.0,349900.0,203.76344086021504,89.0,102.0,46.0,0.9964263179816484,0.3595505617977528
2019-11-01,2020-01-31,Zip Code: 98102,Single Family Residential,1355000.0,1200000.0,517.5517551755177,14.0,8.0,7.0,0.9851813081487546,0.1428571428571428
2016-04-01,2016-06-30,Zip Code: 98116,Townhouse,619950.0,624990.0,397.1232020012508,33.0,35.0,6.0,1.0087188333841612,0.3333333333333333
2014-08-01,2014-10-31,Zip Code: 98125,Single Family Residential,436000.0,425000.0,232.62910798122067,107.0,129.0,56.0,1.0126061170925271,0.4672897196261682
2013-02-01,2013-04-30,Zip Code: 98122,Single Family Residential,525000.0,599950.0,259.36692506459946,66.0,65.0,17.0,1.0017966628812938,0.4242424242424242
2015-01-01,2015-03-31,Zip Code: 98107,All Residential,530000.0,488000.0,378.0313837375178,79.0,149.0,37.0,1.0142480167819423,0.3924050632911392
2019-03-01,2019-05-31,Zip Code: 98107,Single Family Residential,850500.0,854975.0,517.5419337841398,70.0,94.0,17.0,1.0181182852117172,0.3857142857142857
2019-12-01,2020-02-29,Zip Code: 98108,All Residential,579500.0,588900.0,331.7466956667224,72.0,56.0,27.0,0.98060456614281,0.2361111111111111
2014-12-01,2015-02-28,Zip Code: 98112,Condo/Co-op,388000.0,485000.0,398.157625383828,9.0,6.0,4.0,0.996596033553438,0.3333333333333333
2017-03-01,2017-05-31,Zip Code: 98144,Townhouse,615000.0,637500.0,419.06693711967546,59.0,52.0,14.0,1.027751422578142,0.3728813559322034
2020-03-01,2020-05-31,Zip Code: 98105,All Residential,1000000.0,1037500.0,485.2941176470589,69.0,106.0,37.0,1.0148826327432914,0.3913043478260869
2013-05-01,2013-07-31,Zip Code: 98199,Multi-Family (2-4 Unit),445000.0,475000.0,234.34343434343435,2.0,5.0,4.0,0.9667269439421337,0.0
2022-10-01,2022-12-31,Zip Code: 98108,Single Family Residential,742500.0,697000.0,428.46996753246754,26.0,30.0,22.0,0.9776309773502424,0.1153846153846153
2023-06-01,2023-08-31,Zip Code: 98118,Townhouse,650000.0,657475.0,492.31613611416026,25.0,42.0,23.0,0.9969981880361128,0.2
2023-07-01,2023-09-30,Zip Code: 98119,Condo/Co-op,462000.0,499475.0,598.6023377605011,26.0,40.0,25.0,0.9870146192566,0.0769230769230769
2014-05-01,2014-07-31,Zip Code: 98102,Townhouse,591500.0,684950.0,408.1280392696577,16.0,27.0,11.0,1.005663219818468,0.25
2022-03-01,2022-05-31,Zip Code: 98125,Multi-Family (2-4 Unit),870000.0,750000.0,310.6508875739645,3.0,1.0,,1.0446615408146895,0.6666666666666666
2012-05-01,2012-07-31,Zip Code: 98122,Townhouse,414500.0,369900.0,280.06622516556286,18.0,7.0,2.0,1.0066660367745963,0.4444444444444444
2023-10-01,2023-12-31,Zip Code: 98199,All Residential,1200000.0,998000.0,577.0833333333334,63.0,55.0,21.0,0.9965177488652234,0.2063492063492063
2016-11-01,2017-01-31,Zip Code: 98177,Townhouse,412500.0,309900.0,304.04255319148933,2.0,3.0,1.0,1.0426109160548993,0.5
2023-05-01,2023-07-31,Zip Code: 98105,Multi-Family (2-4 Unit),1407500.0,1850000.0,451.7013126021069,2.0,3.0,3.0,0.9222989435474,0.0
2016-09-01,2016-11-30,Zip Code: 98112,Condo/Co-op,480000.0,675000.0,576.5199161425577,13.0,11.0,2.0,1.021097528875655,0.4615384615384615
2016-04-01,2016-06-30,Zip Code: 98134,All Residential,310050.0,285000.0,278.6337285902504,4.0,3.0,,1.0822507778881163,0.5
2019-10-01,2019-12-31,Zip Code: 98178,Single Family Residential,480000.0,480000.0,261.55647172596326,80.0,65.0,27.0,0.9889010515669496,0.2625
2018-05-01,2018-07-31,Zip Code: 98118,Condo/Co-op,397500.0,382444.0,466.7011732229124,8.0,12.0,5.0,1.035286327534653,0.625
2021-07-01,2021-09-30,Zip Code: 98106,Townhouse,563725.0,575000.0,408.9537194235151,44.0,51.0,18.0,1.0111204685836068,0.4545454545454545
2015-06-01,2015-08-31,Zip Code: 98144,Townhouse,460500.0,459950.0,348.61276559793856,40.0,53.0,14.0,1.022528506234166,0.4749999999999999
2015-04-01,2015-06-30,Zip Code: 98119,All Residential,560000.0,669950.0,409.5257246850397,128.0,133.0,39.0,1.0196052245270202,0.4375
2016-07-01,2016-09-30,Zip Code: 98133,Townhouse,431300.0,395000.0,316.89516129032256,29.0,25.0,6.0,1.0320078713686234,0.5517241379310344
2022-12-01,2023-02-28,Zip Code: 98122,All Residential,867500.0,799974.5,590.1648903087188,106.0,94.0,58.0,0.995499394044073,0.150943396226415
2014-01-01,2014-03-31,Zip Code: 98119,All Residential,575750.0,539995.0,371.9067734887109,78.0,99.0,44.0,0.9956548595321092,0.2564102564102563
2014-01-01,2014-03-31,Zip Code: 98144,All Residential,423500.0,425000.0,260.71428571428567,90.0,83.0,42.0,0.9915362703177903,0.3111111111111111
2016-09-01,2016-11-30,Zip Code: 98136,All Residential,576500.0,575000.0,349.5887191539365,98.0,84.0,17.0,1.0179791746875917,0.3979591836734693
2018-06-01,2018-08-31,Zip Code: 98102,Townhouse,959975.0,999000.0,634.3717869627801,22.0,21.0,8.0,1.0020234496223197,0.3181818181818181
2022-12-01,2023-02-28,Zip Code: 98119,Townhouse,1000000.0,1087500.0,543.4782608695652,3.0,6.0,6.0,0.9402508208426632,0.0
2017-03-01,2017-05-31,Zip Code: 98177,Condo/Co-op,435000.0,497474.0,304.41400304414003,7.0,12.0,2.0,1.0389028765702375,0.4285714285714285
2013-04-01,2013-06-30,Zip Code: 98113,All Residential,408000.0,,370.9090909090909,1.0,,,1.0597402597402596,1.0
2022-02-01,2022-04-30,Zip Code: 98146,All Residential,727500.0,685000.0,428.4678158811663,88.0,127.0,27.0,1.1062553610697277,0.7386363636363636
2021-02-01,2021-04-30,Zip Code: 98117,Multi-Family (2-4 Unit),865000.0,1043975.0,372.84482758620686,5.0,4.0,3.0,0.9213870661872208,0.0
2018-09-01,2018-11-30,Zip Code: 98106,Single Family Residential,544250.0,550000.0,325.3180283889127,68.0,95.0,45.0,0.9898693389449535,0.2794117647058823
2017-10-01,2017-12-31,Zip Code: 98117,Multi-Family (2-4 Unit),1090000.0,1245000.0,422.4806201550388,5.0,2.0,,1.0422406606613872,0.4
2015-12-01,2016-02-29,Zip Code: 98102,Townhouse,899975.0,799950.0,507.0281690140845,18.0,9.0,3.0,1.003545447347832,0.1666666666666666
2012-07-01,2012-09-30,Zip Code: 98122,Multi-Family (2-4 Unit),451100.0,624000.0,184.12244897959184,3.0,5.0,4.0,0.9880277252678008,0.0
2018-05-01,2018-07-31,Zip Code: 98102,Multi-Family (2-4 Unit),2096500.0,1795000.0,569.6022727272727,4.0,3.0,1.0,1.0005229230007082,0.75
2012-06-01,2012-08-31,Zip Code: 98126,Single Family Residential,332000.0,339950.0,210.27777777777777,79.0,83.0,50.0,0.9914147302563846,0.379746835443038
2017-05-01,2017-07-31,Zip Code: 98106,Townhouse,490000.0,399225.0,333.5483870967742,33.0,26.0,5.0,1.028618009323908,0.4545454545454545
2017-03-01,2017-05-31,Zip Code: 98144,Multi-Family (2-4 Unit),1255000.0,785000.0,348.6111111111111,1.0,4.0,,0.9728682170542636,0.0
2022-11-01,2023-01-31,Zip Code: 98144,Townhouse,695995.0,674995.0,528.5234899328859,25.0,22.0,25.0,0.9865848827992456,0.12
2015-06-01,2015-08-31,Zip Code: 98115,Multi-Family (2-4 Unit),506250.0,550000.0,223.49817961165047,2.0,3.0,3.0,1.0217620804016985,1.0
2019-03-01,2019-05-31,Zip Code: 98199,Single Family Residential,1102500.0,1079000.0,466.6666666666666,81.0,141.0,62.0,1.0042529758915235,0.3703703703703703
2019-01-01,2019-03-31,Zip Code: 98144,Single Family Residential,797475.0,849900.0,429.7718293826168,44.0,55.0,29.0,0.9973222365957312,0.3636363636363636
2014-10-01,2014-12-31,Zip Code: 98102,Townhouse,661975.0,685000.0,434.9533627884143,20.0,13.0,7.0,0.9809956314476656,0.1
2015-03-01,2015-05-31,Zip Code: 98116,All Residential,550000.0,542500.0,319.1584497418767,144.0,176.0,50.0,1.0262041999984726,0.4861111111111111
2018-05-01,2018-07-31,Zip Code: 98112,All Residential,1177500.0,1100000.0,632.2684566250742,132.0,161.0,45.0,1.0288491420975656,0.4924242424242424
2017-09-01,2017-11-30,Zip Code: 98118,Multi-Family (2-4 Unit),541000.0,646950.0,162.95180722891567,3.0,2.0,,1.0996428571428571,0.3333333333333333
2019-06-01,2019-08-31,Zip Code: 98106,All Residential,577500.0,550000.0,344.28321678321674,156.0,143.0,92.0,0.9996107270281238,0.2243589743589743
2022-02-01,2022-04-30,Zip Code: 98102,Condo/Co-op,569375.0,535000.0,664.2561691564997,68.0,85.0,16.0,1.0157107167211628,0.3088235294117647
2017-03-01,2017-05-31,Zip Code: 98105,Townhouse,728000.0,699000.0,514.4752453888469,4.0,5.0,1.0,1.0291365891659114,0.5
2016-07-01,2016-09-30,Zip Code: 98144,Townhouse,539950.0,545000.0,385.0081821707504,60.0,48.0,19.0,1.0173841711653366,0.4
2020-03-01,2020-05-31,Zip Code: 98146,Single Family Residential,603000.0,559000.0,325.2788104089219,47.0,89.0,33.0,1.0171522695723385,0.4468085106382978
2017-11-01,2018-01-31,Zip Code: 98107,Condo/Co-op,519900.0,490000.0,612.7431906614786,27.0,24.0,6.0,1.0648269286602066,0.6666666666666666
2018-01-01,2018-03-31,Zip Code: 98118,Single Family Residential,609975.0,615000.0,333.615692013283,90.0,119.0,30.0,1.0466604695504786,0.5222222222222223
2022-05-01,2022-07-31,Zip Code: 98106,Single Family Residential,770000.0,747475.0,479.6511627906977,85.0,112.0,40.0,1.036769395281267,0.4941176470588235
2014-11-01,2015-01-31,Zip Code: 98122,Single Family Residential,569125.0,522500.0,303.2961343764381,42.0,34.0,15.0,0.9990459689540084,0.3333333333333333
2021-12-01,2022-02-28,Zip Code: 98118,Single Family Residential,884500.0,799999.5,426.375452308583,74.0,62.0,12.0,1.0493699325133892,0.4594594594594594
2018-01-01,2018-03-31,Zip Code: 98177,Townhouse,535000.0,602000.0,312.8654970760234,1.0,4.0,1.0,1.019047619047619,1.0
2014-02-01,2014-04-30,Zip Code: 98107,All Residential,452200.0,434975.0,343.6018957345972,121.0,126.0,37.0,1.019056061749986,0.4710743801652892
2018-05-01,2018-07-31,Zip Code: 98107,Single Family Residential,892550.0,848750.0,507.4098656774319,50.0,60.0,12.0,1.0839961573682484,0.66
2022-12-01,2023-02-28,Zip Code: 98107,Multi-Family (2-4 Unit),932000.0,975000.0,364.0625,3.0,3.0,2.0,0.9680151946818614,0.0
2015-01-01,2015-03-31,Zip Code: 98105,Townhouse,529500.0,484500.0,363.8134250721142,6.0,3.0,,1.0092153006391638,0.1666666666666666
2019-02-01,2019-04-30,Zip Code: 98136,Townhouse,607000.0,649975.0,439.8124191461837,17.0,28.0,11.0,0.994779421276612,0.1764705882352941
2013-04-01,2013-06-30,Zip Code: 98133,Single Family Residential,325000.0,339800.0,200.65789473684208,119.0,171.0,66.0,1.0104393408864116,0.5294117647058822
2016-08-01,2016-10-31,Zip Code: 98109,Multi-Family (2-4 Unit),945000.0,871500.0,385.7008923920969,2.0,2.0,,0.9178614465238668,0.0
2018-02-01,2018-04-30,Zip Code: 98102,Single Family Residential,1600000.0,1495000.0,492.3076923076923,19.0,23.0,9.0,1.0403711533188544,0.3684210526315789
2019-08-01,2019-10-31,Zip Code: 98107,Townhouse,695000.0,720000.0,506.9833124833344,68.0,76.0,23.0,0.9915319649826791,0.1323529411764705
2019-02-01,2019-04-30,Zip Code: 98177,Multi-Family (2-4 Unit),1040000.0,1040000.0,727.2727272727273,1.0,1.0,1.0,1.0,0.0
2021-05-01,2021-07-31,Zip Code: 98133,Townhouse,605000.0,632000.0,445.45171339563865,55.0,76.0,25.0,1.0055810926212252,0.2727272727272727
2016-08-01,2016-10-31,Zip Code: 98113,All Residential,520000.0,520000.0,460.17699115044246,1.0,1.0,,1.0,0.0
2023-05-01,2023-07-31,Zip Code: 98177,Single Family Residential,1194000.0,1198875.0,501.5772870662461,68.0,66.0,12.0,1.033591204453861,0.5294117647058822
2020-02-01,2020-04-30,Zip Code: 98105,All Residential,950000.0,1000000.0,491.1667228401303,64.0,107.0,48.0,1.0207397563564686,0.359375
2016-05-01,2016-07-31,Zip Code: 98178,Townhouse,121000.0,239950.0,101.255230125523,3.0,3.0,,1.0642315775639644,0.6666666666666666
2014-12-01,2015-02-28,Zip Code: 98108,Multi-Family (2-4 Unit),165000.0,297450.0,100.60975609756098,1.0,2.0,,0.8254127063531765,0.0
2023-01-01,2023-03-31,Zip Code: 98115,Multi-Family (2-4 Unit),1172500.0,2000000.0,388.2450331125828,1.0,1.0,1.0,0.8086206896551724,0.0
2021-12-01,2022-02-28,Zip Code: 98136,Single Family Residential,950000.0,835000.0,558.8503649635037,33.0,35.0,5.0,1.085309703729562,0.6666666666666666
2013-09-01,2013-11-30,Zip Code: 98115,Townhouse,394500.0,377000.0,284.67153284671525,17.0,11.0,3.0,0.9845240241902172,0.1176470588235294
2019-07-01,2019-09-30,Zip Code: 98108,Single Family Residential,597000.0,618000.0,311.80555555555554,62.0,74.0,51.0,1.001855822063882,0.2580645161290322
2016-02-01,2016-04-30,Zip Code: 98144,Multi-Family (2-4 Unit),501000.0,824500.0,271.7391304347826,7.0,10.0,3.0,1.0492814784167084,0.5714285714285714
2015-07-01,2015-09-30,Zip Code: 98112,All Residential,890000.0,924900.0,447.3684210526316,95.0,93.0,43.0,1.044225269831658,0.5052631578947367
2014-07-01,2014-09-30,Zip Code: 98107,All Residential,511000.0,475000.0,359.9174947859159,110.0,151.0,48.0,1.0240820261652397,0.4454545454545454
2020-05-01,2020-07-31,Zip Code: 98117,All Residential,840000.0,815000.0,482.0224719101124,177.0,211.0,53.0,1.0302824122105283,0.4802259887005649
2022-09-01,2022-11-30,Zip Code: 98144,Single Family Residential,927500.0,879500.0,542.5219941348972,55.0,61.0,26.0,0.9852120185210816,0.2363636363636363
2017-04-01,2017-06-30,Zip Code: 98117,Multi-Family (2-4 Unit),1047000.0,750000.0,388.94418252721033,2.0,3.0,1.0,1.0183866167188382,1.0
2022-09-01,2022-11-30,Zip Code: 98136,Townhouse,759000.0,727475.0,546.962220099756,8.0,10.0,6.0,0.9914947083748892,0.375
2023-03-01,2023-05-31,Zip Code: 98126,Townhouse,625000.0,659950.0,467.6729559748428,22.0,27.0,10.0,1.019699312307204,0.4545454545454545
2015-11-01,2016-01-31,Zip Code: 98105,Single Family Residential,845000.0,714975.0,394.2028985507246,37.0,28.0,16.0,1.005629156588838,0.3513513513513513
2016-08-01,2016-10-31,Zip Code: 98116,Single Family Residential,695000.0,675000.0,335.56660730573776,80.0,80.0,23.0,1.0237861694977144,0.5124999999999998
2021-03-01,2021-05-31,Zip Code: 98102,Single Family Residential,1450000.0,1528000.0,535.4938271604939,27.0,39.0,15.0,1.021315477671504,0.3333333333333333
2022-02-01,2022-04-30,Zip Code: 98108,All Residential,670000.0,724950.0,481.5950920245399,99.0,85.0,16.0,1.0505927868434386,0.5757575757575758
2014-03-01,2014-05-31,Zip Code: 98133,Single Family Residential,368000.0,379950.0,213.3756369426752,148.0,177.0,59.0,1.013361395915314,0.4864864864864865
2017-02-01,2017-04-30,Zip Code: 98104,All Residential,359000.0,505000.0,569.9678308823529,22.0,39.0,20.0,1.0236304649808414,0.4545454545454545
2017-02-01,2017-04-30,Zip Code: 98185,All Residential,260000.0,,317.0731707317073,1.0,,,0.9454545454545454,0.0
2016-04-01,2016-06-30,Zip Code: 98102,Townhouse,838990.0,799500.0,527.4761022971824,16.0,17.0,4.0,1.01832593304464,0.25
2013-02-01,2013-04-30,Zip Code: 98144,Multi-Family (2-4 Unit),331700.0,399900.0,145.11784511784512,3.0,7.0,4.0,0.9187424871788076,0.0
2019-12-01,2020-02-29,Zip Code: 98177,Multi-Family (2-4 Unit),675000.0,,290.9482758620689,1.0,,,0.9643545967569112,0.0
2019-03-01,2019-05-31,Zip Code: 98136,Condo/Co-op,410500.0,360000.0,486.1724354760339,10.0,15.0,6.0,0.9919410294555174,0.2
2017-06-01,2017-08-31,Zip Code: 98126,All Residential,569500.0,542495.0,370.9452802556251,168.0,188.0,31.0,1.0601658912131544,0.625
2019-09-01,2019-11-30,Zip Code: 98106,Townhouse,499900.0,549800.0,332.2981366459628,27.0,36.0,24.0,1.0006990918655592,0.2222222222222222
2023-06-01,2023-08-31,Zip Code: 98116,Single Family Residential,1185000.0,1099750.0,584.5070422535211,59.0,74.0,20.0,1.0388503293711364,0.5762711864406779
2013-09-01,2013-11-30,Zip Code: 98126,All Residential,346000.0,350000.0,223.92842280482728,106.0,137.0,84.0,0.998985587133454,0.320754716981132
2019-09-01,2019-11-30,Zip Code: 98112,Multi-Family (2-4 Unit),886000.0,1200000.0,376.3440860215054,3.0,5.0,2.0,1.106196956119516,1.0
2013-01-01,2013-03-31,Zip Code: 98112,All Residential,720000.0,744475.0,326.6666666666667,75.0,118.0,57.0,0.9854333478322292,0.2
2018-10-01,2018-12-31,Zip Code: 98119,Townhouse,799975.0,919975.0,621.274554075412,14.0,22.0,17.0,0.9948933997111554,0.2142857142857142
2018-06-01,2018-08-31,Zip Code: 98115,Multi-Family (2-4 Unit),1550000.0,1505000.0,241.50825802430663,1.0,1.0,1.0,1.0,0.0
2023-03-01,2023-05-31,Zip Code: 98119,All Residential,947500.0,849940.0,609.7590953785643,82.0,92.0,29.0,0.9914576825922156,0.1707317073170731
2019-07-01,2019-09-30,Zip Code: 98136,Single Family Residential,755000.0,770000.0,395.2294338406281,66.0,60.0,27.0,1.00597265747201,0.3636363636363636
2023-05-01,2023-07-31,Zip Code: 98105,Condo/Co-op,421000.0,499950.0,530.6122448979592,19.0,19.0,15.0,0.9916723408231296,0.2105263157894736
2014-05-01,2014-07-31,Zip Code: 98106,Condo/Co-op,175000.0,167250.0,211.5127175368139,3.0,4.0,1.0,0.9858585858585858,0.0
2018-11-01,2019-01-31,Zip Code: 98107,Condo/Co-op,466750.0,442500.0,574.7880867229761,18.0,19.0,14.0,0.9772025451424852,0.0
2013-07-01,2013-09-30,Zip Code: 98133,Single Family Residential,351000.0,349950.0,206.85805422647528,133.0,154.0,79.0,1.014096947819282,0.4586466165413533
2015-05-01,2015-07-31,Zip Code: 98136,Condo/Co-op,256909.0,234475.0,304.8711868494032,16.0,12.0,8.0,1.013873979279268,0.375
2022-05-01,2022-07-31,Zip Code: 98117,Townhouse,870000.0,835000.0,587.7364644487932,35.0,75.0,30.0,1.003984915844405,0.2857142857142857
2018-09-01,2018-11-30,Zip Code: 98178,All Residential,443475.0,460000.0,265.9893267651888,72.0,101.0,78.0,0.9919933534987366,0.3333333333333333
2021-09-01,2021-11-30,Zip Code: 98126,Single Family Residential,739975.0,739950.0,466.04116222760285,104.0,89.0,8.0,1.0406790048914212,0.5769230769230768
2016-01-01,2016-03-31,Zip Code: 98119,Single Family Residential,975000.0,949950.0,459.4594594594594,21.0,31.0,16.0,1.0471441689083671,0.4761904761904761
2015-10-01,2015-12-31,Zip Code: 98118,Multi-Family (2-4 Unit),462500.0,850000.0,176.95473251028807,3.0,3.0,3.0,0.9768588988882888,0.3333333333333333
2020-02-01,2020-04-30,Zip Code: 98102,Condo/Co-op,444975.0,439950.0,686.821160444777,76.0,73.0,34.0,0.9953033269877845,0.1842105263157894
2022-07-01,2022-09-30,Zip Code: 98112,Townhouse,885000.0,899000.0,636.6906474820144,7.0,11.0,9.0,0.9763787961928944,0.0
2017-10-01,2017-12-31,Zip Code: 98133,Single Family Residential,615000.0,589000.0,330.2158273381295,117.0,73.0,8.0,1.0240458056687696,0.4615384615384615
2015-09-01,2015-11-30,Zip Code: 98108,All Residential,357900.0,393250.0,217.59259259259252,65.0,68.0,25.0,1.003549422524455,0.4153846153846154
2017-10-01,2017-12-31,Zip Code: 98116,Single Family Residential,762250.0,874500.0,393.57956857956856,76.0,40.0,7.0,0.9949912118021116,0.381578947368421
2013-05-01,2013-07-31,Zip Code: 98115,Single Family Residential,525000.0,499000.0,255.92895476616405,166.0,208.0,61.0,1.0419506017856797,0.5903614457831325
2019-12-01,2020-02-29,Zip Code: 98106,Multi-Family (2-4 Unit),962500.0,857500.0,295.24539877300606,1.0,2.0,2.0,0.9871794871794872,0.0
2015-02-01,2015-04-30,Zip Code: 98199,Condo/Co-op,242500.0,299950.0,278.9316831495226,16.0,21.0,7.0,1.0194746476378662,0.5625
2021-11-01,2022-01-31,Zip Code: 98118,Townhouse,629000.0,687445.0,478.2817409519377,62.0,40.0,7.0,1.005778761098197,0.2741935483870967
2018-07-01,2018-09-30,Zip Code: 98118,All Residential,546000.0,585000.0,351.75,138.0,178.0,107.0,0.9998237257352056,0.3478260869565217
2021-10-01,2021-12-31,Zip Code: 98133,Townhouse,703690.0,712500.0,450.5826069994969,64.0,51.0,6.0,1.0014118256573954,0.28125
2020-01-01,2020-03-31,Zip Code: 98199,All Residential,950000.0,980750.0,482.80859570214886,90.0,120.0,42.0,1.0113963487849094,0.3888888888888889
2019-10-01,2019-12-31,Zip Code: 98116,Single Family Residential,830000.0,947475.0,413.9473684210527,57.0,34.0,18.0,1.004203850080622,0.3157894736842105
2018-04-01,2018-06-30,Zip Code: 98122,Multi-Family (2-4 Unit),900000.0,899990.0,441.50943396226415,5.0,7.0,1.0,0.9860647959038774,0.0
2014-02-01,2014-04-30,Zip Code: 98108,Condo/Co-op,350000.0,314500.0,225.80645161290323,1.0,2.0,2.0,0.945945945945946,0.0
2023-12-01,2024-02-29,Zip Code: 98122,All Residential,896000.0,799950.0,614.0649252006208,80.0,91.0,56.0,0.9988936616270035,0.2374999999999999
2015-06-01,2015-08-31,Zip Code: 98136,Single Family Residential,566225.0,550000.0,286.22544763971786,92.0,91.0,24.0,1.037549013634942,0.5434782608695651
2021-05-01,2021-07-31,Zip Code: 98117,Multi-Family (2-4 Unit),948000.0,924000.0,405.1401869158879,5.0,6.0,2.0,1.0447266476587396,0.5999999999999999
2022-02-01,2022-04-30,Zip Code: 98136,Townhouse,735000.0,697000.0,523.809523809524,11.0,14.0,3.0,1.091331989666484,0.8181818181818182
2014-03-01,2014-05-31,Zip Code: 98116,Single Family Residential,596937.0,594000.0,284.7704545454545,74.0,114.0,37.0,1.031761626557113,0.554054054054054
2012-12-01,2013-02-28,Zip Code: 98177,Condo/Co-op,439000.0,149500.0,178.671918964547,4.0,3.0,6.0,0.981865279785146,0.25
2022-04-01,2022-06-30,Zip Code: 98126,Condo/Co-op,372500.0,401475.0,516.1736067357809,22.0,28.0,8.0,1.0429859139939075,0.5
2015-11-01,2016-01-31,Zip Code: 98116,All Residential,624950.0,629950.0,342.7927927927928,93.0,91.0,29.0,1.0130603827336686,0.4301075268817204
2023-09-01,2023-11-30,Zip Code: 98122,Single Family Residential,1192500.0,1175000.0,588.3403828939076,36.0,41.0,14.0,1.014826277272944,0.4166666666666666
2012-03-01,2012-05-31,Zip Code: 98116,Condo/Co-op,389975.0,329925.0,327.697818086225,28.0,28.0,31.0,0.966194330366318,0.0357142857142857
2020-10-01,2020-12-31,Zip Code: 98115,Townhouse,704880.0,777000.0,487.72125435540073,21.0,22.0,14.0,1.0006178631856772,0.1428571428571428
2022-11-01,2023-01-31,Zip Code: 98133,Townhouse,570288.0,699890.0,442.7480916030535,19.0,38.0,34.0,0.997324918941743,0.2105263157894736
2016-12-01,2017-02-28,Zip Code: 98104,All Residential,345000.0,525000.0,573.5294117647059,21.0,25.0,16.0,0.9939504627104376,0.238095238095238
2016-12-01,2017-02-28,Zip Code: 98117,Multi-Family (2-4 Unit),1697500.0,895000.0,1406.8509615384614,2.0,3.0,,1.0,0.0
2017-09-01,2017-11-30,Zip Code: 98125,Townhouse,520000.0,494950.0,364.651268115942,12.0,9.0,,1.0956166484103385,0.8333333333333333
2020-11-01,2021-01-31,Zip Code: 98117,Condo/Co-op,661500.0,425000.0,670.7097933513028,8.0,5.0,4.0,0.9771883542757585,0.125
2016-06-01,2016-08-31,Zip Code: 98136,Single Family Residential,655000.0,619500.0,324.0955544200307,81.0,77.0,15.0,1.0419646269042264,0.5555555555555555
2014-07-01,2014-09-30,Zip Code: 98178,Multi-Family (2-4 Unit),210000.0,295000.0,150.0,1.0,3.0,2.0,0.9767441860465116,0.0
2019-11-01,2020-01-31,Zip Code: 98177,Condo/Co-op,999990.0,360000.0,288.0434782608696,7.0,3.0,1.0,0.9813690687045844,0.0
2013-11-01,2014-01-31,Zip Code: 98125,Townhouse,286750.0,264900.0,189.9084298327755,10.0,4.0,8.0,0.9848344054144316,0.2999999999999999
2014-04-01,2014-06-30,Zip Code: 98178,Townhouse,58000.0,229750.0,51.739518287243534,1.0,2.0,,0.9747899159663864,0.0
2014-08-01,2014-10-31,Zip Code: 98117,Townhouse,408000.0,429900.0,281.9548872180451,21.0,19.0,6.0,0.9987781844824876,0.2857142857142857
2020-09-01,2020-11-30,Zip Code: 98101,Condo/Co-op,665000.0,665000.0,791.213660066119,44.0,85.0,89.0,0.9792272208297432,0.1136363636363636
2017-03-01,2017-05-31,Zip Code: 98109,All Residential,655000.0,580000.0,586.9175627240144,103.0,131.0,23.0,1.0694555822333622,0.6407766990291262
2013-09-01,2013-11-30,Zip Code: 98136,Condo/Co-op,242000.0,238000.0,282.5342465753425,13.0,12.0,10.0,0.985499926635388,0.0769230769230769
2021-09-01,2021-11-30,Zip Code: 98136,Townhouse,632475.0,669950.0,501.09752827319534,30.0,26.0,,1.0104175246298277,0.4
2023-08-01,2023-10-31,Zip Code: 98199,Condo/Co-op,476450.0,447475.0,525.1798561151079,19.0,20.0,6.0,1.0119867961111315,0.263157894736842
2016-08-01,2016-10-31,Zip Code: 98199,Condo/Co-op,327475.0,324950.0,411.2945039751123,18.0,27.0,11.0,0.9995384515348796,0.3888888888888889
2016-08-01,2016-10-31,Zip Code: 98199,All Residential,770000.0,700000.0,393.82239382239385,121.0,125.0,48.0,1.0120676307928669,0.4297520661157024
2022-10-01,2022-12-31,Zip Code: 98105,All Residential,1142475.0,955000.0,554.6767900453443,66.0,48.0,34.0,0.9712007116603744,0.106060606060606
2022-08-01,2022-10-31,Zip Code: 98112,Condo/Co-op,849000.0,854500.0,764.1764176417641,23.0,18.0,6.0,0.9841353789619272,0.1739130434782608
2020-11-01,2021-01-31,Zip Code: 98118,Condo/Co-op,342500.0,301000.0,390.3000499800927,4.0,6.0,4.0,1.0010729963211171,0.25
2016-09-01,2016-11-30,Zip Code: 98115,Single Family Residential,700000.0,679900.0,372.5098039215686,171.0,165.0,20.0,1.0338871651728376,0.5204678362573099
2017-08-01,2017-10-31,Zip Code: 98116,Single Family Residential,752500.0,769250.0,387.9533179012346,98.0,92.0,25.0,1.02244918820949,0.5204081632653061
2021-01-01,2021-03-31,Zip Code: 98117,Single Family Residential,896000.0,899000.0,527.7777777777777,95.0,137.0,14.0,1.0884833757540466,0.6210526315789474
2013-10-01,2013-12-31,Zip Code: 98126,Single Family Residential,350000.0,382250.0,222.5,77.0,74.0,45.0,0.9941195949664928,0.2987012987012986
2023-07-01,2023-09-30,Zip Code: 98178,Townhouse,647500.0,467475.0,368.5317811227613,2.0,4.0,1.0,0.9933866597689142,0.5
2021-12-01,2022-02-28,Zip Code: 98115,All Residential,895000.0,899475.0,579.834761904762,151.0,154.0,23.0,1.0755877932965774,0.5496688741721854
2016-11-01,2017-01-31,Zip Code: 98106,Multi-Family (2-4 Unit),660025.0,700000.0,211.91613488488488,2.0,1.0,,0.9910446404218564,0.0
2023-04-01,2023-06-30,Zip Code: 98102,Townhouse,1081500.0,1250000.0,648.4995710159054,8.0,11.0,5.0,0.975230941332606,0.0
2018-09-01,2018-11-30,Zip Code: 98108,All Residential,548750.0,549400.0,336.24344321555475,70.0,90.0,50.0,0.9921145902841986,0.2142857142857142
2018-07-01,2018-09-30,Zip Code: 98178,Multi-Family (2-4 Unit),435000.0,,201.38888888888889,1.0,,,1.0118632240055827,1.0
2023-07-01,2023-09-30,Zip Code: 98118,Single Family Residential,772500.0,799475.0,456.4568014705882,92.0,100.0,55.0,1.0068728612175533,0.3043478260869565
2022-12-01,2023-02-28,Zip Code: 98115,Condo/Co-op,530000.0,550000.0,558.304918419696,20.0,17.0,5.0,0.9912887925334712,0.1499999999999999
2012-07-01,2012-09-30,Zip Code: 98125,Townhouse,274500.0,285000.0,173.69378245975912,12.0,9.0,5.0,1.0063477374510323,0.3333333333333333
2023-09-01,2023-11-30,Zip Code: 98116,All Residential,824950.0,925000.0,562.5,103.0,103.0,45.0,1.0010427858357407,0.29126213592233
2023-09-01,2023-11-30,Zip Code: 98144,Single Family Residential,759444.0,874000.0,558.2823033591116,48.0,59.0,25.0,1.0046110745926011,0.2916666666666666
2018-06-01,2018-08-31,Zip Code: 98109,Townhouse,890000.0,925000.0,613.3333333333334,11.0,17.0,9.0,1.0505204559824377,0.8181818181818182
2023-04-01,2023-06-30,Zip Code: 98118,All Residential,739000.0,734450.0,482.5469427058257,126.0,156.0,67.0,1.024212140089936,0.4206349206349206
2014-03-01,2014-05-31,Zip Code: 98115,Single Family Residential,545000.0,537950.0,283.6363636363636,149.0,181.0,32.0,1.0447419957706228,0.610738255033557
2018-04-01,2018-06-30,Zip Code: 98116,Multi-Family (2-4 Unit),1266500.0,1174999.5,453.460130589632,2.0,2.0,2.0,0.8292496171516079,0.0
2017-11-01,2018-01-31,Zip Code: 98177,All Residential,680000.0,699999.0,341.9811320754717,79.0,47.0,8.0,1.0098721190661806,0.4683544303797468
2013-10-01,2013-12-31,Zip Code: 98102,Multi-Family (2-4 Unit),1284000.0,,319.2840672964493,2.0,,1.0,0.981743227326266,0.0
2019-07-01,2019-09-30,Zip Code: 98116,Townhouse,712500.0,684975.0,484.42000116664497,18.0,16.0,12.0,0.9900717236737732,0.1666666666666666
2019-01-01,2019-03-31,Zip Code: 98106,All Residential,516000.0,562450.0,339.7297407587839,100.0,142.0,76.0,0.9867707752639752,0.2399999999999999
2012-09-01,2012-11-30,Zip Code: 98126,All Residential,299970.0,349450.0,203.3942004019524,96.0,96.0,53.0,0.9910687973701005,0.2395833333333333
2015-09-01,2015-11-30,Zip Code: 98122,All Residential,551000.0,589000.0,392.69446583782593,144.0,129.0,32.0,1.02634886872166,0.4444444444444444
2022-10-01,2022-12-31,Zip Code: 98136,Single Family Residential,1030000.0,1100000.0,479.5725108225108,46.0,26.0,5.0,0.9920048574788816,0.3478260869565217
2023-02-01,2023-04-30,Zip Code: 98122,Multi-Family (2-4 Unit),1061250.0,1052400.0,428.7420382165605,2.0,2.0,,1.0137877477355697,0.5
2020-03-01,2020-05-31,Zip Code: 98122,Condo/Co-op,445000.0,425000.0,656.8218661639961,29.0,48.0,22.0,1.0063066384033803,0.3448275862068965
2017-10-01,2017-12-31,Zip Code: 98108,Single Family Residential,543000.0,554500.0,316.3265306122449,63.0,54.0,14.0,1.0116779861895375,0.4603174603174602
2015-07-01,2015-09-30,Zip Code: 98104,All Residential,375000.0,429419.0,379.4266441821248,15.0,20.0,11.0,0.9889384479609494,0.3333333333333333
2020-02-01,2020-04-30,Zip Code: 98109,Townhouse,905000.0,967975.0,627.062706270627,9.0,20.0,13.0,0.9993907840029854,0.3333333333333333
2012-02-01,2012-04-30,Zip Code: 98199,Condo/Co-op,165000.0,199950.0,201.7114914425428,9.0,19.0,21.0,0.9511635634409888,0.2222222222222222
2017-05-01,2017-07-31,Zip Code: 98105,Condo/Co-op,488012.5,495000.0,572.2595732242035,20.0,20.0,2.0,1.0923027776159286,0.8
2012-12-01,2013-02-28,Zip Code: 98109,Condo/Co-op,312500.0,304987.0,314.7877358490566,30.0,54.0,35.0,0.9747691830902376,0.1333333333333333
2015-08-01,2015-10-31,Zip Code: 98144,Condo/Co-op,269250.0,265000.0,367.5832579618069,26.0,23.0,5.0,1.0110210666418122,0.5
2014-06-01,2014-08-31,Zip Code: 98116,Single Family Residential,589000.0,594000.0,282.4267782426778,97.0,92.0,33.0,1.0102227872777263,0.4639175257731958
2014-04-01,2014-06-30,Zip Code: 98144,Multi-Family (2-4 Unit),682500.0,550000.0,297.90929084862137,2.0,9.0,7.0,0.9610219181907022,0.0
2023-02-01,2023-04-30,Zip Code: 98136,Single Family Residential,940000.0,1095000.0,489.9224806201551,37.0,49.0,14.0,1.0257828424804687,0.4864864864864865
2022-06-01,2022-08-31,Zip Code: 98108,All Residential,727500.0,700000.0,431.1547854785479,76.0,96.0,33.0,0.9944977231703958,0.3552631578947368
2012-06-01,2012-08-31,Zip Code: 98116,All Residential,410000.0,429975.0,240.9438486946292,109.0,114.0,71.0,0.9907950710216832,0.2935779816513761
2021-01-01,2021-03-31,Zip Code: 98117,Multi-Family (2-4 Unit),907500.0,1325000.0,394.7557471264368,4.0,5.0,2.0,0.9689452417192144,0.25
2020-02-01,2020-04-30,Zip Code: 98118,All Residential,623000.0,618000.0,377.4740181563071,124.0,161.0,74.0,1.012409459662612,0.4032258064516128
2013-11-01,2014-01-31,Zip Code: 98117,Townhouse,395000.0,407495.0,262.17228464419475,13.0,10.0,5.0,0.9923299097448374,0.1538461538461538
2023-02-01,2023-04-30,Zip Code: 98115,Single Family Residential,1065000.0,990000.0,544.6927374301677,109.0,128.0,27.0,1.0358694021746346,0.4770642201834862
2022-07-01,2022-09-30,Zip Code: 98105,Multi-Family (2-4 Unit),1270000.0,1498000.0,537.5,5.0,7.0,4.0,1.024828426205701,0.5999999999999999
2023-04-01,2023-06-30,Zip Code: 98121,Condo/Co-op,559000.0,595000.0,750.9881422924901,85.0,125.0,75.0,0.9895559096858604,0.1294117647058823
2013-05-01,2013-07-31,Zip Code: 98136,Single Family Residential,500800.0,460990.0,244.390243902439,77.0,94.0,31.0,1.0090477324969127,0.4545454545454545
2020-05-01,2020-07-31,Zip Code: 98126,All Residential,608750.0,649999.5,415.6118143459916,118.0,196.0,77.0,1.0082213680277947,0.4406779661016949
2023-03-01,2023-05-31,Zip Code: 98136,Condo/Co-op,500000.0,495000.0,536.2623762376238,11.0,13.0,1.0,1.0185791464089582,0.5454545454545454
2015-10-01,2015-12-31,Zip Code: 98118,Condo/Co-op,236950.0,197475.0,211.65413533834587,7.0,6.0,3.0,1.0023462541410073,0.4285714285714285
2022-03-01,2022-05-31,Zip Code: 98102,Condo/Co-op,527500.0,530000.0,680.9522400863791,86.0,110.0,23.0,1.0233687915523269,0.4069767441860465
2017-10-01,2017-12-31,Zip Code: 98107,All Residential,800000.0,764975.0,529.8076923076923,129.0,90.0,3.0,1.0400611548554597,0.5271317829457364
2015-10-01,2015-12-31,Zip Code: 98118,Townhouse,383000.0,325000.0,249.96875,19.0,7.0,,1.0159779081136764,0.3684210526315789
2023-01-01,2023-03-31,Zip Code: 98104,Condo/Co-op,433000.0,459975.0,674.7443762781186,21.0,36.0,34.0,0.9814733254996372,0.238095238095238
2022-06-01,2022-08-31,Zip Code: 98106,Condo/Co-op,381250.0,425000.0,353.41874638551536,6.0,5.0,,1.008134118106691,0.3333333333333333
2017-06-01,2017-08-31,Zip Code: 98105,All Residential,870000.0,829000.0,497.68820288192455,112.0,115.0,25.0,1.0708642591860646,0.5982142857142857
2019-04-01,2019-06-30,Zip Code: 98122,All Residential,780000.0,788000.0,553.7370430987452,137.0,209.0,102.0,1.0032273664086329,0.2773722627737226
2014-03-01,2014-05-31,Zip Code: 98122,Townhouse,532500.0,559949.5,396.9194312796209,17.0,30.0,12.0,1.0049036608779949,0.4705882352941176
2013-01-01,2013-03-31,Zip Code: 98134,Condo/Co-op,196000.0,209375.0,164.7058823529412,1.0,2.0,1.0,0.9560975609756096,0.0
2021-06-01,2021-08-31,Zip Code: 98116,Multi-Family (2-4 Unit),875000.0,899950.0,470.5882352941176,7.0,5.0,2.0,0.9738527728078242,0.2857142857142857
2014-02-01,2014-04-30,Zip Code: 98146,Condo/Co-op,118500.0,119900.0,109.72222222222224,5.0,9.0,4.0,0.9348275794381056,0.0
2019-03-01,2019-05-31,Zip Code: 98117,All Residential,791500.0,765000.0,444.7852760736196,181.0,255.0,85.0,1.0216497462216925,0.425414364640884
2022-04-01,2022-06-30,Zip Code: 98117,Townhouse,900000.0,857249.5,597.2696245733788,35.0,76.0,25.0,1.0146121732737672,0.4285714285714285
2014-02-01,2014-04-30,Zip Code: 98178,Single Family Residential,235500.0,280000.0,144.05241966645542,74.0,89.0,55.0,0.9880662192368872,0.3243243243243243
2018-10-01,2018-12-31,Zip Code: 98106,Townhouse,498750.0,500000.0,322.79698569798603,24.0,19.0,20.0,0.9912592712184636,0.1666666666666666
2014-02-01,2014-04-30,Zip Code: 98106,Condo/Co-op,156000.0,162500.0,153.54330708661416,5.0,5.0,3.0,0.983814665418594,0.2
2014-04-01,2014-06-30,Zip Code: 98115,All Residential,499950.0,499950.0,279.79274611398966,209.0,239.0,48.0,1.0361689280793729,0.5311004784688995
2018-11-01,2019-01-31,Zip Code: 98112,Multi-Family (2-4 Unit),1900000.0,1900000.0,464.54767726161367,3.0,1.0,,0.848266933600267,0.0
2022-10-01,2022-12-31,Zip Code: 98102,Townhouse,930000.0,1375000.0,643.7025704149708,8.0,6.0,8.0,0.9846062152793084,0.125
2020-12-01,2021-02-28,Zip Code: 98104,All Residential,538000.0,599990.0,580.9334657398213,19.0,27.0,44.0,0.9642104812526248,0.0526315789473684
2015-01-01,2015-03-31,Zip Code: 98126,Townhouse,369450.0,377450.0,233.28538550057536,8.0,14.0,10.0,1.0299670630666502,0.625
2019-08-01,2019-10-31,Zip Code: 98107,Condo/Co-op,435000.0,449944.0,577.2113943028486,25.0,32.0,30.0,0.9839921810651142,0.08
2020-09-01,2020-11-30,Zip Code: 98178,Single Family Residential,572500.0,569900.0,304.3723739495798,86.0,87.0,16.0,1.0220272707855769,0.5697674418604651
2023-04-01,2023-06-30,Zip Code: 98177,Townhouse,629950.0,629950.0,517.9900744416874,13.0,11.0,2.0,0.9950333643844668,0.0769230769230769
2016-06-01,2016-08-31,Zip Code: 98104,Condo/Co-op,450000.0,499000.0,482.977207977208,22.0,37.0,23.0,1.0165399021506067,0.4545454545454545
2022-01-01,2022-03-31,Zip Code: 98122,Condo/Co-op,483500.0,459000.0,651.2491804019987,42.0,65.0,19.0,1.0243739702165424,0.5476190476190476
2021-01-01,2021-03-31,Zip Code: 98109,Condo/Co-op,462000.0,498000.0,598.2233502538071,60.0,67.0,45.0,0.9890928216331344,0.1499999999999999
2013-09-01,2013-11-30,Zip Code: 98133,Multi-Family (2-4 Unit),364300.0,325000.0,181.21546961325967,3.0,5.0,3.0,0.9925931700972828,0.3333333333333333
2017-03-01,2017-05-31,Zip Code: 98125,All Residential,552500.0,549700.0,351.73175650898423,116.0,160.0,27.0,1.1004793697029427,0.8189655172413793
2014-11-01,2015-01-31,Zip Code: 98102,Multi-Family (2-4 Unit),800000.0,,326.53061224489795,3.0,,,0.9231974143937968,0.0
2015-10-01,2015-12-31,Zip Code: 98122,All Residential,561000.0,618975.0,403.75,137.0,96.0,21.0,1.016760684693113,0.4160583941605839
2012-09-01,2012-11-30,Zip Code: 98105,Single Family Residential,605000.0,579950.0,247.28260869565216,57.0,61.0,27.0,0.9994246233016324,0.2982456140350877
2016-04-01,2016-06-30,Zip Code: 98136,Condo/Co-op,265000.0,274950.0,388.3495145631068,15.0,13.0,2.0,1.0439611827588713,0.5333333333333333
2015-11-01,2016-01-31,Zip Code: 98136,Condo/Co-op,294000.0,314500.0,306.1224489795918,5.0,4.0,1.0,1.001081857756858,0.4
2017-11-01,2018-01-31,Zip Code: 98106,Multi-Family (2-4 Unit),763750.0,875000.0,337.84623195920835,2.0,3.0,1.0,1.036592469673853,0.5
2015-06-01,2015-08-31,Zip Code: 98102,Single Family Residential,1065690.0,1150000.0,381.260976837865,22.0,21.0,8.0,0.9858246469684762,0.2272727272727272
2021-07-01,2021-09-30,Zip Code: 98107,All Residential,785000.0,766475.0,597.3915989159891,176.0,198.0,48.0,1.0265018318981691,0.4545454545454545
2012-02-01,2012-04-30,Zip Code: 98199,Townhouse,374750.0,404950.0,235.69422150882824,2.0,10.0,10.0,0.9925373134328358,0.0
2014-05-01,2014-07-31,Zip Code: 98107,Condo/Co-op,335000.0,345000.0,396.0396039603961,35.0,61.0,25.0,1.0007437369447725,0.2857142857142857
2016-06-01,2016-08-31,Zip Code: 98107,All Residential,602500.0,599250.0,471.3199723565999,147.0,148.0,25.0,1.0446168246651997,0.5510204081632653
2020-06-01,2020-08-31,Zip Code: 98144,Townhouse,679950.0,686000.0,522.843137254902,77.0,78.0,40.0,1.0044126935719326,0.2207792207792207
2014-04-01,2014-06-30,Zip Code: 98117,Condo/Co-op,459000.0,297475.0,435.0102335416186,4.0,8.0,6.0,0.9911303146323216,0.0
2013-03-01,2013-05-31,Zip Code: 98115,Multi-Family (2-4 Unit),349100.0,399000.0,272.72727272727275,3.0,5.0,1.0,0.9969332751574576,0.6666666666666666
2013-03-01,2013-05-31,Zip Code: 98118,Single Family Residential,330000.0,349440.0,184.62357954545456,128.0,150.0,87.0,1.0088518062897545,0.4609375
2019-06-01,2019-08-31,Zip Code: 98109,Single Family Residential,1297000.0,1450000.0,527.106632020711,22.0,21.0,17.0,0.9766036521371873,0.1818181818181818
2020-10-01,2020-12-31,Zip Code: 98118,Single Family Residential,669120.0,659970.0,365.67158080543936,124.0,104.0,30.0,1.0207335735209135,0.4516129032258064
2017-12-01,2018-02-28,Zip Code: 98118,Single Family Residential,625000.0,588000.0,334.66257668711654,91.0,73.0,18.0,1.0506998392575129,0.4725274725274725
2018-06-01,2018-08-31,Zip Code: 98125,Townhouse,535000.0,541500.0,410.46070460704607,21.0,20.0,5.0,1.034700416732653,0.4761904761904761
2023-07-01,2023-09-30,Zip Code: 98133,Townhouse,695000.0,719950.0,441.2878787878788,35.0,49.0,28.0,0.9930622598872944,0.0571428571428571
2021-04-01,2021-06-30,Zip Code: 98136,Condo/Co-op,345000.0,384500.0,492.3215898825656,9.0,10.0,5.0,1.0072099283637077,0.2222222222222222
2018-05-01,2018-07-31,Zip Code: 98115,Single Family Residential,899300.0,849400.0,456.3961988304093,170.0,218.0,59.0,1.0707997429825082,0.6235294117647058
2012-07-01,2012-09-30,Zip Code: 98116,Condo/Co-op,267400.0,379925.0,289.1156462585034,21.0,22.0,31.0,0.950290093904988,0.1428571428571428
2019-03-01,2019-05-31,Zip Code: 98122,Multi-Family (2-4 Unit),750000.0,962500.0,345.6221198156682,1.0,2.0,2.0,1.0,0.0
2017-03-01,2017-05-31,Zip Code: 98178,Single Family Residential,450000.0,445000.0,245.16129032258064,89.0,107.0,27.0,1.0595668507006204,0.6404494382022472
2020-08-01,2020-10-31,Zip Code: 98107,Townhouse,766000.0,750000.0,540.4624277456649,61.0,71.0,24.0,1.0116778983426586,0.4262295081967212
2012-01-01,2012-03-31,Zip Code: 98119,All Residential,475000.0,479250.0,273.6,43.0,84.0,70.0,0.984890845996864,0.2558139534883721
2017-11-01,2018-01-31,Zip Code: 98144,Townhouse,700000.0,730000.0,491.2008281573499,47.0,42.0,5.0,1.030740219498928,0.425531914893617
2013-06-01,2013-08-31,Zip Code: 98122,All Residential,438000.0,429900.0,299.95506122907534,158.0,173.0,71.0,1.0178675473076657,0.4556962025316455
2014-02-01,2014-04-30,Zip Code: 98136,Townhouse,349500.0,387475.0,283.60042735042737,4.0,10.0,3.0,1.0009084836360134,0.5
2017-10-01,2017-12-31,Zip Code: 98126,Single Family Residential,680000.0,680000.0,329.72972972972974,81.0,55.0,5.0,1.0185496480445533,0.4567901234567901
2023-07-01,2023-09-30,Zip Code: 98125,Multi-Family (2-4 Unit),955000.0,,376.8823768823769,2.0,,,0.9884800302970232,0.5
2020-09-01,2020-11-30,Zip Code: 98115,All Residential,847475.0,819500.0,453.3410138248848,238.0,218.0,60.0,1.0225565117511222,0.4327731092436975
2015-09-01,2015-11-30,Zip Code: 98121,All Residential,622400.0,623250.0,617.958958821099,128.0,150.0,53.0,0.999450274811881,0.1796875
2021-08-01,2021-10-31,Zip Code: 98105,Condo/Co-op,469000.0,475000.0,585.8829648049277,20.0,23.0,15.0,0.98123979982365,0.05
2018-07-01,2018-09-30,Zip Code: 98126,Multi-Family (2-4 Unit),952490.0,1250000.0,308.35093876118617,2.0,1.0,,0.996272162448856,0.0
2021-06-01,2021-08-31,Zip Code: 98108,Single Family Residential,752500.0,674950.0,418.6006989324525,74.0,87.0,27.0,1.0682963734467232,0.7297297297297297
2017-05-01,2017-07-31,Zip Code: 98105,All Residential,870000.0,827000.0,464.1975308641975,127.0,114.0,21.0,1.0871344930154403,0.6456692913385826
2015-08-01,2015-10-31,Zip Code: 98106,Multi-Family (2-4 Unit),435000.0,,132.21884498480244,1.0,,,0.9354838709677418,0.0
2017-09-01,2017-11-30,Zip Code: 98113,All Residential,697000.0,,357.43589743589746,1.0,,,1.0028776978417266,1.0
2022-01-01,2022-03-31,Zip Code: 98108,Condo/Co-op,985000.0,249950.0,356.8840579710145,1.0,1.0,,0.9563106796116504,0.0
2022-09-01,2022-11-30,Zip Code: 98116,Multi-Family (2-4 Unit),1343000.0,1080000.0,353.42105263157896,1.0,2.0,2.0,0.9948148148148148,0.0
2017-09-01,2017-11-30,Zip Code: 98117,All Residential,739500.0,699950.0,425.3493950771797,156.0,134.0,13.0,1.0538882741151006,0.5833333333333333
2021-01-01,2021-03-31,Zip Code: 98122,Single Family Residential,910000.0,995000.0,546.965811965812,47.0,65.0,17.0,1.0323920396505604,0.4468085106382978
2021-03-01,2021-05-31,Zip Code: 98115,Multi-Family (2-4 Unit),860000.0,1096500.0,452.4509803921569,4.0,4.0,2.0,1.0159905970471597,0.5
2021-08-01,2021-10-31,Zip Code: 98115,Townhouse,779975.0,759950.0,587.5145833408043,34.0,31.0,13.0,0.9937147403413144,0.1470588235294117
2023-12-01,2024-02-29,Zip Code: 98178,Single Family Residential,660000.0,754500.0,354.9382716049383,31.0,62.0,22.0,0.9955438440728624,0.2258064516129032
2016-11-01,2017-01-31,Zip Code: 98125,All Residential,465000.0,464475.0,300.0962341458322,106.0,56.0,14.0,1.0186735109557026,0.4056603773584905
2023-12-01,2024-02-29,Zip Code: 98119,Townhouse,913500.0,817775.0,556.7528735632184,5.0,18.0,9.0,0.9979839329368148,0.4
2021-06-01,2021-08-31,Zip Code: 98106,Multi-Family (2-4 Unit),925000.0,950000.0,295.13888888888886,3.0,6.0,2.0,0.9696969696969696,0.0
2020-07-01,2020-09-30,Zip Code: 98136,Single Family Residential,825750.0,849975.0,414.7145777064018,84.0,98.0,33.0,1.0079156362336832,0.4285714285714285
2016-09-01,2016-11-30,Zip Code: 98105,All Residential,777000.0,787000.0,418.2692307692308,106.0,104.0,23.0,1.0255623963562177,0.5
2012-11-01,2013-01-31,Zip Code: 98116,Multi-Family (2-4 Unit),377500.0,,134.01119265604677,2.0,,,0.9785714285714286,0.0
2022-05-01,2022-07-31,Zip Code: 98106,Condo/Co-op,459000.0,399000.0,353.68618863470465,6.0,7.0,1.0,0.9966651351669428,0.1666666666666666
2015-10-01,2015-12-31,Zip Code: 98119,Single Family Residential,929950.0,845000.0,396.97542533081287,43.0,28.0,8.0,1.0251971767269898,0.441860465116279
2016-02-01,2016-04-30,Zip Code: 98136,All Residential,517950.0,550000.0,355.3539129491696,72.0,97.0,21.0,1.0447074721063574,0.6527777777777777
2017-10-01,2017-12-31,Zip Code: 98119,Multi-Family (2-4 Unit),1010000.0,894475.0,440.3662894580107,4.0,6.0,2.0,1.1189738246626306,1.0
2023-11-01,2024-01-31,Zip Code: 98112,Townhouse,864250.0,732000.0,680.0535212251384,2.0,2.0,,0.9881661287135236,0.0
2017-02-01,2017-04-30,Zip Code: 98106,Condo/Co-op,232475.0,263500.0,292.87704552102093,4.0,4.0,1.0,1.0178571428571428,0.25
2013-10-01,2013-12-31,Zip Code: 98122,All Residential,449000.0,489450.0,307.0124481327801,111.0,90.0,48.0,1.00302815121557,0.3693693693693693
2015-05-01,2015-07-31,Zip Code: 98133,Condo/Co-op,168750.0,184975.0,230.66042868023067,60.0,60.0,22.0,1.0121719567423244,0.3666666666666666
2016-07-01,2016-09-30,Zip Code: 98199,Townhouse,605000.0,599000.0,418.3038530294742,12.0,19.0,3.0,1.0359204423045645,0.5
2017-01-01,2017-03-31,Zip Code: 98185,All Residential,260000.0,,317.0731707317073,1.0,,,0.9454545454545454,0.0
2023-07-01,2023-09-30,Zip Code: 98178,All Residential,675000.0,699919.0,387.61467889908255,47.0,68.0,28.0,0.98863427942037,0.3191489361702127
2015-02-01,2015-04-30,Zip Code: 98177,Single Family Residential,614000.0,637475.0,261.904761904762,63.0,86.0,37.0,1.0222172891707637,0.5396825396825397
2017-11-01,2018-01-31,Zip Code: 98109,All Residential,635000.0,550000.0,632.5787545787546,95.0,63.0,15.0,1.0419240415192172,0.4947368421052631
2022-08-01,2022-10-31,Zip Code: 98115,All Residential,930000.0,986000.0,546.3789682539682,204.0,226.0,77.0,0.995442435087268,0.230392156862745
2017-01-01,2017-03-31,Zip Code: 98178,Multi-Family (2-4 Unit),446500.0,440000.0,152.38907849829351,1.0,2.0,1.0,0.992442765058902,0.0
2022-07-01,2022-09-30,Zip Code: 98102,Condo/Co-op,509997.5,525000.0,659.1007924236567,68.0,59.0,24.0,0.992960678852216,0.1470588235294117
2012-02-01,2012-04-30,Zip Code: 98122,Condo/Co-op,169750.0,243300.0,273.5342888727938,22.0,35.0,25.0,0.971886907222347,0.2727272727272727
2014-05-01,2014-07-31,Zip Code: 98125,Single Family Residential,430000.0,429000.0,239.6911196911197,124.0,138.0,45.0,1.0276258917550969,0.5241935483870968
2013-11-01,2014-01-31,Zip Code: 98104,Condo/Co-op,389425.0,399000.0,322.99344698462755,12.0,19.0,16.0,0.9747133408927244,0.0833333333333333
2019-08-01,2019-10-31,Zip Code: 98121,Condo/Co-op,572500.0,712500.0,724.3068016218413,80.0,110.0,95.0,0.9782173001933914,0.025
2020-04-01,2020-06-30,Zip Code: 98105,Single Family Residential,1230000.0,1225000.0,488.3720930232558,67.0,81.0,26.0,1.0116220779987617,0.3582089552238805
2016-11-01,2017-01-31,Zip Code: 98125,Condo/Co-op,235000.0,279975.0,277.59197324414714,23.0,10.0,2.0,1.0043366060593242,0.3478260869565217
2012-03-01,2012-05-31,Zip Code: 98102,All Residential,415500.0,396500.0,318.1818181818182,71.0,110.0,62.0,0.9762428175552894,0.2112676056338028
2014-03-01,2014-05-31,Zip Code: 98102,Single Family Residential,910000.0,915000.0,353.74149659863946,19.0,32.0,16.0,0.985051518370364,0.3157894736842105
2018-03-01,2018-05-31,Zip Code: 98178,Multi-Family (2-4 Unit),518000.0,429900.0,153.25443786982248,1.0,1.0,1.0,1.036,1.0
2017-03-01,2017-05-31,Zip Code: 98118,Townhouse,501000.0,624000.0,376.1961722488038,23.0,22.0,5.0,1.0386772190367075,0.3478260869565217
2022-02-01,2022-04-30,Zip Code: 98119,Single Family Residential,1597500.0,1577500.0,679.8831856869897,44.0,58.0,11.0,1.0866706914772553,0.659090909090909
2012-10-01,2012-12-31,Zip Code: 98122,All Residential,426700.0,399000.0,289.61748633879773,97.0,73.0,46.0,0.9943030813962456,0.2577319587628865
2012-03-01,2012-05-31,Zip Code: 98199,Condo/Co-op,225500.0,197475.0,219.9587217207041,8.0,16.0,17.0,0.9796605669750283,0.25
2023-04-01,2023-06-30,Zip Code: 98178,Condo/Co-op,282000.0,893000.0,300.5942471328154,2.0,2.0,,1.0041152263374484,0.5
2022-03-01,2022-05-31,Zip Code: 98107,All Residential,982500.0,899950.0,657.6045737085951,214.0,203.0,23.0,1.079696394391643,0.6448598130841121
2016-07-01,2016-09-30,Zip Code: 98102,All Residential,523500.0,599974.5,506.3496894793319,108.0,112.0,46.0,1.0184850054475436,0.4351851851851851
2020-08-01,2020-10-31,Zip Code: 98112,Multi-Family (2-4 Unit),1650000.0,985000.0,694.1522928060581,3.0,3.0,2.0,0.991919753027299,0.3333333333333333
2012-11-01,2013-01-31,Zip Code: 98136,All Residential,400000.0,365000.0,212.46875,61.0,39.0,35.0,0.9821862742803492,0.1967213114754098
2012-01-01,2012-03-31,Zip Code: 98144,All Residential,295000.0,319000.0,189.8215523215524,64.0,109.0,90.0,0.98863959807298,0.234375
2023-06-01,2023-08-31,Zip Code: 98133,All Residential,744990.0,729990.0,445.32409698169215,159.0,176.0,80.0,1.0086365499357073,0.3522012578616352
2013-08-01,2013-10-31,Zip Code: 98116,Multi-Family (2-4 Unit),607500.0,549995.0,272.9895104895105,4.0,1.0,3.0,0.9774074542585608,0.25
2023-05-01,2023-07-31,Zip Code: 98144,Condo/Co-op,579000.0,562000.0,672.5468577728776,21.0,28.0,13.0,0.9976664467706328,0.0952380952380952
2017-09-01,2017-11-30,Zip Code: 98136,Single Family Residential,725000.0,719750.0,356.2432867883996,64.0,66.0,14.0,1.0197968180415165,0.5
2021-03-01,2021-05-31,Zip Code: 98106,Townhouse,595500.0,525000.0,354.4846292947559,52.0,45.0,9.0,1.0150972119909392,0.5769230769230768
2016-12-01,2017-02-28,Zip Code: 98117,Townhouse,639950.0,639950.0,395.82447166672927,20.0,16.0,1.0,1.0205154029428527,0.5
2023-07-01,2023-09-30,Zip Code: 98116,Multi-Family (2-4 Unit),1275000.0,1579500.0,500.0,1.0,2.0,2.0,0.8528428093645484,0.0
2022-05-01,2022-07-31,Zip Code: 98119,All Residential,945000.0,996500.0,663.5040745052387,113.0,156.0,55.0,1.025682837889446,0.4159292035398229
2015-07-01,2015-09-30,Zip Code: 98144,Condo/Co-op,280000.0,255000.0,343.3734939759036,17.0,23.0,2.0,0.9947588611589224,0.4117647058823529
2022-10-01,2022-12-31,Zip Code: 98177,Single Family Residential,1197500.0,1150000.0,464.6028106345142,54.0,45.0,16.0,1.0000079640436943,0.2962962962962962
2023-06-01,2023-08-31,Zip Code: 98199,Condo/Co-op,487000.0,452475.0,526.2262916939176,20.0,18.0,4.0,1.0006977837987374,0.25
2015-04-01,2015-06-30,Zip Code: 98119,Multi-Family (2-4 Unit),895950.0,734975.0,353.35669113674646,2.0,4.0,2.0,1.0569262039744325,1.0
2017-11-01,2018-01-31,Zip Code: 98108,Townhouse,580000.0,626500.0,435.32338308457713,40.0,30.0,2.0,1.0074653063623225,0.375
2017-10-01,2017-12-31,Zip Code: 98122,Townhouse,805000.0,810000.0,540.2684563758389,22.0,21.0,5.0,1.0224904221413216,0.6363636363636364
2018-04-01,2018-06-30,Zip Code: 98178,Townhouse,554000.0,502450.0,284.394250513347,5.0,4.0,2.0,1.0162989114445424,0.4
2017-04-01,2017-06-30,Zip Code: 98117,Condo/Co-op,600000.0,389000.0,570.1612903225806,9.0,7.0,,1.0179639662483284,0.3333333333333333
2022-12-01,2023-02-28,Zip Code: 98136,Townhouse,724995.0,724995.0,519.3373925501432,11.0,8.0,,0.9935256579416512,0.0909090909090909
2021-11-01,2022-01-31,Zip Code: 98104,All Residential,395975.0,482450.0,673.7361170841846,28.0,32.0,32.0,0.989547417174015,0.1071428571428571
2021-08-01,2021-10-31,Zip Code: 98102,Multi-Family (2-4 Unit),1412000.0,1362500.0,465.6894893319344,3.0,8.0,5.0,1.0272,0.3333333333333333
2013-08-01,2013-10-31,Zip Code: 98136,Townhouse,285000.0,361225.0,252.12765957446808,5.0,8.0,1.0,1.0139007412830283,0.4
2013-03-01,2013-05-31,Zip Code: 98102,Townhouse,585000.0,583725.0,372.0053052308135,20.0,20.0,15.0,0.9975764683651775,0.2999999999999999
2013-11-01,2014-01-31,Zip Code: 98136,Townhouse,385000.0,459950.0,283.7446020974707,13.0,9.0,2.0,0.9934865174903904,0.1538461538461538
2020-04-01,2020-06-30,Zip Code: 98107,Townhouse,752500.0,739975.0,549.5674434792991,56.0,68.0,18.0,1.0085207531752185,0.4107142857142857
2016-12-01,2017-02-28,Zip Code: 98134,All Residential,950000.0,,657.8947368421053,1.0,,1.0,0.9547738693467336,0.0
2014-08-01,2014-10-31,Zip Code: 98178,Single Family Residential,289500.0,279950.0,161.20218579234972,89.0,119.0,75.0,0.989491300044231,0.3370786516853932
2021-08-01,2021-10-31,Zip Code: 98133,All Residential,714000.0,699475.0,439.56043956043953,264.0,254.0,52.0,1.0288135449873173,0.4621212121212121
2021-12-01,2022-02-28,Zip Code: 98177,Townhouse,537500.0,506250.0,468.2622268470344,3.0,2.0,,1.0387786118782243,1.0
2012-02-01,2012-04-30,Zip Code: 98178,All Residential,214975.0,219875.0,103.81203007518798,66.0,96.0,100.0,0.9866421747230424,0.3333333333333333
2014-06-01,2014-08-31,Zip Code: 98178,Single Family Residential,267475.0,289500.0,164.82415753424658,76.0,125.0,88.0,1.0011508363452943,0.3421052631578947
2023-01-01,2023-03-31,Zip Code: 98117,Single Family Residential,850000.0,967225.0,524.1935483870968,61.0,68.0,20.0,1.0143838581207905,0.3770491803278688
2023-11-01,2024-01-31,Zip Code: 98107,Townhouse,825000.0,850000.0,572.2466960352423,23.0,20.0,5.0,0.9975957780060994,0.1304347826086956
2016-09-01,2016-11-30,Zip Code: 98125,Condo/Co-op,220000.0,234950.0,250.8833922261484,31.0,23.0,4.0,1.0101715737176105,0.4193548387096774
2021-07-01,2021-09-30,Zip Code: 98108,All Residential,646350.0,624500.0,447.3675583530029,100.0,135.0,31.0,1.0419034313727176,0.55
2014-03-01,2014-05-31,Zip Code: 98136,Condo/Co-op,240000.0,293725.0,262.3906705539359,11.0,8.0,3.0,0.998036314182901,0.3636363636363636
2020-05-01,2020-07-31,Zip Code: 98102,All Residential,610500.0,625000.0,615.0783759418248,94.0,157.0,86.0,0.9949392581190006,0.2127659574468085
2020-01-01,2020-03-31,Zip Code: 98112,Condo/Co-op,542500.0,544975.0,597.1828064966818,16.0,24.0,10.0,1.0084141863473952,0.4375
2019-07-01,2019-09-30,Zip Code: 98177,All Residential,795000.0,749425.0,338.5542168674699,99.0,86.0,51.0,1.0021580480687085,0.2828282828282828
2018-08-01,2018-10-31,Zip Code: 98144,Multi-Family (2-4 Unit),1050000.0,1095000.0,734.2657342657343,1.0,5.0,4.0,1.0552763819095476,1.0
2021-12-01,2022-02-28,Zip Code: 98107,Single Family Residential,1305000.0,1110000.0,579.4447139769769,26.0,32.0,8.0,1.0755344335828183,0.6923076923076922
2022-01-01,2022-03-31,Zip Code: 98125,Single Family Residential,925000.0,899500.0,569.620253164557,49.0,74.0,10.0,1.1419419925966288,0.7551020408163264
2017-11-01,2018-01-31,Zip Code: 98117,All Residential,732000.0,695000.0,422.75991792065673,114.0,84.0,8.0,1.0403114238794735,0.4912280701754385
2018-11-01,2019-01-31,Zip Code: 98105,Condo/Co-op,495000.0,450000.0,532.29160369945,8.0,9.0,6.0,0.9595597727548488,0.125
2017-08-01,2017-10-31,Zip Code: 98116,All Residential,703500.0,699950.0,410.29300502097806,148.0,135.0,33.0,1.0224555671415183,0.5
2015-08-01,2015-10-31,Zip Code: 98144,All Residential,487000.0,529974.5,334.372843436948,162.0,170.0,47.0,1.033017276026678,0.4938271604938271
2013-10-01,2013-12-31,Zip Code: 98199,All Residential,575000.0,594500.0,276.81339886528565,104.0,64.0,48.0,0.9892324833723324,0.298076923076923
2016-08-01,2016-10-31,Zip Code: 98109,All Residential,545000.0,630000.0,495.9100204498977,118.0,117.0,28.0,1.0151842849557444,0.4745762711864406
2023-10-01,2023-12-31,Zip Code: 98105,All Residential,952500.0,889950.0,569.9481865284974,49.0,34.0,28.0,0.995902080979804,0.3265306122448979
2013-02-01,2013-04-30,Zip Code: 98118,Condo/Co-op,125000.0,142000.0,256.6735112936345,3.0,5.0,1.0,0.9926643824577344,0.3333333333333333
2020-01-01,2020-03-31,Zip Code: 98116,Single Family Residential,903250.0,894990.0,440.1408450704225,42.0,56.0,14.0,1.038153288392461,0.5714285714285714
2015-07-01,2015-09-30,Zip Code: 98109,Townhouse,705000.0,799950.0,458.6776859504132,11.0,20.0,6.0,1.032852684993661,0.6363636363636364
2020-04-01,2020-06-30,Zip Code: 98106,Condo/Co-op,335975.0,299950.0,346.7750022889704,2.0,3.0,1.0,1.0254237288135593,0.5
2016-02-01,2016-04-30,Zip Code: 98106,All Residential,380500.0,359950.0,266.8679549114332,104.0,123.0,30.0,1.0525382731181336,0.6538461538461539
2015-10-01,2015-12-31,Zip Code: 98109,Single Family Residential,992475.0,962000.0,372.3526276276276,22.0,12.0,4.0,1.018915443728197,0.4545454545454545
2015-03-01,2015-05-31,Zip Code: 98122,Condo/Co-op,307750.0,325000.0,481.1930818091376,56.0,68.0,17.0,1.0231031170126113,0.5357142857142857
2016-10-01,2016-12-31,Zip Code: 98177,All Residential,615500.0,617975.0,296.05882352941177,82.0,42.0,15.0,1.0093953386315462,0.4634146341463414
2018-04-01,2018-06-30,Zip Code: 98118,Multi-Family (2-4 Unit),800000.0,940000.0,309.87028477709856,4.0,3.0,4.0,1.0183270423672728,0.5
2014-09-01,2014-11-30,Zip Code: 98199,Townhouse,469950.0,475000.0,309.211387434555,19.0,23.0,2.0,0.9974162925142016,0.3157894736842105
2016-11-01,2017-01-31,Zip Code: 98133,Single Family Residential,514550.0,489500.0,304.0979405460814,112.0,72.0,18.0,1.0258142016304104,0.4732142857142857
2014-10-01,2014-12-31,Zip Code: 98144,All Residential,398000.0,429900.0,281.8407960199005,101.0,90.0,40.0,1.007719126157146,0.3267326732673267
2016-09-01,2016-11-30,Zip Code: 98102,Townhouse,797000.0,744975.0,573.5042735042736,7.0,12.0,4.0,1.0268059832337622,0.5714285714285714
2019-01-01,2019-03-31,Zip Code: 98115,Single Family Residential,849000.0,850000.0,431.4462996013544,82.0,111.0,40.0,0.9971791440469692,0.2926829268292682
2018-07-01,2018-09-30,Zip Code: 98136,Townhouse,649000.0,579000.0,463.9940608760208,11.0,13.0,10.0,1.0003642538806918,0.2727272727272727
2012-02-01,2012-04-30,Zip Code: 98125,All Residential,265000.0,300000.0,178.3625730994152,87.0,105.0,82.0,0.9661339150624648,0.1839080459770114
2014-04-01,2014-06-30,Zip Code: 98106,All Residential,295000.0,319475.0,195.68068376068376,116.0,124.0,71.0,1.0009055238465354,0.3534482758620689
2015-12-01,2016-02-29,Zip Code: 98116,Condo/Co-op,360000.0,409500.0,402.2698612862548,23.0,20.0,6.0,0.9927324029994112,0.217391304347826
2012-02-01,2012-04-30,Zip Code: 98117,All Residential,443000.0,449900.0,226.0109452280637,100.0,149.0,51.0,1.0019916574231893,0.38
2012-08-01,2012-10-31,Zip Code: 98122,Condo/Co-op,250000.0,249975.0,350.87719298245617,39.0,40.0,25.0,0.9991049184785072,0.3589743589743589
2014-08-01,2014-10-31,Zip Code: 98118,Condo/Co-op,210000.0,210000.0,287.8787878787879,7.0,5.0,4.0,0.9465442033937296,0.0
2012-06-01,2012-08-31,Zip Code: 98105,Single Family Residential,615000.0,591744.0,265.8796460176991,69.0,88.0,30.0,1.0056203663870924,0.4202898550724637
2021-01-01,2021-03-31,Zip Code: 98112,Multi-Family (2-4 Unit),1000000.0,1175000.0,373.13432835820896,1.0,2.0,,0.8695652173913043,0.0
2014-12-01,2015-02-28,Zip Code: 98136,Townhouse,464000.0,447000.0,302.0195178142644,14.0,12.0,2.0,1.0028594348390685,0.3571428571428571
2020-07-01,2020-09-30,Zip Code: 98122,Condo/Co-op,477500.0,450000.0,625.4784403304529,46.0,93.0,58.0,0.9954644568329682,0.1956521739130434
2022-12-01,2023-02-28,Zip Code: 98146,Single Family Residential,650000.0,680000.0,366.8478260869565,55.0,44.0,10.0,0.9956397284184064,0.2181818181818181
2012-01-01,2012-03-31,Zip Code: 98118,All Residential,243500.0,249450.0,137.58248141263942,98.0,154.0,136.0,0.967633860007766,0.2040816326530612
2020-05-01,2020-07-31,Zip Code: 98119,Single Family Residential,1279000.0,1283500.0,562.5,45.0,64.0,19.0,1.0046665277487383,0.2666666666666666
2022-05-01,2022-07-31,Zip Code: 98125,All Residential,892200.0,820800.0,496.98795180722885,151.0,183.0,58.0,1.0581896404652371,0.5496688741721854
2021-03-01,2021-05-31,Zip Code: 98144,Townhouse,632000.0,629475.0,512.1746431570109,91.0,100.0,21.0,1.0092504488534966,0.3186813186813186
2013-07-01,2013-09-30,Zip Code: 98126,Condo/Co-op,172500.0,204500.0,224.454320091904,12.0,16.0,18.0,0.983020114748454,0.0833333333333333
2018-10-01,2018-12-31,Zip Code: 98122,Multi-Family (2-4 Unit),1272500.0,1088000.0,511.5764170040487,2.0,3.0,1.0,0.9618618618618618,0.0
2017-04-01,2017-06-30,Zip Code: 98115,Townhouse,818990.0,866990.0,492.7824519230769,29.0,23.0,3.0,1.0172889416921975,0.3103448275862069
2012-08-01,2012-10-31,Zip Code: 98121,Townhouse,602500.0,620000.0,364.4888082274652,1.0,1.0,,0.9717741935483872,0.0
2013-02-01,2013-04-30,Zip Code: 98105,Townhouse,370000.0,369000.0,302.8623188405797,5.0,9.0,5.0,0.997804732607154,0.4
2023-07-01,2023-09-30,Zip Code: 98125,All Residential,730000.0,715000.0,471.58446712018144,96.0,99.0,38.0,1.007379609171547,0.3958333333333333
2022-06-01,2022-08-31,Zip Code: 98101,All Residential,614500.0,755000.0,706.9960062384305,46.0,77.0,61.0,0.985413117807238,0.1521739130434782
2023-03-01,2023-05-31,Zip Code: 98136,Multi-Family (2-4 Unit),992500.0,1100000.0,351.60872528970685,2.0,3.0,1.0,1.0909090909090908,0.5
2014-09-01,2014-11-30,Zip Code: 98115,Townhouse,467500.0,455950.0,325.40924845606946,16.0,22.0,7.0,0.9999793955507692,0.375
2012-07-01,2012-09-30,Zip Code: 98104,Condo/Co-op,189000.0,314950.0,290.0,15.0,21.0,16.0,0.9776311339182336,0.0666666666666666
2023-03-01,2023-05-31,Zip Code: 98122,Townhouse,749000.0,764975.0,639.4336336791096,26.0,52.0,28.0,0.989310522845162,0.0384615384615384
2018-05-01,2018-07-31,Zip Code: 98119,Townhouse,885000.0,949950.0,569.4444444444445,27.0,50.0,17.0,1.0118588924345595,0.3333333333333333
2023-07-01,2023-09-30,Zip Code: 98117,Single Family Residential,968000.0,950000.0,552.4401309819702,92.0,89.0,25.0,1.029194659674516,0.4565217391304347
2022-09-01,2022-11-30,Zip Code: 98117,Multi-Family (2-4 Unit),972500.0,1250000.0,429.968642675825,2.0,3.0,2.0,0.949163449163449,0.0
2014-06-01,2014-08-31,Zip Code: 98119,Multi-Family (2-4 Unit),755000.0,707000.0,313.2780082987552,5.0,6.0,4.0,0.994792455776892,0.2
2020-12-01,2021-02-28,Zip Code: 98109,Multi-Family (2-4 Unit),1253250.0,1249950.0,344.77303988995874,1.0,5.0,5.0,0.9677606177606176,0.0
2023-11-01,2024-01-31,Zip Code: 98133,Condo/Co-op,350000.0,420000.0,445.3894689188807,18.0,28.0,20.0,0.992314810477682,0.1666666666666666
2016-01-01,2016-03-31,Zip Code: 98125,All Residential,430000.0,445000.0,297.96416938110747,81.0,109.0,24.0,1.0527320472458412,0.6172839506172839
2021-04-01,2021-06-30,Zip Code: 98177,Condo/Co-op,304950.0,444500.0,342.4657534246575,5.0,4.0,,1.0337217285311098,0.5999999999999999
2012-09-01,2012-11-30,Zip Code: 98133,Condo/Co-op,100000.0,124950.0,120.83682870472576,22.0,23.0,9.0,0.9824133650999264,0.2272727272727272
2022-08-01,2022-10-31,Zip Code: 98118,Townhouse,674900.0,692495.0,515.9382287787801,18.0,26.0,27.0,0.9957971746771984,0.1666666666666666
2020-06-01,2020-08-31,Zip Code: 98144,All Residential,725000.0,722979.5,494.0257352941176,165.0,206.0,94.0,1.01182227784074,0.309090909090909
2016-01-01,2016-03-31,Zip Code: 98102,Single Family Residential,925000.0,1150000.0,390.5579399141631,13.0,15.0,6.0,1.0085351978463128,0.3846153846153846
2020-08-01,2020-10-31,Zip Code: 98133,All Residential,607500.0,620000.0,380.8136180034622,230.0,265.0,96.0,1.0140838041238538,0.4260869565217391
2013-01-01,2013-03-31,Zip Code: 98102,Multi-Family (2-4 Unit),664125.0,659475.0,220.48796791443849,2.0,4.0,1.0,1.0850579977724035,1.0
2014-08-01,2014-10-31,Zip Code: 98175,All Residential,360000.0,365000.0,260.6806661839247,3.0,3.0,,1.0182437857486553,0.6666666666666666
2021-10-01,2021-12-31,Zip Code: 98106,Townhouse,612500.0,615000.0,415.2,43.0,49.0,13.0,1.004696581536024,0.2790697674418604
2019-03-01,2019-05-31,Zip Code: 98116,Multi-Family (2-4 Unit),736500.0,1087500.0,288.8235294117647,1.0,3.0,1.0,1.0911111111111111,1.0
2014-01-01,2014-03-31,Zip Code: 98105,All Residential,533000.0,594500.0,282.50468691413573,50.0,70.0,27.0,1.009932756805165,0.38
2018-02-01,2018-04-30,Zip Code: 98108,All Residential,654000.0,582450.0,375.6697282816686,74.0,89.0,21.0,1.0659836460027738,0.635135135135135
2017-03-01,2017-05-31,Zip Code: 98112,Single Family Residential,1345000.0,1299000.0,492.0731707317073,63.0,95.0,34.0,1.0532356123754862,0.5079365079365079
2018-04-01,2018-06-30,Zip Code: 98108,Condo/Co-op,455000.0,,325.0,1.0,,,0.9381443298969072,0.0
2022-05-01,2022-07-31,Zip Code: 98117,Multi-Family (2-4 Unit),1135500.0,1275000.0,481.1405302255844,2.0,5.0,3.0,1.0641497795343948,1.0
2020-07-01,2020-09-30,Zip Code: 98118,Multi-Family (2-4 Unit),832500.0,925000.0,246.23783079665435,2.0,3.0,1.0,1.0393939393939395,0.5
2019-12-01,2020-02-29,Zip Code: 98144,Condo/Co-op,383475.0,462350.0,434.7826086956522,10.0,8.0,7.0,0.9978066237727422,0.2
2023-09-01,2023-11-30,Zip Code: 98102,Multi-Family (2-4 Unit),1165000.0,1452500.0,428.30882352941177,1.0,2.0,4.0,0.9137254901960784,0.0
2016-07-01,2016-09-30,Zip Code: 98106,Townhouse,383450.0,370000.0,277.1154745208041,36.0,35.0,12.0,1.031107490772504,0.5277777777777777
2016-03-01,2016-05-31,Zip Code: 98125,All Residential,475000.0,475000.0,314.0845070422535,137.0,188.0,32.0,1.0891775301524118,0.7153284671532846
2023-02-01,2023-04-30,Zip Code: 98125,Single Family Residential,843975.0,844950.0,482.77302052046525,68.0,92.0,23.0,1.0200957497414636,0.4558823529411764
2012-03-01,2012-05-31,Zip Code: 98105,Townhouse,535000.0,434900.0,295.0165381503897,2.0,7.0,4.0,0.9588244192375394,0.0
2015-05-01,2015-07-31,Zip Code: 98112,Townhouse,679999.0,660000.0,462.4277456647399,19.0,17.0,3.0,1.0431175236842474,0.4736842105263157
2021-03-01,2021-05-31,Zip Code: 98112,Multi-Family (2-4 Unit),1197800.0,1200000.0,445.2788104089219,1.0,1.0,,0.9981666666666666,0.0
2012-03-01,2012-05-31,Zip Code: 98102,Condo/Co-op,288000.0,299250.0,327.19836400818,45.0,73.0,38.0,0.9708450757038136,0.2
2018-03-01,2018-05-31,Zip Code: 98106,Multi-Family (2-4 Unit),635000.0,712475.0,260.11560693641616,3.0,2.0,,1.094738538680035,0.6666666666666666
2014-06-01,2014-08-31,Zip Code: 98115,All Residential,540000.0,519999.0,288.1578947368421,211.0,233.0,57.0,1.0250819403864857,0.4881516587677725
2015-04-01,2015-06-30,Zip Code: 98108,Single Family Residential,385000.0,415000.0,222.46575342465752,75.0,69.0,27.0,1.0220933430938075,0.44
2013-12-01,2014-02-28,Zip Code: 98117,Single Family Residential,490000.0,525000.0,261.01350420283865,94.0,88.0,28.0,1.0151612639228704,0.4361702127659574
2014-05-01,2014-07-31,Zip Code: 98125,Multi-Family (2-4 Unit),565000.0,450000.0,160.20921610169492,4.0,5.0,2.0,0.9297660272171488,0.0
2015-04-01,2015-06-30,Zip Code: 98102,Multi-Family (2-4 Unit),852000.0,1043750.0,384.3031123139377,1.0,2.0,1.0,1.002352941176471,1.0
2020-07-01,2020-09-30,Zip Code: 98178,Townhouse,510785.0,542085.0,305.85928143712573,3.0,5.0,2.0,1.0,0.0
2021-06-01,2021-08-31,Zip Code: 98125,All Residential,780000.0,705000.0,473.21428571428567,211.0,208.0,32.0,1.0687070033340886,0.6208530805687204
2013-03-01,2013-05-31,Zip Code: 98117,Single Family Residential,460000.0,449000.0,256.57894736842104,139.0,167.0,41.0,1.0218856550227968,0.5683453237410072
2021-10-01,2021-12-31,Zip Code: 98117,Multi-Family (2-4 Unit),1350000.0,889000.0,469.42446043165467,3.0,1.0,,1.0083186899795027,0.3333333333333333
2016-02-01,2016-04-30,Zip Code: 98126,Condo/Co-op,324000.0,309000.0,337.4242041137476,12.0,21.0,5.0,1.023657358847166,0.5833333333333333
2022-09-01,2022-11-30,Zip Code: 98126,Condo/Co-op,405000.0,415000.0,497.8662873399716,17.0,19.0,10.0,0.993926333328544,0.2352941176470588
2015-07-01,2015-09-30,Zip Code: 98122,Condo/Co-op,349000.0,357000.0,508.0693560882992,66.0,68.0,15.0,1.0401350784982315,0.5606060606060606
2016-07-01,2016-09-30,Zip Code: 98108,Single Family Residential,429000.0,425000.0,275.0,59.0,85.0,31.0,1.047975193129444,0.4915254237288135
2021-07-01,2021-09-30,Zip Code: 98119,Single Family Residential,1475000.0,1335000.0,651.0791366906475,57.0,57.0,10.0,1.0470668157558958,0.4912280701754385
2012-01-01,2012-03-31,Zip Code: 98102,All Residential,360000.0,398000.0,283.16524437548486,53.0,81.0,59.0,0.9651549544609987,0.1698113207547169
2019-01-01,2019-03-31,Zip Code: 98116,Condo/Co-op,441250.0,449975.0,504.75576498999726,26.0,30.0,8.0,0.98393370703721,0.1923076923076923
2018-01-01,2018-03-31,Zip Code: 98106,All Residential,570000.0,534950.0,355.14219849453457,99.0,117.0,22.0,1.0670560414346169,0.5959595959595959
2016-03-01,2016-05-31,Zip Code: 98178,Townhouse,83000.0,95000.0,74.04103479036574,3.0,3.0,1.0,1.029322561353436,0.6666666666666666
2022-10-01,2022-12-31,Zip Code: 98122,Single Family Residential,1175000.0,899000.0,564.6707862774344,45.0,38.0,24.0,0.9723187207193073,0.1777777777777777
2016-04-01,2016-06-30,Zip Code: 98117,All Residential,700500.0,674950.0,370.54843304843297,200.0,219.0,33.0,1.0744957036943494,0.68
2012-08-01,2012-10-31,Zip Code: 98102,Townhouse,630000.0,499950.0,395.71428571428567,7.0,9.0,9.0,0.996776608572668,0.1428571428571428
2023-09-01,2023-11-30,Zip Code: 98102,Townhouse,1085000.0,1094000.0,717.485549132948,11.0,18.0,4.0,0.9927317605326966,0.3636363636363636
2019-10-01,2019-12-31,Zip Code: 98112,Multi-Family (2-4 Unit),823375.0,984975.0,453.3279456392664,2.0,4.0,2.0,1.1187548936387337,1.0
2014-09-01,2014-11-30,Zip Code: 98105,All Residential,615600.0,585000.0,321.05263157894734,96.0,87.0,33.0,1.000231544352134,0.3645833333333333
2012-01-01,2012-03-31,Zip Code: 98136,All Residential,366000.0,389950.0,205.30464480874315,52.0,67.0,45.0,0.97848031531528,0.3269230769230769
2016-12-01,2017-02-28,Zip Code: 98102,Townhouse,769975.0,852490.0,498.7287031266829,16.0,16.0,3.0,0.9877737107221136,0.125
2017-07-01,2017-09-30,Zip Code: 98115,All Residential,779000.0,732990.0,426.4705882352941,229.0,235.0,58.0,1.0604942858978448,0.611353711790393
2018-10-01,2018-12-31,Zip Code: 98105,Townhouse,780000.0,769000.0,582.3754789272032,13.0,13.0,7.0,0.9925557947615876,0.0769230769230769
2019-07-01,2019-09-30,Zip Code: 98134,All Residential,543000.0,559000.0,707.03125,1.0,1.0,,0.9713774597495528,0.0
2015-10-01,2015-12-31,Zip Code: 98134,All Residential,520000.0,998555.0,298.85057471264366,1.0,1.0,1.0,1.0196078431372548,1.0
2018-09-01,2018-11-30,Zip Code: 98105,All Residential,936500.0,899250.0,494.44444444444446,83.0,94.0,44.0,0.995816377891168,0.2650602409638554
2015-07-01,2015-09-30,Zip Code: 98178,Single Family Residential,317750.0,336900.0,180.625,101.0,110.0,54.0,1.0133007694053908,0.4158415841584158
2018-10-01,2018-12-31,Zip Code: 98177,Multi-Family (2-4 Unit),960000.0,,297.4091204878745,2.0,,1.0,0.9352962905038174,0.0
2012-08-01,2012-10-31,Zip Code: 98133,Condo/Co-op,95100.0,119000.0,114.01425178147268,19.0,25.0,18.0,0.9826159719784444,0.1578947368421052
2018-08-01,2018-10-31,Zip Code: 98122,All Residential,707500.0,710000.0,569.5364238410596,113.0,173.0,85.0,0.9922320783750848,0.2743362831858406
2014-03-01,2014-05-31,Zip Code: 98177,All Residential,474106.0,484500.0,235.55276381909547,71.0,124.0,62.0,1.0060623610219666,0.4507042253521126
2017-07-01,2017-09-30,Zip Code: 98105,All Residential,876000.0,895000.0,513.2191877644827,106.0,118.0,35.0,1.051341851520262,0.490566037735849
2023-07-01,2023-09-30,Zip Code: 98144,Multi-Family (2-4 Unit),1087500.0,999990.0,365.9065388269845,4.0,5.0,3.0,0.9464767025089604,0.0
2015-04-01,2015-06-30,Zip Code: 98177,Single Family Residential,615500.0,627000.0,261.61909009812666,92.0,124.0,48.0,1.0201955241613592,0.5217391304347825
2015-09-01,2015-11-30,Zip Code: 98112,Single Family Residential,1075000.0,1299000.0,436.3939899833055,55.0,48.0,18.0,1.0352489772670472,0.4545454545454545
2015-04-01,2015-06-30,Zip Code: 98117,All Residential,575000.0,566500.0,333.7924084648976,182.0,188.0,22.0,1.05754124895067,0.6868131868131868
2021-06-01,2021-08-31,Zip Code: 98133,Townhouse,600500.0,642000.0,417.4504484506536,52.0,67.0,26.0,1.0021313306229458,0.25
2021-09-01,2021-11-30,Zip Code: 98115,Single Family Residential,1080000.0,929000.0,532.4471126357919,170.0,143.0,6.0,1.0694289466672338,0.588235294117647
2015-10-01,2015-12-31,Zip Code: 98106,All Residential,365500.0,354950.0,231.38297872340425,117.0,85.0,30.0,1.0174840271835786,0.4188034188034188
2022-12-01,2023-02-28,Zip Code: 98126,Single Family Residential,785000.0,725000.0,457.2633451306392,42.0,36.0,11.0,0.9832619642560412,0.2142857142857142
2015-04-01,2015-06-30,Zip Code: 98177,Condo/Co-op,285000.0,412495.0,231.3059864540092,4.0,8.0,3.0,1.008691225775136,0.5
2013-09-01,2013-11-30,Zip Code: 98178,Townhouse,165000.0,62425.0,138.65546218487395,1.0,2.0,3.0,1.0770234986945173,1.0
2022-07-01,2022-09-30,Zip Code: 98115,Single Family Residential,1066000.0,1199450.0,572.3795691115952,172.0,164.0,56.0,1.0039197883287814,0.3081395348837209
2019-04-01,2019-06-30,Zip Code: 98117,Multi-Family (2-4 Unit),610000.0,1250000.0,396.1038961038961,1.0,3.0,2.0,1.0166666666666666,1.0
2018-02-01,2018-04-30,Zip Code: 98178,Multi-Family (2-4 Unit),518000.0,,153.25443786982248,1.0,,,1.036,1.0
2020-09-01,2020-11-30,Zip Code: 98119,Multi-Family (2-4 Unit),1390000.0,1100000.0,489.30390492359936,2.0,8.0,2.0,0.9711779448621553,0.0
2018-11-01,2019-01-31,Zip Code: 98136,Single Family Residential,750000.0,842000.0,376.9322753333967,46.0,28.0,15.0,0.976830475769902,0.0869565217391304
2021-06-01,2021-08-31,Zip Code: 98101,All Residential,697000.0,649900.0,864.5056442469311,82.0,107.0,65.0,0.985521570642609,0.1219512195121951
2016-02-01,2016-04-30,Zip Code: 98199,Multi-Family (2-4 Unit),725000.0,1120000.0,320.7964601769912,1.0,7.0,3.0,1.0,0.0
2015-08-01,2015-10-31,Zip Code: 98119,Townhouse,637000.0,695000.0,421.5751158173395,9.0,17.0,10.0,1.0002037646811837,0.4444444444444444
2014-06-01,2014-08-31,Zip Code: 98136,Single Family Residential,510000.0,544475.0,269.2771084337349,59.0,82.0,39.0,1.005753558206539,0.4067796610169491
2023-02-01,2023-04-30,Zip Code: 98126,All Residential,660500.0,715000.0,478.9841760354298,90.0,94.0,23.0,1.0110736983382913,0.3888888888888889
2018-12-01,2019-02-28,Zip Code: 98175,Townhouse,587000.0,585000.0,425.0543084721217,1.0,1.0,,1.0034188034188034,1.0
2014-12-01,2015-02-28,Zip Code: 98113,Single Family Residential,565000.0,524950.0,279.7029702970297,1.0,1.0,,1.0762929802838366,1.0
2017-11-01,2018-01-31,Zip Code: 98118,Single Family Residential,610000.0,600000.0,331.68316831683165,105.0,83.0,30.0,1.0380183097725546,0.4285714285714285
2012-11-01,2013-01-31,Zip Code: 98117,All Residential,441300.0,439950.0,245.5565268065268,102.0,77.0,25.0,0.9998754493823764,0.3235294117647059
2023-11-01,2024-01-31,Zip Code: 98108,All Residential,680000.0,774000.0,430.6930693069306,35.0,36.0,21.0,0.979759077556889,0.2857142857142857
2022-02-01,2022-04-30,Zip Code: 98107,Multi-Family (2-4 Unit),1387500.0,1174500.0,501.98986975397975,9.0,8.0,1.0,1.063065166220562,0.6666666666666666
2023-10-01,2023-12-31,Zip Code: 98108,Multi-Family (2-4 Unit),1156160.0,699950.0,348.2409638554217,1.0,1.0,2.0,0.7838372881355931,0.0
2021-03-01,2021-05-31,Zip Code: 98118,Multi-Family (2-4 Unit),976500.0,975000.0,273.0442176870748,4.0,9.0,5.0,1.0082470728442454,0.75
2016-06-01,2016-08-31,Zip Code: 98119,Single Family Residential,1050000.0,999500.0,415.0217322693758,58.0,48.0,16.0,1.0249247131423451,0.3793103448275861
2014-01-01,2014-03-31,Zip Code: 98121,Single Family Residential,2440000.0,,274.46569178852644,1.0,,1.0,0.8792792792792792,0.0
2019-11-01,2020-01-31,Zip Code: 98105,Townhouse,716000.0,694950.0,475.40983606557376,11.0,8.0,3.0,0.9936482237520776,0.0909090909090909
2019-02-01,2019-04-30,Zip Code: 98119,Multi-Family (2-4 Unit),1225000.0,1250000.0,562.539531941809,2.0,5.0,4.0,0.967741935483871,0.0
2014-10-01,2014-12-31,Zip Code: 98115,Townhouse,497000.0,499975.0,334.591439688716,17.0,14.0,3.0,0.9961692778393626,0.1176470588235294
2023-01-01,2023-03-31,Zip Code: 98118,Multi-Family (2-4 Unit),680000.0,1099990.0,435.8974358974359,1.0,1.0,2.0,0.883174232092993,0.0
2022-01-01,2022-03-31,Zip Code: 98144,Townhouse,744500.0,799990.0,582.0,68.0,78.0,17.0,1.0213227146219148,0.3529411764705882
2018-12-01,2019-02-28,Zip Code: 98109,Single Family Residential,1235000.0,1387500.0,522.5806451612904,17.0,14.0,12.0,0.9737427441681668,0.1176470588235294
2021-03-01,2021-05-31,Zip Code: 98125,All Residential,753790.0,734950.0,470.89160595488255,162.0,184.0,33.0,1.1009616616046063,0.6913580246913579
2018-08-01,2018-10-31,Zip Code: 98117,Condo/Co-op,432500.0,479000.0,550.8000086138209,6.0,7.0,3.0,0.971094075406316,0.3333333333333333
2016-12-01,2017-02-28,Zip Code: 98119,Single Family Residential,950000.0,1101500.0,402.5925925925927,27.0,24.0,14.0,0.9891439334096443,0.2962962962962962
2019-12-01,2020-02-29,Zip Code: 98126,All Residential,572425.0,625000.0,378.714456686942,100.0,106.0,45.0,0.9963886382798928,0.25
2023-03-01,2023-05-31,Zip Code: 98117,All Residential,920000.0,875000.0,573.0659025787966,125.0,189.0,52.0,1.032315701132402,0.512
2020-07-01,2020-09-30,Zip Code: 98144,Condo/Co-op,418000.0,415000.0,606.4516129032259,15.0,27.0,14.0,0.981694894094748,0.1333333333333333
2023-04-01,2023-06-30,Zip Code: 98113,All Residential,1060000.0,1035000.0,524.7524752475248,1.0,1.0,,1.0241545893719808,1.0
2017-12-01,2018-02-28,Zip Code: 98175,All Residential,622500.0,422200.0,583.8742393509127,2.0,2.0,,1.2160995643411034,1.0
2014-04-01,2014-06-30,Zip Code: 98112,Townhouse,490000.0,485000.0,325.8503401360544,11.0,9.0,1.0,1.017272804971307,0.5454545454545454
2015-03-01,2015-05-31,Zip Code: 98112,Single Family Residential,1112500.0,1235000.0,401.7291792700141,66.0,99.0,32.0,1.0480790267249829,0.5
2021-12-01,2022-02-28,Zip Code: 98178,Townhouse,310000.0,644999.5,273.1674198676092,2.0,6.0,,1.000159141545037,0.5
2021-04-01,2021-06-30,Zip Code: 98108,Single Family Residential,706000.0,722475.0,400.24038461538464,82.0,82.0,17.0,1.0778539230443132,0.7317073170731707
2022-06-01,2022-08-31,Zip Code: 98122,Single Family Residential,1346000.0,1200000.0,650.26395173454,69.0,91.0,31.0,1.0322909580151585,0.4202898550724637
2017-10-01,2017-12-31,Zip Code: 98108,All Residential,572250.0,569250.0,375.8306107062076,106.0,94.0,19.0,1.010019788754898,0.4433962264150943
2023-04-01,2023-06-30,Zip Code: 98116,All Residential,899450.0,925000.0,591.3525835866262,100.0,129.0,46.0,1.0221439115251658,0.4299999999999999
2015-10-01,2015-12-31,Zip Code: 98106,Townhouse,339300.5,379950.0,231.01028966213727,28.0,25.0,9.0,1.0156967778472157,0.5
2018-04-01,2018-06-30,Zip Code: 98125,Multi-Family (2-4 Unit),800000.0,645000.0,236.6863905325444,1.0,3.0,1.0,1.000062503906494,1.0
2014-03-01,2014-05-31,Zip Code: 98178,All Residential,263500.0,287000.0,143.97440455030218,91.0,103.0,59.0,0.9967539041395932,0.4395604395604395
2016-08-01,2016-10-31,Zip Code: 98121,Condo/Co-op,865050.0,586700.0,805.4133055379317,240.0,120.0,45.0,1.0073151924641437,0.1875
2013-04-01,2013-06-30,Zip Code: 98119,Condo/Co-op,277000.0,302500.0,319.12813946267863,52.0,66.0,32.0,0.9981784417656248,0.3076923076923077
2018-11-01,2019-01-31,Zip Code: 98118,All Residential,575000.0,599950.0,327.979274611399,87.0,87.0,67.0,0.9739027430832008,0.160919540229885
2022-05-01,2022-07-31,Zip Code: 98105,Condo/Co-op,516500.0,479000.0,698.9737481101388,20.0,35.0,17.0,1.0038530882117347,0.25
2012-05-01,2012-07-31,Zip Code: 98119,Townhouse,409000.0,559000.0,342.28187919463085,7.0,14.0,6.0,0.9703510949937184,0.0
2017-08-01,2017-10-31,Zip Code: 98112,Condo/Co-op,595075.0,500000.0,621.7298240050736,16.0,13.0,3.0,1.0639489409896516,0.8125
2015-08-01,2015-10-31,Zip Code: 98117,Townhouse,440000.0,449950.0,326.9230769230769,9.0,12.0,5.0,1.034511671402346,0.5555555555555555
2021-05-01,2021-07-31,Zip Code: 98105,Condo/Co-op,437500.0,466500.0,559.2368849380243,26.0,36.0,20.0,1.0084687018276963,0.4615384615384615
2013-02-01,2013-04-30,Zip Code: 98113,All Residential,408000.0,385000.0,370.9090909090909,1.0,1.0,,1.0597402597402596,1.0
2014-02-01,2014-04-30,Zip Code: 98125,Multi-Family (2-4 Unit),322150.0,699450.0,130.95528455284554,1.0,4.0,3.0,0.961641791044776,0.0
2021-12-01,2022-02-28,Zip Code: 98122,All Residential,815000.0,799950.0,629.0174471992653,139.0,122.0,36.0,1.0194990745252956,0.3093525179856115
2014-02-01,2014-04-30,Zip Code: 98107,Townhouse,479000.0,429950.0,340.24305555555554,39.0,28.0,2.0,1.0196387571753835,0.4615384615384615
2019-11-01,2020-01-31,Zip Code: 98106,Single Family Residential,598500.0,630000.0,335.1388970286585,78.0,45.0,24.0,0.9952417088229774,0.2564102564102563
2016-10-01,2016-12-31,Zip Code: 98121,All Residential,560000.0,532450.0,680.1909307875897,111.0,74.0,22.0,1.0089375240126093,0.3153153153153153
2012-04-01,2012-06-30,Zip Code: 98109,Multi-Family (2-4 Unit),472725.0,519999.0,231.76157017050767,2.0,3.0,1.0,0.9997092114663332,0.5
2022-11-01,2023-01-31,Zip Code: 98118,Condo/Co-op,580000.0,395000.0,690.4761904761905,3.0,5.0,3.0,0.9534397742997442,0.0
2013-04-01,2013-06-30,Zip Code: 98106,Condo/Co-op,206551.0,159950.0,210.76632653061225,1.0,3.0,,0.9882822966507177,0.0
2017-03-01,2017-05-31,Zip Code: 98104,Condo/Co-op,326000.0,515000.0,555.5555555555555,27.0,53.0,24.0,1.0567968826967644,0.5925925925925924
2018-08-01,2018-10-31,Zip Code: 98178,Townhouse,220000.0,367500.0,191.05125977410947,3.0,2.0,3.0,1.0546737213403878,0.3333333333333333
2021-04-01,2021-06-30,Zip Code: 98106,Townhouse,602500.0,540000.0,381.6185168334849,50.0,43.0,12.0,1.0281730836527525,0.64
2023-05-01,2023-07-31,Zip Code: 98116,Townhouse,806250.0,799995.0,581.9214271697003,16.0,17.0,6.0,1.0085967081671132,0.375
2014-09-01,2014-11-30,Zip Code: 98107,Single Family Residential,578500.0,589950.0,325.7545334397199,58.0,57.0,11.0,1.0244209038614187,0.5
2022-08-01,2022-10-31,Zip Code: 98177,Condo/Co-op,746000.0,454500.0,468.5929648241206,3.0,4.0,3.0,1.0220689655172417,0.6666666666666666
2018-02-01,2018-04-30,Zip Code: 98117,Condo/Co-op,445000.0,518950.0,586.4197530864197,3.0,11.0,4.0,1.0329789639828253,0.3333333333333333
2015-03-01,2015-05-31,Zip Code: 98115,Condo/Co-op,237760.0,249950.0,245.9204703885555,36.0,44.0,10.0,1.0098684821657338,0.3888888888888889
2016-12-01,2017-02-28,Zip Code: 98108,Multi-Family (2-4 Unit),460000.0,552500.0,185.03620273531777,1.0,2.0,1.0,0.9484536082474226,0.0
2012-11-01,2013-01-31,Zip Code: 98118,All Residential,250000.0,255500.0,157.23270440251574,123.0,99.0,80.0,1.0018132455404385,0.3577235772357723
2018-05-01,2018-07-31,Zip Code: 98107,Condo/Co-op,531500.0,504475.0,707.7225759942329,34.0,52.0,11.0,1.040678865918415,0.5294117647058822
2013-11-01,2014-01-31,Zip Code: 98178,Single Family Residential,208000.0,250000.0,140.4133627996181,62.0,77.0,67.0,0.9884481319087632,0.2419354838709677
2014-07-01,2014-09-30,Zip Code: 98112,Townhouse,556500.0,569000.0,415.8313000825909,6.0,6.0,1.0,1.0223984705961853,0.3333333333333333
2015-02-01,2015-04-30,Zip Code: 98106,Single Family Residential,336000.0,349971.0,197.91666666666663,81.0,88.0,27.0,1.0142861747258505,0.4938271604938271
2014-04-01,2014-06-30,Zip Code: 98118,Condo/Co-op,218450.0,205000.0,280.1916364724263,2.0,4.0,7.0,0.976791718483252,0.0
2020-02-01,2020-04-30,Zip Code: 98144,Multi-Family (2-4 Unit),1600000.0,1190000.0,348.6598387448246,1.0,4.0,2.0,1.0,0.0
2017-12-01,2018-02-28,Zip Code: 98118,Condo/Co-op,286500.0,263000.0,424.670234973579,6.0,5.0,,0.9966666666666668,0.0
2012-11-01,2013-01-31,Zip Code: 98134,Condo/Co-op,204500.0,199950.0,174.3048970560987,2.0,1.0,2.0,0.9641942309834056,0.0
2020-10-01,2020-12-31,Zip Code: 98177,Condo/Co-op,612988.0,456950.0,318.10482615464446,3.0,4.0,2.0,0.9947835159102764,0.0
2015-12-01,2016-02-29,Zip Code: 98108,Multi-Family (2-4 Unit),172600.0,410000.0,273.968253968254,1.0,1.0,2.0,0.9862857142857144,0.0
2013-09-01,2013-11-30,Zip Code: 98106,Condo/Co-op,198500.0,174950.0,206.34095634095635,1.0,3.0,3.0,0.9925,0.0
2021-04-01,2021-06-30,Zip Code: 98117,All Residential,949250.0,855000.0,539.9248918898414,270.0,296.0,46.0,1.102104754577237,0.6851851851851852
2012-01-01,2012-03-31,Zip Code: 98122,Multi-Family (2-4 Unit),325500.0,459000.0,133.43785353663273,2.0,5.0,6.0,0.9584158141345664,0.0
2023-09-01,2023-11-30,Zip Code: 98119,Single Family Residential,1280000.0,1300000.0,673.9636702375408,34.0,37.0,19.0,0.9932243934044728,0.2058823529411764
2023-01-01,2023-03-31,Zip Code: 98108,All Residential,580998.5,625000.0,445.31719664610034,48.0,79.0,40.0,0.9892840135319488,0.2291666666666666
2023-11-01,2024-01-31,Zip Code: 98177,Condo/Co-op,280000.0,615000.0,384.08779149519887,1.0,3.0,,0.9491525423728812,0.0
2012-04-01,2012-06-30,Zip Code: 98105,Multi-Family (2-4 Unit),715000.0,657450.0,225.9036144578313,3.0,4.0,1.0,0.9971158068984156,0.3333333333333333
2017-02-01,2017-04-30,Zip Code: 98136,Single Family Residential,700000.0,699950.0,333.33333333333326,51.0,70.0,14.0,1.0508774867258144,0.6470588235294118
2012-05-01,2012-07-31,Zip Code: 98105,Condo/Co-op,259888.0,274950.0,277.8875004747617,23.0,22.0,19.0,0.9760365918709883,0.1739130434782608
2021-09-01,2021-11-30,Zip Code: 98118,Condo/Co-op,310000.0,345000.0,539.3053016453382,7.0,5.0,2.0,0.9565559211607982,0.1428571428571428
2016-05-01,2016-07-31,Zip Code: 98122,All Residential,600000.0,599999.0,463.0872483221477,175.0,185.0,39.0,1.0516850040250194,0.6228571428571428
2018-11-01,2019-01-31,Zip Code: 98102,Single Family Residential,1350000.0,1024750.0,517.2413793103449,13.0,6.0,8.0,0.962393106908514,0.0
2023-12-01,2024-02-29,Zip Code: 98102,All Residential,602750.0,719950.0,601.2035105264065,44.0,65.0,46.0,0.9803206911701586,0.1363636363636363
2017-12-01,2018-02-28,Zip Code: 98102,Single Family Residential,1220000.0,1495000.0,539.6,19.0,17.0,6.0,0.9879923107711072,0.2105263157894736
2017-07-01,2017-09-30,Zip Code: 98126,Single Family Residential,605750.0,590000.0,376.639979338843,104.0,104.0,29.0,1.0623868546444206,0.6634615384615384
2015-01-01,2015-03-31,Zip Code: 98136,Single Family Residential,545000.0,515000.0,293.1034482758621,47.0,70.0,18.0,1.0115838902518244,0.425531914893617
2013-12-01,2014-02-28,Zip Code: 98125,Multi-Family (2-4 Unit),633500.0,599900.0,160.01515534225814,1.0,1.0,1.0,0.9746153846153846,0.0
2017-06-01,2017-08-31,Zip Code: 98125,Townhouse,518750.0,494950.0,374.53980628395936,26.0,22.0,1.0,1.1136490347573216,0.8461538461538461
2019-07-01,2019-09-30,Zip Code: 98108,Townhouse,477500.0,525000.0,425.5082944777493,10.0,9.0,13.0,0.991526145352902,0.1
2016-05-01,2016-07-31,Zip Code: 98118,Townhouse,404800.0,414800.0,298.6111111111111,35.0,31.0,10.0,1.0210896164483971,0.3714285714285714
2018-11-01,2019-01-31,Zip Code: 98118,Multi-Family (2-4 Unit),715100.0,854000.0,284.65346534653463,3.0,3.0,2.0,0.9668314237158052,0.0
2015-01-01,2015-03-31,Zip Code: 98178,Condo/Co-op,50500.0,,45.04906333630687,1.0,,,1.030612244897959,1.0
2021-01-01,2021-03-31,Zip Code: 98107,Single Family Residential,982500.0,950000.0,525.9858527639508,40.0,57.0,8.0,1.0506030813587557,0.4749999999999999
2013-10-01,2013-12-31,Zip Code: 98177,All Residential,483250.0,489000.0,220.946634897322,76.0,59.0,35.0,0.9810195905866642,0.1842105263157894
2014-03-01,2014-05-31,Zip Code: 98117,Multi-Family (2-4 Unit),595000.0,622000.0,225.9548761475836,6.0,6.0,2.0,1.0253416856213466,0.5
2017-04-01,2017-06-30,Zip Code: 98117,Single Family Residential,805000.0,749450.0,417.0731707317073,153.0,186.0,21.0,1.0902914516991933,0.7254901960784313
2019-02-01,2019-04-30,Zip Code: 98115,Single Family Residential,850000.0,895950.0,431.97969543147207,107.0,133.0,36.0,1.0101165021939824,0.4018691588785046
2016-06-01,2016-08-31,Zip Code: 98102,Single Family Residential,1125000.0,1237500.0,442.64400703560455,20.0,20.0,8.0,0.9903624288138476,0.2
2022-07-01,2022-09-30,Zip Code: 98178,Townhouse,527500.0,444999.0,332.91218340115216,2.0,5.0,2.0,0.96127562642369,0.0
2023-06-01,2023-08-31,Zip Code: 98122,All Residential,850000.0,848475.0,603.6789297658863,131.0,146.0,77.0,1.0084939731243794,0.3129770992366412
2021-05-01,2021-07-31,Zip Code: 98116,Townhouse,747500.0,725000.0,511.9047619047619,41.0,49.0,14.0,1.0122665819217591,0.3658536585365853
2023-01-01,2023-03-31,Zip Code: 98112,Single Family Residential,1638800.0,1900000.0,670.4304869442484,35.0,53.0,20.0,0.995060947179674,0.2285714285714285
2015-03-01,2015-05-31,Zip Code: 98177,Condo/Co-op,390000.0,390000.0,216.80216802168025,5.0,7.0,2.0,0.9982731458039106,0.4
2022-05-01,2022-07-31,Zip Code: 98122,Condo/Co-op,471150.0,475000.0,650.58056099152,64.0,79.0,28.0,1.0003090278491844,0.375
2019-10-01,2019-12-31,Zip Code: 98122,Condo/Co-op,390000.0,500000.0,662.689393939394,29.0,18.0,8.0,0.9904334421712097,0.2068965517241379
2012-12-01,2013-02-28,Zip Code: 98116,Townhouse,392500.0,410000.0,234.47145061728395,8.0,8.0,8.0,0.9884031911498392,0.25
2018-11-01,2019-01-31,Zip Code: 98199,Single Family Residential,1000000.0,1099500.0,415.71753986332567,57.0,32.0,20.0,0.9794153712520788,0.1929824561403508
2020-12-01,2021-02-28,Zip Code: 98136,Single Family Residential,842000.0,784950.0,419.44444444444446,48.0,42.0,7.0,1.0252307567360024,0.4583333333333333
2014-10-01,2014-12-31,Zip Code: 98136,Single Family Residential,525000.0,549000.0,269.61964371689936,63.0,37.0,17.0,0.9931123779616746,0.2539682539682539
2023-04-01,2023-06-30,Zip Code: 98134,Single Family Residential,862000.0,,598.6111111111111,1.0,,,1.0512836148545643,1.0
2019-12-01,2020-02-29,Zip Code: 98117,Single Family Residential,808000.0,812475.0,434.9197657762664,80.0,78.0,23.0,1.0007016833733169,0.375
2020-04-01,2020-06-30,Zip Code: 98105,All Residential,1100000.0,1097500.0,490.8965728274173,84.0,110.0,45.0,1.0049212057670496,0.2976190476190476
2016-01-01,2016-03-31,Zip Code: 98199,Multi-Family (2-4 Unit),725000.0,1160000.0,320.7964601769912,1.0,6.0,4.0,1.0,0.0
2022-04-01,2022-06-30,Zip Code: 98122,Townhouse,999750.0,929950.0,693.9929564449556,48.0,63.0,12.0,1.0484395865830285,0.5416666666666666
2019-01-01,2019-03-31,Zip Code: 98136,All Residential,709475.0,729000.0,374.062048295213,56.0,78.0,30.0,0.9970530314908252,0.3035714285714285
2019-07-01,2019-09-30,Zip Code: 98122,Single Family Residential,922000.0,974900.0,496.6887417218544,55.0,61.0,40.0,1.0099817867271828,0.3272727272727272
2015-05-01,2015-07-31,Zip Code: 98118,All Residential,400000.0,398750.0,231.76371657305725,190.0,192.0,76.0,1.044956281712632,0.5368421052631579
2019-05-01,2019-07-31,Zip Code: 98136,Single Family Residential,775000.0,739750.0,405.940594059406,79.0,88.0,27.0,1.0256008853102216,0.4810126582278481
2023-03-01,2023-05-31,Zip Code: 98126,Condo/Co-op,480000.0,417500.0,507.269295847976,16.0,16.0,5.0,1.0059984536034416,0.1875
2013-07-01,2013-09-30,Zip Code: 98118,Single Family Residential,350000.0,329999.0,188.88888888888889,155.0,185.0,120.0,1.018780102846482,0.4709677419354838
2018-11-01,2019-01-31,Zip Code: 98107,Single Family Residential,883030.0,885000.0,480.3345133269871,26.0,27.0,13.0,0.9877098677543462,0.3076923076923077
2020-07-01,2020-09-30,Zip Code: 98112,Single Family Residential,1455000.0,1499000.0,583.6174877615131,90.0,125.0,45.0,1.029204558819333,0.4666666666666666
2023-01-01,2023-03-31,Zip Code: 98126,Condo/Co-op,520000.0,479900.0,481.2098991750688,15.0,13.0,5.0,0.992318378601948,0.2
2023-09-01,2023-11-30,Zip Code: 98178,Townhouse,635000.0,300000.0,360.655737704918,3.0,3.0,1.0,1.0021582400614273,0.6666666666666666
2023-10-01,2023-12-31,Zip Code: 98136,Condo/Co-op,388125.0,429975.0,535.106896551724,4.0,2.0,,1.0175470156135349,0.5
2017-02-01,2017-04-30,Zip Code: 98122,All Residential,687500.0,648000.0,492.2131538930557,120.0,153.0,26.0,1.0662785042534355,0.6833333333333333
2017-01-01,2017-03-31,Zip Code: 98106,Condo/Co-op,222500.0,239950.0,292.87704552102093,4.0,3.0,1.0,1.0178571428571428,0.25
2015-10-01,2015-12-31,Zip Code: 98118,All Residential,417500.0,399900.0,241.6052416052416,152.0,111.0,48.0,1.015857240647844,0.4276315789473684
2021-10-01,2021-12-31,Zip Code: 98144,All Residential,795000.0,734500.0,556.5217391304348,151.0,124.0,27.0,1.028959647679505,0.4900662251655629
2017-03-01,2017-05-31,Zip Code: 98122,Townhouse,736975.0,739475.0,488.8783042020992,30.0,44.0,3.0,1.043689285217561,0.6999999999999998
2020-01-01,2020-03-31,Zip Code: 98117,All Residential,762000.0,795000.0,457.20555961960497,133.0,141.0,41.0,1.0279973665305262,0.4661654135338345
2020-11-01,2021-01-31,Zip Code: 98106,All Residential,548000.0,572497.5,352.0,147.0,106.0,30.0,0.99914010691742,0.292517006802721
2013-06-01,2013-08-31,Zip Code: 98117,All Residential,465000.0,474950.0,251.46320093457945,206.0,197.0,54.0,1.0234447713132035,0.5339805825242718
2020-07-01,2020-09-30,Zip Code: 98102,Multi-Family (2-4 Unit),1600000.0,1325000.0,571.299732907836,2.0,7.0,7.0,0.9838709677419356,0.0
2013-03-01,2013-05-31,Zip Code: 98199,Townhouse,457000.0,454250.0,275.71428571428567,16.0,32.0,10.0,1.000526327657299,0.25
2016-07-01,2016-09-30,Zip Code: 98144,Single Family Residential,641777.5,609500.0,347.64588859416443,82.0,93.0,31.0,1.0145346677792015,0.4390243902439024
2017-05-01,2017-07-31,Zip Code: 98108,All Residential,540000.0,555000.0,318.1818181818182,91.0,96.0,31.0,1.0752701406406509,0.6923076923076922
2013-07-01,2013-09-30,Zip Code: 98106,Townhouse,214350.0,249950.0,162.52032520325204,17.0,24.0,28.0,0.9926229647168536,0.2941176470588235
2017-05-01,2017-07-31,Zip Code: 98133,Single Family Residential,593050.0,566500.0,339.96212121212125,138.0,166.0,33.0,1.0908797007668585,0.7753623188405797
2014-06-01,2014-08-31,Zip Code: 98144,Condo/Co-op,251000.0,252450.0,269.48590381426203,17.0,14.0,12.0,0.9940731139326588,0.2941176470588235
2022-05-01,2022-07-31,Zip Code: 98178,Single Family Residential,700000.0,665000.0,376.6233766233766,91.0,113.0,40.0,1.0636554113619736,0.6593406593406593
2020-09-01,2020-11-30,Zip Code: 98116,Single Family Residential,877000.0,847500.0,433.37466931216926,108.0,94.0,23.0,1.0097710425173114,0.3981481481481481
2017-04-01,2017-06-30,Zip Code: 98106,Townhouse,490000.0,488500.0,326.45875251509057,35.0,30.0,3.0,1.0278733340965676,0.4571428571428571
2016-04-01,2016-06-30,Zip Code: 98175,Townhouse,485000.0,,351.1947863866763,1.0,,,1.1047835990888382,1.0
2016-08-01,2016-10-31,Zip Code: 98102,Single Family Residential,915000.0,1145000.0,418.37055677886127,15.0,23.0,13.0,0.979203188578658,0.3333333333333333
2023-06-01,2023-08-31,Zip Code: 98115,All Residential,950000.0,950000.0,588.3893762183236,196.0,221.0,63.0,1.0170648963019868,0.4183673469387755
2014-02-01,2014-04-30,Zip Code: 98104,All Residential,279000.0,279000.0,436.5079365079365,15.0,23.0,20.0,0.9707952012701356,0.3333333333333333
2015-09-01,2015-11-30,Zip Code: 98108,Single Family Residential,356450.0,439000.0,215.82399539591725,54.0,53.0,21.0,0.9996461088354708,0.4259259259259259
2012-10-01,2012-12-31,Zip Code: 98121,All Residential,314500.0,332475.0,392.4347066761927,52.0,42.0,44.0,0.9910721711900816,0.2307692307692307
2017-12-01,2018-02-28,Zip Code: 98108,Townhouse,639250.0,725000.0,436.2245657937856,34.0,24.0,3.0,1.0218124290341288,0.3529411764705882
2017-06-01,2017-08-31,Zip Code: 98133,All Residential,550000.0,525000.0,351.85185185185185,225.0,287.0,53.0,1.0693156149240033,0.6622222222222222
2021-03-01,2021-05-31,Zip Code: 98178,Condo/Co-op,553781.0,551738.0,324.2324294410625,11.0,12.0,,1.0111774287629431,0.2727272727272727
2016-07-01,2016-09-30,Zip Code: 98125,Townhouse,392500.0,399950.0,311.7075617987777,24.0,20.0,2.0,1.0418378651695244,0.5416666666666666
2022-01-01,2022-03-31,Zip Code: 98107,Single Family Residential,1220000.0,998950.0,574.2286751361162,35.0,54.0,4.0,1.1298027092563885,0.8
2012-11-01,2013-01-31,Zip Code: 98105,Multi-Family (2-4 Unit),494345.0,792500.0,209.46300966792768,6.0,4.0,3.0,0.9532462865340136,0.0
2022-01-01,2022-03-31,Zip Code: 98118,All Residential,795000.0,769000.0,498.49237905897945,138.0,167.0,30.0,1.0620634708858896,0.5144927536231882
2019-05-01,2019-07-31,Zip Code: 98106,Single Family Residential,607100.0,585000.0,348.4848484848485,119.0,137.0,59.0,1.0031311113258403,0.3109243697478991
2018-09-01,2018-11-30,Zip Code: 98108,Condo/Co-op,397000.0,409000.0,495.7852900069881,2.0,1.0,,0.9873417721518986,0.0
2018-03-01,2018-05-31,Zip Code: 98118,Single Family Residential,675000.0,609750.0,350.96153846153845,135.0,162.0,39.0,1.0746950085894331,0.637037037037037
2022-01-01,2022-03-31,Zip Code: 98106,Single Family Residential,705000.0,695000.0,488.7218045112783,63.0,83.0,10.0,1.058082295753921,0.6666666666666666
2016-10-01,2016-12-31,Zip Code: 98119,Multi-Family (2-4 Unit),849000.0,795000.0,401.91387559808607,5.0,3.0,,1.015441484653362,0.4
2017-05-01,2017-07-31,Zip Code: 98125,Single Family Residential,701000.0,642497.5,358.6666666666667,113.0,134.0,24.0,1.0950449826891824,0.7522123893805309
2019-08-01,2019-10-31,Zip Code: 98125,Townhouse,518000.0,462000.0,387.1387638468529,6.0,12.0,11.0,0.9887897979830292,0.1666666666666666
2021-09-01,2021-11-30,Zip Code: 98115,Condo/Co-op,419900.0,419900.0,495.57522123893807,41.0,35.0,7.0,1.0045548967202391,0.2439024390243902
2022-06-01,2022-08-31,Zip Code: 98108,Single Family Residential,748750.0,749975.0,425.91937765205085,60.0,72.0,23.0,0.9946346369616048,0.3666666666666666
2013-09-01,2013-11-30,Zip Code: 98126,Townhouse,313027.0,290900.0,218.3027829810008,14.0,15.0,7.0,1.0003344185792309,0.3571428571428571
2015-04-01,2015-06-30,Zip Code: 98106,Townhouse,303000.0,317000.0,222.20724731282004,44.0,38.0,6.0,1.0283790034962073,0.4772727272727272
2016-06-01,2016-08-31,Zip Code: 98119,Townhouse,740500.0,762450.0,447.4477035015916,14.0,16.0,4.0,1.0184462188035357,0.3571428571428571
2016-04-01,2016-06-30,Zip Code: 98109,Multi-Family (2-4 Unit),1118000.0,990000.0,360.64516129032256,1.0,3.0,3.0,1.04,1.0
2023-11-01,2024-01-31,Zip Code: 98119,Townhouse,950000.0,849950.0,542.4609438238625,2.0,15.0,7.0,0.9953900709219858,0.5
2018-01-01,2018-03-31,Zip Code: 98112,All Residential,1142500.0,1200000.0,570.2656686438816,60.0,108.0,30.0,1.0374081527485244,0.4666666666666666
2020-05-01,2020-07-31,Zip Code: 98133,Multi-Family (2-4 Unit),1050000.0,845000.0,340.46692607003894,1.0,3.0,6.0,0.9130434782608696,0.0
2017-06-01,2017-08-31,Zip Code: 98144,Townhouse,644500.0,675000.0,451.4991181657848,62.0,60.0,14.0,1.0286457028452205,0.3709677419354838
2019-10-01,2019-12-31,Zip Code: 98112,Condo/Co-op,516250.0,570000.0,607.7378710521817,12.0,8.0,6.0,0.9856964846496667,0.0
2020-10-01,2020-12-31,Zip Code: 98125,Condo/Co-op,299950.0,339000.0,355.64853556485355,15.0,11.0,7.0,0.99831469054832,0.2
2013-12-01,2014-02-28,Zip Code: 98199,Townhouse,409950.0,467000.0,292.82142857142856,11.0,8.0,2.0,0.9901229873312296,0.1818181818181818
2018-08-01,2018-10-31,Zip Code: 98119,All Residential,772500.0,754500.0,554.0540540540541,81.0,132.0,88.0,0.9901032369742728,0.1851851851851851
2016-02-01,2016-04-30,Zip Code: 98199,All Residential,700000.0,739900.0,380.17354391659904,92.0,113.0,38.0,1.035809325965798,0.4782608695652174
2016-09-01,2016-11-30,Zip Code: 98199,All Residential,751000.0,698988.0,384.2105263157896,111.0,103.0,25.0,1.0135181034762182,0.4144144144144144
2023-07-01,2023-09-30,Zip Code: 98102,Single Family Residential,1800000.0,1850000.0,608.5918854415273,9.0,15.0,14.0,0.980852786786102,0.2222222222222222
2019-10-01,2019-12-31,Zip Code: 98106,Multi-Family (2-4 Unit),775000.0,907500.0,376.2135922330097,1.0,2.0,1.0,0.9748427672955974,0.0
2020-01-01,2020-03-31,Zip Code: 98104,Condo/Co-op,550000.0,653975.0,764.1921397379914,13.0,28.0,28.0,0.9972883016984444,0.3076923076923077
2013-01-01,2013-03-31,Zip Code: 98115,Multi-Family (2-4 Unit),321000.0,504475.0,250.78125,1.0,2.0,1.0,0.9619418639496554,0.0
2021-11-01,2022-01-31,Zip Code: 98117,Townhouse,764950.0,789950.0,584.1772151898734,61.0,44.0,9.0,1.0024185107352903,0.2459016393442622
2013-09-01,2013-11-30,Zip Code: 98194,Townhouse,715000.0,,409.74212034383953,1.0,,,0.8959899749373433,0.0
2021-11-01,2022-01-31,Zip Code: 98115,Single Family Residential,993944.0,925000.0,557.1164616777442,106.0,75.0,4.0,1.075871638444051,0.6415094339622641
2021-02-01,2021-04-30,Zip Code: 98106,Multi-Family (2-4 Unit),780000.0,948999.5,523.489932885906,1.0,4.0,,1.0,0.0
2017-05-01,2017-07-31,Zip Code: 98144,Condo/Co-op,346500.0,330000.0,493.4313418830153,20.0,20.0,4.0,1.069027740497298,0.65
2019-03-01,2019-05-31,Zip Code: 98177,Single Family Residential,850000.0,849950.0,384.5679012345679,70.0,114.0,54.0,1.0124861262156395,0.4
2020-01-01,2020-03-31,Zip Code: 98118,Single Family Residential,666450.0,669995.0,358.58242936355146,82.0,108.0,42.0,1.010405450093693,0.4146341463414633
2022-05-01,2022-07-31,Zip Code: 98133,Single Family Residential,878000.0,842500.0,503.4782608695652,139.0,164.0,42.0,1.0601142555035354,0.6115107913669064
2018-08-01,2018-10-31,Zip Code: 98126,Townhouse,562500.0,569950.0,359.45310831019015,18.0,20.0,9.0,0.9971103564414948,0.1111111111111111
2020-10-01,2020-12-31,Zip Code: 98112,Condo/Co-op,642500.0,655500.0,684.1649278780731,16.0,12.0,12.0,0.9796531394889552,0.125
2014-01-01,2014-03-31,Zip Code: 98106,All Residential,260000.0,279900.0,186.9918699186992,79.0,117.0,80.0,0.9939198215477054,0.379746835443038
2012-03-01,2012-05-31,Zip Code: 98106,Multi-Family (2-4 Unit),262000.0,273000.0,109.5890410958904,3.0,3.0,4.0,0.9340965128580706,0.0
2013-11-01,2014-01-31,Zip Code: 98125,Single Family Residential,393000.0,439950.0,222.8891080485681,86.0,51.0,31.0,1.0008522508082438,0.3255813953488372
2018-08-01,2018-10-31,Zip Code: 98144,Single Family Residential,808544.0,779500.0,438.0768340764869,48.0,90.0,50.0,0.9898533311324432,0.2708333333333333
2019-11-01,2020-01-31,Zip Code: 98177,Single Family Residential,833500.0,764950.0,373.2432151758516,72.0,32.0,6.0,0.9911173674683622,0.2916666666666666
2021-05-01,2021-07-31,Zip Code: 98108,Townhouse,625000.0,599950.0,451.7741035797834,26.0,33.0,12.0,1.029909178448597,0.5384615384615384
2021-03-01,2021-05-31,Zip Code: 98116,Condo/Co-op,561900.0,574990.0,554.6628620439401,28.0,37.0,20.0,1.0064386033084127,0.3928571428571428
2020-04-01,2020-06-30,Zip Code: 98125,All Residential,628500.0,636000.0,391.5372180235182,106.0,130.0,43.0,1.0152562174059747,0.3962264150943396
2016-09-01,2016-11-30,Zip Code: 98133,Single Family Residential,500000.0,499000.0,304.57142857142856,115.0,127.0,33.0,1.0249963375134663,0.5826086956521738
2017-11-01,2018-01-31,Zip Code: 98199,Multi-Family (2-4 Unit),695000.0,,391.9491525423729,2.0,,,0.9657937165018085,0.5
2018-08-01,2018-10-31,Zip Code: 98177,Single Family Residential,763700.0,775000.0,373.2900432900433,68.0,93.0,46.0,0.9974331557411537,0.3529411764705882
2023-05-01,2023-07-31,Zip Code: 98144,Townhouse,694500.0,679900.0,556.7428571428572,56.0,58.0,28.0,0.9884349860359726,0.0892857142857142
2017-07-01,2017-09-30,Zip Code: 98109,Single Family Residential,1158000.0,1038500.0,529.4776119402985,21.0,29.0,14.0,1.0535099596978472,0.619047619047619
2016-01-01,2016-03-31,Zip Code: 98133,Condo/Co-op,209950.0,214249.5,257.8125,49.0,40.0,4.0,1.0149728698107074,0.3673469387755102
2015-05-01,2015-07-31,Zip Code: 98144,Multi-Family (2-4 Unit),759900.0,509475.0,214.90384615384616,3.0,2.0,3.0,0.9373281805183956,0.3333333333333333
2014-04-01,2014-06-30,Zip Code: 98177,All Residential,496500.0,513750.0,235.55276381909547,79.0,133.0,60.0,1.0236408852221452,0.5063291139240506
2018-09-01,2018-11-30,Zip Code: 98144,Multi-Family (2-4 Unit),670000.0,1135000.0,391.812865497076,1.0,4.0,5.0,0.9853665710714024,0.0
2014-04-01,2014-06-30,Zip Code: 98106,Condo/Co-op,155250.0,159500.0,163.77991582413145,4.0,5.0,2.0,0.9893939393939392,0.0
2018-07-01,2018-09-30,Zip Code: 98136,Condo/Co-op,410950.0,389950.0,457.0012193355225,6.0,15.0,10.0,0.9945437278349892,0.1666666666666666
2017-07-01,2017-09-30,Zip Code: 98125,Townhouse,532000.0,500000.0,374.53980628395936,20.0,19.0,1.0,1.090710361117494,0.8499999999999999
2017-07-01,2017-09-30,Zip Code: 98116,Condo/Co-op,450869.0,505000.0,508.7780898876405,27.0,26.0,5.0,1.0193129642898462,0.4444444444444444
2019-09-01,2019-11-30,Zip Code: 98199,Townhouse,726000.0,798777.0,459.40594059405936,9.0,15.0,8.0,0.990709218377521,0.2222222222222222
2023-10-01,2023-12-31,Zip Code: 98126,All Residential,769000.0,714500.0,473.37709700948216,63.0,38.0,17.0,1.0015209004198973,0.3015873015873015
2020-11-01,2021-01-31,Zip Code: 98108,Single Family Residential,712500.0,649950.0,333.01647655259814,44.0,35.0,12.0,1.0202056203810306,0.4772727272727272
2021-06-01,2021-08-31,Zip Code: 98144,Condo/Co-op,415000.0,400000.0,550.0,29.0,29.0,9.0,1.0122464893351,0.3448275862068965
2021-07-01,2021-09-30,Zip Code: 98121,Condo/Co-op,635000.0,699950.0,829.5454545454545,151.0,130.0,62.0,0.9982329849194748,0.2251655629139073
2020-07-01,2020-09-30,Zip Code: 98199,Single Family Residential,1193000.0,1199000.0,503.33333333333326,113.0,140.0,42.0,1.0199055444729843,0.4513274336283185
2020-11-01,2021-01-31,Zip Code: 98144,All Residential,730000.0,679000.0,489.1304347826088,121.0,113.0,57.0,1.005322048880192,0.2479338842975206
2014-03-01,2014-05-31,Zip Code: 98108,Single Family Residential,312800.0,338000.0,186.8686868686869,59.0,63.0,28.0,0.9998676446958156,0.3898305084745762
2014-04-01,2014-06-30,Zip Code: 98117,All Residential,552750.0,517000.0,286.2297101623187,154.0,210.0,61.0,1.0394606214087776,0.6363636363636364
2022-02-01,2022-04-30,Zip Code: 98109,Multi-Family (2-4 Unit),1215000.0,1324950.0,675.0,1.0,5.0,1.0,0.972,0.0
2020-07-01,2020-09-30,Zip Code: 98115,Condo/Co-op,411000.0,390000.0,462.83185840707966,33.0,51.0,27.0,1.0014044066728347,0.3333333333333333
2019-03-01,2019-05-31,Zip Code: 98126,All Residential,645000.0,629950.0,389.4472361809045,157.0,199.0,67.0,1.0070614651872811,0.3885350318471337
2015-05-01,2015-07-31,Zip Code: 98115,Single Family Residential,650000.0,599475.0,329.60893854748605,181.0,206.0,44.0,1.0749198327401743,0.712707182320442
2016-07-01,2016-09-30,Zip Code: 98119,All Residential,729250.0,749475.0,448.54871954146313,116.0,124.0,43.0,1.0095875569407042,0.3620689655172413
2016-01-01,2016-03-31,Zip Code: 98126,Condo/Co-op,316000.0,309000.0,348.51851851851853,11.0,13.0,2.0,1.0171173773844424,0.5454545454545454
2018-04-01,2018-06-30,Zip Code: 98116,Single Family Residential,885000.0,850000.0,471.007556675063,69.0,96.0,27.0,1.062955575682217,0.6231884057971014
2019-09-01,2019-11-30,Zip Code: 98122,Multi-Family (2-4 Unit),717500.0,2195000.0,411.1621248025276,2.0,3.0,2.0,0.9749417249417248,0.0
2014-09-01,2014-11-30,Zip Code: 98119,Condo/Co-op,260450.0,322499.5,368.15380305364897,42.0,36.0,22.0,0.9855480054303544,0.1904761904761904
2022-06-01,2022-08-31,Zip Code: 98118,Townhouse,695450.0,699000.0,530.8818165961022,36.0,39.0,19.0,1.0031172882141632,0.1388888888888889
2020-02-01,2020-04-30,Zip Code: 98118,Multi-Family (2-4 Unit),750000.0,1234000.0,260.4166666666667,1.0,3.0,3.0,1.072961373390558,1.0
2023-09-01,2023-11-30,Zip Code: 98133,Single Family Residential,765000.0,750000.0,456.76843035241,66.0,82.0,28.0,1.0071081813218103,0.3181818181818181
2020-11-01,2021-01-31,Zip Code: 98115,All Residential,837500.0,800000.0,443.9285714285714,155.0,143.0,51.0,1.0205424657935576,0.3935483870967742
2017-02-01,2017-04-30,Zip Code: 98119,Multi-Family (2-4 Unit),1023250.0,995000.0,402.1936446313672,4.0,3.0,,1.098174252677318,0.5
2022-06-01,2022-08-31,Zip Code: 98133,Multi-Family (2-4 Unit),825000.0,825000.0,391.8372600941517,4.0,3.0,,1.0348411815597578,0.5
2021-12-01,2022-02-28,Zip Code: 98134,All Residential,427000.0,279000.0,371.3043478260869,3.0,1.0,,1.0,0.0
2017-01-01,2017-03-31,Zip Code: 98112,Single Family Residential,1280000.0,1296500.0,468.1864332363756,38.0,70.0,26.0,1.0235052072541326,0.3684210526315789
2016-12-01,2017-02-28,Zip Code: 98105,Single Family Residential,809125.0,800000.0,432.08561220008784,52.0,41.0,14.0,1.0297730637761449,0.4807692307692307
2016-10-01,2016-12-31,Zip Code: 98133,All Residential,454500.0,462500.0,296.9465648854962,191.0,140.0,22.0,1.0218431206530307,0.4869109947643979
2013-05-01,2013-07-31,Zip Code: 98104,Condo/Co-op,288000.0,352000.0,305.49756437021574,15.0,26.0,19.0,0.9853987225843676,0.2666666666666666
2019-03-01,2019-05-31,Zip Code: 98122,Single Family Residential,915000.0,899000.0,489.6315403484813,56.0,91.0,38.0,0.99476810163919,0.3035714285714285
2012-10-01,2012-12-31,Zip Code: 98118,Single Family Residential,272500.0,259000.0,157.63443991457967,112.0,103.0,82.0,0.9979594063422096,0.3660714285714285
2016-06-01,2016-08-31,Zip Code: 98126,Multi-Family (2-4 Unit),839400.0,825000.0,379.8190045248869,1.0,1.0,,1.0174545454545454,1.0
2019-01-01,2019-03-31,Zip Code: 98119,Multi-Family (2-4 Unit),1000000.0,1295000.0,441.5873015873016,3.0,5.0,5.0,1.0026673939016155,0.3333333333333333
2013-10-01,2013-12-31,Zip Code: 98108,Townhouse,301800.0,323000.0,210.68702290076337,11.0,2.0,3.0,0.9837022314709812,0.1818181818181818
2014-09-01,2014-11-30,Zip Code: 98133,Single Family Residential,366000.0,399000.0,230.3030303030303,129.0,134.0,68.0,1.0019235338252723,0.3488372093023255
2017-02-01,2017-04-30,Zip Code: 98136,Townhouse,592950.0,565000.0,382.6537013801757,7.0,5.0,,1.0396460871357918,0.4285714285714285
2013-09-01,2013-11-30,Zip Code: 98125,Condo/Co-op,147500.0,151250.0,153.77440544829147,22.0,12.0,10.0,1.0089340148660184,0.4545454545454545
2013-06-01,2013-08-31,Zip Code: 98144,Multi-Family (2-4 Unit),417500.0,450000.0,173.57194833545572,6.0,11.0,9.0,1.0579906566410513,0.6666666666666666
2022-05-01,2022-07-31,Zip Code: 98107,Condo/Co-op,515000.0,499250.0,679.5016987542468,35.0,46.0,17.0,1.0118179646188803,0.4571428571428571
2013-07-01,2013-09-30,Zip Code: 98126,Single Family Residential,370000.0,369925.0,216.54929577464787,89.0,112.0,69.0,1.0025508710998603,0.4044943820224719
2023-01-01,2023-03-31,Zip Code: 98144,Condo/Co-op,360000.0,446500.0,620.2290076335878,9.0,13.0,10.0,0.9996623104006545,0.2222222222222222
2023-04-01,2023-06-30,Zip Code: 98105,Condo/Co-op,460000.0,499000.0,546.8145885734817,18.0,23.0,12.0,0.9990794087793886,0.1111111111111111
2013-02-01,2013-04-30,Zip Code: 98118,Multi-Family (2-4 Unit),373000.0,387475.0,214.367816091954,1.0,2.0,1.0,1.010840108401084,1.0
2017-01-01,2017-03-31,Zip Code: 98102,Single Family Residential,1179500.0,1050000.0,470.74100192573707,14.0,11.0,3.0,1.024454950793656,0.3571428571428571
2019-03-01,2019-05-31,Zip Code: 98115,All Residential,810000.0,799000.0,453.6842105263158,189.0,295.0,116.0,1.0078450082307486,0.3597883597883597
2017-03-01,2017-05-31,Zip Code: 98122,Single Family Residential,897600.0,872475.0,464.3913778529163,54.0,66.0,14.0,1.0945256929595193,0.611111111111111
2019-01-01,2019-03-31,Zip Code: 98175,Condo/Co-op,340000.0,360000.0,320.45240339302546,1.0,1.0,,0.9444444444444444,0.0
2022-05-01,2022-07-31,Zip Code: 98136,All Residential,912500.0,899475.0,551.9187045145404,100.0,120.0,38.0,1.0805494328944385,0.7099999999999999
2013-07-01,2013-09-30,Zip Code: 98106,All Residential,255000.0,267425.0,180.5966854827037,98.0,128.0,102.0,0.997482813215338,0.3163265306122449
2018-07-01,2018-09-30,Zip Code: 98115,Single Family Residential,872500.0,835000.0,432.865945007441,168.0,215.0,82.0,1.0158585952845838,0.4107142857142857
2018-11-01,2019-01-31,Zip Code: 98125,Single Family Residential,673675.0,630000.0,358.23494142606773,64.0,42.0,27.0,0.9769681225099168,0.1875
2021-12-01,2022-02-28,Zip Code: 98106,Single Family Residential,675000.0,650000.0,468.8304035190884,64.0,56.0,7.0,1.0253197861661845,0.59375
2020-04-01,2020-06-30,Zip Code: 98109,Single Family Residential,1275000.0,1562500.0,539.5630725863284,14.0,30.0,20.0,0.9887898212799294,0.1428571428571428
2021-05-01,2021-07-31,Zip Code: 98104,Condo/Co-op,572137.5,590000.0,787.2726660173598,40.0,51.0,45.0,0.9878629842819576,0.125
2018-07-01,2018-09-30,Zip Code: 98102,Condo/Co-op,597000.0,538500.0,632.9929007110736,64.0,70.0,38.0,1.0028377196186522,0.28125
2021-05-01,2021-07-31,Zip Code: 98119,Condo/Co-op,472500.0,453000.0,564.0771003372122,56.0,69.0,38.0,1.0031047501186574,0.3035714285714285
2020-10-01,2020-12-31,Zip Code: 98116,Townhouse,682500.0,725000.0,460.21828103683487,24.0,15.0,5.0,0.9916872208881782,0.0416666666666666
2021-02-01,2021-04-30,Zip Code: 98119,All Residential,1025000.0,969975.0,579.065565307176,134.0,146.0,53.0,1.0167837842233636,0.3582089552238805
2017-07-01,2017-09-30,Zip Code: 98106,All Residential,500000.0,485000.0,326.39545884579,124.0,121.0,30.0,1.060921758146937,0.5806451612903226
2023-02-01,2023-04-30,Zip Code: 98133,Single Family Residential,781500.0,729000.0,481.4575426944972,88.0,96.0,20.0,1.0034331566823214,0.3863636363636363
2020-06-01,2020-08-31,Zip Code: 98106,All Residential,559000.0,569950.0,368.1818181818182,135.0,193.0,88.0,1.0088811498567718,0.4
2014-10-01,2014-12-31,Zip Code: 98109,Townhouse,657500.0,674950.0,415.38461538461536,3.0,3.0,,0.9945095736516172,0.6666666666666666
2015-07-01,2015-09-30,Zip Code: 98102,Condo/Co-op,340500.0,397000.0,473.9576213260424,70.0,58.0,18.0,1.0184186688104129,0.4285714285714285
2015-01-01,2015-03-31,Zip Code: 98199,Single Family Residential,731475.0,759000.0,326.40036075524995,58.0,75.0,33.0,1.0287170863100987,0.5
2015-06-01,2015-08-31,Zip Code: 98121,Condo/Co-op,557500.0,592500.0,575.5853768106415,256.0,195.0,37.0,1.0012065593446349,0.109375
2015-02-01,2015-04-30,Zip Code: 98125,Townhouse,320975.0,315000.0,245.15503875968992,12.0,15.0,,1.0104855368191366,0.3333333333333333
2019-08-01,2019-10-31,Zip Code: 98104,Condo/Co-op,579000.0,644705.0,588.6361556064073,15.0,24.0,46.0,0.987077238388998,0.4
2012-02-01,2012-04-30,Zip Code: 98119,Multi-Family (2-4 Unit),475000.0,520000.0,,1.0,3.0,1.0,0.9134615384615384,0.0
2020-08-01,2020-10-31,Zip Code: 98178,Condo/Co-op,210000.0,180000.0,221.3392857142857,7.0,6.0,1.0,0.9808403328140168,0.2857142857142857
2012-06-01,2012-08-31,Zip Code: 98109,Townhouse,520000.0,487000.0,310.818888224746,7.0,10.0,6.0,0.9885463667729696,0.1428571428571428
2017-07-01,2017-09-30,Zip Code: 98133,Townhouse,528000.0,525000.0,397.196261682243,29.0,35.0,3.0,1.0425411904696174,0.6896551724137931
2018-12-01,2019-02-28,Zip Code: 98136,All Residential,707000.0,728000.0,384.9085094252218,50.0,49.0,26.0,0.9797833081458994,0.08
2018-03-01,2018-05-31,Zip Code: 98107,Multi-Family (2-4 Unit),1147500.0,949375.0,482.84313725490193,12.0,14.0,3.0,1.0269750026690825,0.5
2016-05-01,2016-07-31,Zip Code: 98133,Single Family Residential,500000.0,469475.0,294.24789714314574,152.0,166.0,40.0,1.067888375362416,0.6776315789473684
2016-04-01,2016-06-30,Zip Code: 98115,Condo/Co-op,275000.0,275000.0,297.69959404600814,39.0,43.0,4.0,1.0480619468191392,0.5897435897435896
2014-04-01,2014-06-30,Zip Code: 98118,All Residential,366250.0,349000.0,194.74773014596025,138.0,195.0,110.0,1.0047257551977964,0.4202898550724637
2020-05-01,2020-07-31,Zip Code: 98178,Condo/Co-op,205125.0,237500.0,222.2250975632972,8.0,10.0,4.0,1.0052289814933797,0.625
2019-04-01,2019-06-30,Zip Code: 98102,Single Family Residential,1360000.0,1396500.0,556.4611633577151,23.0,34.0,21.0,0.9881884210094032,0.1739130434782608
2013-03-01,2013-05-31,Zip Code: 98115,All Residential,430000.0,450000.0,243.5250479825753,202.0,232.0,80.0,1.0234267091971527,0.5544554455445545
2017-09-01,2017-11-30,Zip Code: 98116,Multi-Family (2-4 Unit),740000.0,,404.3715846994536,1.0,,1.0,0.961038961038961,0.0
2018-03-01,2018-05-31,Zip Code: 98133,Condo/Co-op,320500.0,299950.0,396.86007974449655,36.0,42.0,7.0,1.0589201234794778,0.6944444444444444
2018-12-01,2019-02-28,Zip Code: 98116,Multi-Family (2-4 Unit),1191729.5,925000.0,484.80050805394274,2.0,1.0,1.0,0.9584444891228536,0.0
2016-12-01,2017-02-28,Zip Code: 98126,All Residential,491500.0,523728.0,342.98360090613613,100.0,83.0,12.0,1.0218178094397907,0.5
2023-06-01,2023-08-31,Zip Code: 98106,Townhouse,635000.0,620000.0,429.52964959568726,13.0,13.0,7.0,0.9982529449294052,0.3076923076923077
2018-08-01,2018-10-31,Zip Code: 98177,Condo/Co-op,420000.0,868500.0,335.6164383561644,5.0,9.0,8.0,1.007174700778583,0.4
2017-08-01,2017-10-31,Zip Code: 98107,Townhouse,798450.0,787966.0,539.0782323316485,48.0,45.0,4.0,1.0213852165082655,0.3333333333333333
2022-07-01,2022-09-30,Zip Code: 98116,Multi-Family (2-4 Unit),915000.0,1990000.0,564.8148148148148,1.0,1.0,1.0,0.9786096256684492,0.0
2016-07-01,2016-09-30,Zip Code: 98115,Single Family Residential,749475.0,699250.0,353.8463888134673,160.0,200.0,57.0,1.0523065285114348,0.59375
2019-11-01,2020-01-31,Zip Code: 98106,Townhouse,523000.0,540000.0,356.6,35.0,45.0,21.0,0.9983882740324508,0.2
2015-10-01,2015-12-31,Zip Code: 98178,All Residential,325000.0,328000.0,189.52053442148213,82.0,65.0,26.0,1.0003541540274383,0.3902439024390244
2012-12-01,2013-02-28,Zip Code: 98117,Condo/Co-op,285000.0,375000.0,326.25118035882906,5.0,5.0,3.0,0.9698169561124504,0.0
2013-02-01,2013-04-30,Zip Code: 98107,Multi-Family (2-4 Unit),482000.0,519975.0,207.1428571428572,7.0,6.0,3.0,1.0078486959463433,0.4285714285714285
2018-07-01,2018-09-30,Zip Code: 98134,Condo/Co-op,410000.0,404975.0,356.5217391304348,3.0,2.0,1.0,1.0341749067839827,0.3333333333333333
2015-01-01,2015-03-31,Zip Code: 98112,Multi-Family (2-4 Unit),1310000.0,949950.0,285.40305010893246,1.0,1.0,1.0,0.9739776951672862,0.0
2021-07-01,2021-09-30,Zip Code: 98144,Multi-Family (2-4 Unit),789000.0,1280000.0,326.0330578512397,1.0,6.0,3.0,0.9874843554443052,0.0
2016-12-01,2017-02-28,Zip Code: 98144,Multi-Family (2-4 Unit),799350.0,706975.0,296.05555555555554,3.0,2.0,,0.967652973154508,0.3333333333333333
2023-10-01,2023-12-31,Zip Code: 98175,Townhouse,645000.0,,467.0528602461984,1.0,,,0.9772727272727272,0.0
2019-08-01,2019-10-31,Zip Code: 98106,All Residential,543250.0,527450.0,340.3703703703704,116.0,118.0,72.0,0.9929216818960764,0.2241379310344827
2019-06-01,2019-08-31,Zip Code: 98112,Condo/Co-op,785000.0,497500.0,705.3009883198563,5.0,12.0,9.0,0.985063154803571,0.2
2016-05-01,2016-07-31,Zip Code: 98105,Single Family Residential,941500.0,895000.0,422.79086669493057,64.0,63.0,19.0,1.0479850487759486,0.578125
2022-04-01,2022-06-30,Zip Code: 98108,Condo/Co-op,250000.0,674975.0,396.8253968253968,1.0,2.0,,1.0002000400080016,1.0
2017-09-01,2017-11-30,Zip Code: 98116,All Residential,700000.0,707475.0,412.830900544285,132.0,104.0,18.0,1.0051024333901168,0.4318181818181818
2013-10-01,2013-12-31,Zip Code: 98118,Condo/Co-op,201500.0,115000.0,224.5681381957773,3.0,1.0,3.0,0.9970657597706416,0.3333333333333333
2021-05-01,2021-07-31,Zip Code: 98107,Single Family Residential,1111500.0,899500.0,584.2588121680348,73.0,70.0,10.0,1.105128112929622,0.7123287671232876
2013-04-01,2013-06-30,Zip Code: 98102,Condo/Co-op,321000.0,315000.0,376.1348897535668,63.0,79.0,39.0,1.00865403465223,0.4285714285714285
2015-07-01,2015-09-30,Zip Code: 98107,Condo/Co-op,347000.0,339950.0,448.0233475220079,50.0,69.0,13.0,1.0276473326519835,0.5999999999999999
2014-06-01,2014-08-31,Zip Code: 98108,Single Family Residential,346500.0,329950.0,204.16666666666663,69.0,86.0,38.0,1.0085496524781556,0.4492753623188405
2014-05-01,2014-07-31,Zip Code: 98177,Townhouse,245000.0,330975.0,186.19140557332747,8.0,8.0,3.0,1.0080754243395644,0.5
2017-10-01,2017-12-31,Zip Code: 98106,Townhouse,490000.0,539000.0,350.0,29.0,33.0,3.0,1.0097408044004612,0.3448275862068965
2012-03-01,2012-05-31,Zip Code: 98102,Single Family Residential,725000.0,812500.0,258.41346153846155,17.0,26.0,14.0,0.9931550036533444,0.2352941176470588
2014-11-01,2015-01-31,Zip Code: 98108,All Residential,345000.0,329950.0,194.67213114754097,53.0,56.0,36.0,0.9968584975919388,0.3962264150943396
2013-05-01,2013-07-31,Zip Code: 98115,Condo/Co-op,180000.0,179919.0,193.4984520123839,25.0,32.0,17.0,1.0160848265546292,0.3599999999999999
2017-05-01,2017-07-31,Zip Code: 98144,All Residential,669950.0,689000.0,429.78627873563215,168.0,185.0,53.0,1.0548260333609316,0.5119047619047618
2013-11-01,2014-01-31,Zip Code: 98144,Condo/Co-op,196000.0,224700.0,250.9760178471835,11.0,6.0,12.0,0.9486486147571755,0.0
2014-02-01,2014-04-30,Zip Code: 98133,All Residential,339950.0,349950.0,204.40251572327043,159.0,216.0,73.0,1.003337337275233,0.3773584905660377
2020-06-01,2020-08-31,Zip Code: 98115,Condo/Co-op,424500.0,410000.0,509.1169379144063,30.0,44.0,18.0,0.9976350666907204,0.2666666666666666
2012-12-01,2013-02-28,Zip Code: 98118,All Residential,244900.0,317400.0,157.23270440251574,113.0,100.0,80.0,0.9949535256846158,0.3185840707964601
2013-10-01,2013-12-31,Zip Code: 98104,All Residential,379000.0,394425.0,308.0508474576272,13.0,15.0,14.0,0.9727220163430038,0.0769230769230769
2019-06-01,2019-08-31,Zip Code: 98105,Townhouse,800000.0,799975.0,575.0,13.0,12.0,7.0,0.98487381771072,0.0769230769230769
2020-10-01,2020-12-31,Zip Code: 98116,Multi-Family (2-4 Unit),900000.0,1100000.0,445.71428571428567,3.0,7.0,4.0,0.9795262946607788,0.0
2020-08-01,2020-10-31,Zip Code: 98106,Condo/Co-op,325624.5,300000.0,357.8852086000386,6.0,11.0,5.0,1.004428000637632,0.5
2023-05-01,2023-07-31,Zip Code: 98108,All Residential,658000.0,695000.0,411.3924050632912,71.0,77.0,40.0,0.9976539043584908,0.3380281690140845
2012-08-01,2012-10-31,Zip Code: 98115,Single Family Residential,470000.0,492475.0,249.03874538745387,148.0,168.0,63.0,0.9984647898237948,0.3716216216216216
2016-07-01,2016-09-30,Zip Code: 98104,Condo/Co-op,435000.0,514450.0,497.7272727272728,20.0,30.0,23.0,1.0042425306320344,0.45
2014-05-01,2014-07-31,Zip Code: 98121,Townhouse,275000.0,,342.4657534246575,1.0,,,0.8461538461538461,0.0
2019-05-01,2019-07-31,Zip Code: 98199,All Residential,917000.0,925000.0,459.7662034966356,136.0,173.0,73.0,1.0080345525523,0.3529411764705882
2012-09-01,2012-11-30,Zip Code: 98136,All Residential,425000.0,422000.0,212.46875,75.0,62.0,39.0,0.9882462375972808,0.2399999999999999
2014-04-01,2014-06-30,Zip Code: 98117,Single Family Residential,555000.0,538000.0,286.2297101623187,136.0,177.0,45.0,1.0429197173569726,0.6617647058823529
2015-04-01,2015-06-30,Zip Code: 98144,All Residential,535975.0,520000.0,313.1456227338198,150.0,149.0,35.0,1.035251129412922,0.5666666666666667
2020-11-01,2021-01-31,Zip Code: 98118,Townhouse,599990.0,599950.0,403.4419034419034,48.0,49.0,20.0,0.9996303461150317,0.1875
2016-07-01,2016-09-30,Zip Code: 98105,Single Family Residential,943000.0,799900.0,435.73264781491,57.0,89.0,28.0,1.0498001550799174,0.543859649122807
2013-04-01,2013-06-30,Zip Code: 98122,All Residential,440500.0,434950.0,308.9887640449438,140.0,185.0,76.0,1.0206775859445545,0.5428571428571428
2014-04-01,2014-06-30,Zip Code: 98108,Multi-Family (2-4 Unit),254000.0,,168.21192052980132,1.0,,,0.9771109828813233,0.0
2022-03-01,2022-05-31,Zip Code: 98106,All Residential,715000.0,699999.0,486.72566371681415,153.0,182.0,28.0,1.0754095202932814,0.6470588235294118
2012-11-01,2013-01-31,Zip Code: 98199,Single Family Residential,573000.0,629000.0,259.5652173913044,63.0,43.0,39.0,0.987397461422524,0.2539682539682539
2018-03-01,2018-05-31,Zip Code: 98119,All Residential,945000.0,895000.0,564.1891891891892,95.0,137.0,30.0,1.0551507147271777,0.631578947368421
2019-02-01,2019-04-30,Zip Code: 98105,Single Family Residential,999500.0,1217000.0,481.0126582278481,53.0,82.0,39.0,1.0102242966808546,0.4339622641509434
2020-07-01,2020-09-30,Zip Code: 98122,Multi-Family (2-4 Unit),919000.0,1285000.0,275.1497005988024,1.0,4.0,3.0,0.9425641025641026,0.0
2014-12-01,2015-02-28,Zip Code: 98106,Condo/Co-op,174644.5,174500.0,178.90630324718703,4.0,3.0,1.0,1.140446723675257,0.25
2015-01-01,2015-03-31,Zip Code: 98116,Townhouse,510000.0,563750.0,359.1549295774648,21.0,30.0,8.0,1.005511914462495,0.2857142857142857
2012-09-01,2012-11-30,Zip Code: 98109,Multi-Family (2-4 Unit),725000.0,,297.1311475409836,1.0,,1.0,0.9666666666666666,0.0
2017-12-01,2018-02-28,Zip Code: 98126,Condo/Co-op,425750.0,524447.0,514.934417840502,6.0,33.0,4.0,1.087711505569902,0.8333333333333333
2012-09-01,2012-11-30,Zip Code: 98199,Condo/Co-op,213140.0,264975.0,215.1835093011564,9.0,12.0,13.0,0.9902427963266808,0.2222222222222222
2014-09-01,2014-11-30,Zip Code: 98107,All Residential,515000.0,500000.0,344.6894409937888,127.0,125.0,37.0,1.0124910066627633,0.3858267716535432
2023-07-01,2023-09-30,Zip Code: 98122,Condo/Co-op,449000.0,473700.0,643.8356164383562,21.0,50.0,39.0,0.9876975631961956,0.1428571428571428
2014-01-01,2014-03-31,Zip Code: 98112,All Residential,660000.0,794949.5,343.43039215686275,63.0,86.0,37.0,1.0156907870544465,0.4444444444444444
2015-06-01,2015-08-31,Zip Code: 98178,Condo/Co-op,147499.0,139749.5,125.72815533980582,3.0,2.0,,0.9944444074071604,0.0
2014-01-01,2014-03-31,Zip Code: 98122,Single Family Residential,545000.0,617500.0,295.2425805299263,38.0,46.0,17.0,0.9819833528190212,0.3947368421052631
2012-12-01,2013-02-28,Zip Code: 98112,Multi-Family (2-4 Unit),926000.0,899950.0,255.58929064311343,1.0,1.0,,1.0289460525584757,1.0
2014-07-01,2014-09-30,Zip Code: 98119,Townhouse,579500.0,617500.0,367.11692879510827,18.0,18.0,10.0,0.9805437935940045,0.1666666666666666
2019-03-01,2019-05-31,Zip Code: 98175,All Residential,340000.0,,320.45240339302546,1.0,,,0.9444444444444444,0.0
2018-09-01,2018-11-30,Zip Code: 98125,Condo/Co-op,330000.0,349974.5,367.44723653561095,22.0,34.0,13.0,0.9990180270362102,0.2727272727272727
2015-08-01,2015-10-31,Zip Code: 98108,Single Family Residential,391450.0,389900.0,212.13965469228629,54.0,59.0,31.0,0.9976834251426014,0.4444444444444444
2020-05-01,2020-07-31,Zip Code: 98106,All Residential,547048.5,569975.0,362.59020828327147,106.0,164.0,82.0,1.012363366220128,0.4150943396226415
2015-12-01,2016-02-29,Zip Code: 98122,Townhouse,669000.0,666999.5,412.1198830409357,31.0,38.0,18.0,1.01419361403438,0.5483870967741935
2020-08-01,2020-10-31,Zip Code: 98144,Townhouse,710000.0,699975.0,510.71428571428567,55.0,72.0,34.0,1.0087731204420578,0.2909090909090908
2022-12-01,2023-02-28,Zip Code: 98107,Townhouse,825000.0,829950.0,578.3590954099601,48.0,43.0,10.0,0.9948022884845932,0.2083333333333333
2022-04-01,2022-06-30,Zip Code: 98126,All Residential,780000.0,719000.0,506.7513575359134,137.0,161.0,27.0,1.0710180076078066,0.6204379562043795
2015-07-01,2015-09-30,Zip Code: 98125,Multi-Family (2-4 Unit),530000.0,424950.0,202.55050505050505,4.0,3.0,1.0,0.9624903348492668,0.0
2015-03-01,2015-05-31,Zip Code: 98108,Single Family Residential,393000.0,407475.0,210.6741573033708,73.0,62.0,18.0,1.010188037501236,0.3835616438356164
2015-05-01,2015-07-31,Zip Code: 98122,Multi-Family (2-4 Unit),604660.5,679475.0,423.4985185185185,4.0,4.0,1.0,1.038579976143062,0.5
2015-12-01,2016-02-29,Zip Code: 98107,Multi-Family (2-4 Unit),814500.0,750000.0,252.1655977682552,6.0,1.0,,1.0334916166993198,0.8333333333333333
2023-10-01,2023-12-31,Zip Code: 98109,Condo/Co-op,662500.0,534500.0,619.6967343884568,22.0,26.0,24.0,0.9774315691322308,0.2272727272727272
2022-06-01,2022-08-31,Zip Code: 98102,Townhouse,979900.0,997000.0,747.8632478632478,19.0,14.0,10.0,0.9941163968866432,0.2105263157894736
2019-03-01,2019-05-31,Zip Code: 98105,Condo/Co-op,490000.0,527500.0,520.2821869488536,13.0,20.0,11.0,0.9884829064960416,0.2307692307692307
2017-12-01,2018-02-28,Zip Code: 98117,Condo/Co-op,610000.0,599975.0,588.2995838142203,6.0,4.0,2.0,1.0125600369351628,0.5
2021-06-01,2021-08-31,Zip Code: 98122,Condo/Co-op,449000.0,469500.0,629.0440638266725,64.0,50.0,26.0,0.9933493301733336,0.25
2023-07-01,2023-09-30,Zip Code: 98175,Condo/Co-op,475000.0,,471.23015873015873,1.0,,,1.1202830188679245,1.0
2022-03-01,2022-05-31,Zip Code: 98178,Single Family Residential,737500.0,694000.0,400.7463843475677,78.0,110.0,18.0,1.1092301725027585,0.782051282051282
2013-04-01,2013-06-30,Zip Code: 98136,All Residential,424561.5,432475.0,246.2326607818411,96.0,116.0,44.0,1.0032413091091252,0.3645833333333333
2017-09-01,2017-11-30,Zip Code: 98133,Multi-Family (2-4 Unit),900676.0,925000.0,292.0224719101124,6.0,3.0,,0.9753315963572244,0.1666666666666666
2019-12-01,2020-02-29,Zip Code: 98106,Townhouse,522000.0,544548.5,364.7887323943663,41.0,46.0,22.0,1.000519263291468,0.2439024390243902
2015-10-01,2015-12-31,Zip Code: 98117,Townhouse,460000.0,549975.0,393.0817610062893,11.0,14.0,5.0,1.0226392915520537,0.4545454545454545
2014-10-01,2014-12-31,Zip Code: 98116,Townhouse,439108.0,469000.0,335.0,23.0,11.0,3.0,1.002118823104885,0.1304347826086956
2022-07-01,2022-09-30,Zip Code: 98126,All Residential,737500.0,749950.0,470.38327526132406,111.0,123.0,50.0,0.9944795022540788,0.2252252252252252
2018-10-01,2018-12-31,Zip Code: 98118,All Residential,598175.0,599925.0,330.2833372016211,96.0,96.0,70.0,0.9774184103900166,0.2083333333333333
2015-07-01,2015-09-30,Zip Code: 98119,Single Family Residential,830000.0,854475.0,366.1233499377335,40.0,46.0,14.0,1.031268587948286,0.4749999999999999
2022-08-01,2022-10-31,Zip Code: 98116,Multi-Family (2-4 Unit),1129000.0,1657500.0,459.11793372319687,2.0,2.0,2.0,0.986712220241632,0.0
2013-10-01,2013-12-31,Zip Code: 98125,Townhouse,311000.0,295000.0,203.4112444725205,9.0,11.0,11.0,0.9928661748658052,0.3333333333333333
2021-03-01,2021-05-31,Zip Code: 98108,Single Family Residential,689250.0,689000.0,370.43010752688167,74.0,87.0,14.0,1.0725426715045276,0.6891891891891891
2012-10-01,2012-12-31,Zip Code: 98117,Single Family Residential,449900.0,471950.0,243.87755102040816,105.0,86.0,27.0,1.002999355043494,0.3904761904761904
2019-06-01,2019-08-31,Zip Code: 98118,All Residential,609500.0,599000.0,381.84151024656353,146.0,171.0,114.0,0.9931569071411968,0.2671232876712328
2021-06-01,2021-08-31,Zip Code: 98109,Townhouse,950000.0,920000.0,681.8178798807165,18.0,17.0,10.0,1.0080773439281328,0.3333333333333333
2014-02-01,2014-04-30,Zip Code: 98104,Single Family Residential,1878850.0,,494.4342105263158,1.0,,,0.7576008064516128,0.0
2014-07-01,2014-09-30,Zip Code: 98144,Single Family Residential,570000.0,542250.0,271.42857142857144,81.0,81.0,42.0,1.0013653686721615,0.2962962962962962
2015-05-01,2015-07-31,Zip Code: 98115,All Residential,577500.0,550000.0,323.0282397995152,250.0,279.0,53.0,1.059974615085442,0.636
2015-12-01,2016-02-29,Zip Code: 98178,All Residential,325000.0,328000.0,189.7887323943662,77.0,55.0,32.0,0.9998218819211732,0.3636363636363636
2018-11-01,2019-01-31,Zip Code: 98178,Single Family Residential,438500.0,491975.0,264.89248353351405,76.0,42.0,23.0,0.9892239291889858,0.2894736842105263
2023-03-01,2023-05-31,Zip Code: 98104,All Residential,406950.0,427475.0,674.1609998478813,24.0,36.0,32.0,0.9721135439808756,0.125
2018-12-01,2019-02-28,Zip Code: 98112,Single Family Residential,1190000.0,1340000.0,555.6851050471984,38.0,44.0,22.0,0.979491186437198,0.1842105263157894
2020-01-01,2020-03-31,Zip Code: 98144,All Residential,690000.0,725000.0,497.4358974358975,99.0,125.0,53.0,1.0088865804218,0.303030303030303
2014-07-01,2014-09-30,Zip Code: 98136,Condo/Co-op,248000.0,254750.0,306.51340996168585,11.0,8.0,4.0,1.0101952790262425,0.3636363636363636
2022-09-01,2022-11-30,Zip Code: 98199,Condo/Co-op,470000.0,421000.0,524.3071161048689,13.0,17.0,11.0,0.989376498355012,0.1538461538461538
2016-07-01,2016-09-30,Zip Code: 98116,All Residential,609990.0,600000.0,403.28358208955217,159.0,179.0,73.0,1.0207693475614843,0.4591194968553459
2015-04-01,2015-06-30,Zip Code: 98107,Single Family Residential,645000.0,679250.0,366.9495756365452,59.0,56.0,8.0,1.0571221932711683,0.711864406779661
2017-07-01,2017-09-30,Zip Code: 98178,Condo/Co-op,130000.0,179950.0,216.76029962546812,6.0,5.0,2.0,0.9717329948522416,0.1666666666666666
2017-04-01,2017-06-30,Zip Code: 98102,Single Family Residential,1281000.0,1375000.0,469.5714295971338,16.0,25.0,11.0,1.0671905086423288,0.5625
2021-11-01,2022-01-31,Zip Code: 98112,Single Family Residential,1810000.0,1475000.0,669.2497358224728,47.0,39.0,8.0,1.0260129458234712,0.3191489361702127
2017-10-01,2017-12-31,Zip Code: 98136,Multi-Family (2-4 Unit),900000.0,899500.0,335.82089552238807,1.0,1.0,,1.000555864369094,1.0
2017-03-01,2017-05-31,Zip Code: 98102,Condo/Co-op,475000.0,425000.0,591.4599686028257,67.0,81.0,11.0,1.0688898610363269,0.626865671641791
2014-02-01,2014-04-30,Zip Code: 98178,Townhouse,60000.0,,48.19277108433735,3.0,,,0.941953820537804,0.3333333333333333
2023-05-01,2023-07-31,Zip Code: 98178,Townhouse,482500.0,654975.0,297.45471752979734,2.0,2.0,,0.9772060651255282,0.5
2020-12-01,2021-02-28,Zip Code: 98104,Condo/Co-op,538000.0,599990.0,580.9334657398213,19.0,27.0,44.0,0.9642104812526252,0.0526315789473684
2022-04-01,2022-06-30,Zip Code: 98102,Multi-Family (2-4 Unit),1065000.0,1199000.0,527.2277227722773,1.0,3.0,4.0,1.0,0.0
2019-02-01,2019-04-30,Zip Code: 98199,Townhouse,748500.0,715000.0,503.3783783783784,13.0,18.0,7.0,0.9863516324228976,0.0
2013-10-01,2013-12-31,Zip Code: 98118,Multi-Family (2-4 Unit),412500.0,,214.09168890583305,2.0,,6.0,0.9615384615384616,0.0
2015-11-01,2016-01-31,Zip Code: 98104,All Residential,692000.0,384750.0,515.8730158730159,11.0,13.0,15.0,0.9680666632406494,0.0909090909090909
2013-03-01,2013-05-31,Zip Code: 98122,All Residential,424000.0,434975.0,321.30106928999146,139.0,154.0,47.0,1.010357940241024,0.4676258992805755
2017-02-01,2017-04-30,Zip Code: 98125,Single Family Residential,592500.0,595000.0,335.96818538884526,66.0,89.0,19.0,1.0787712731331816,0.696969696969697
2014-04-01,2014-06-30,Zip Code: 98144,All Residential,402101.0,449900.0,277.4193548387097,139.0,194.0,73.0,1.0052597766315532,0.39568345323741
2017-01-01,2017-03-31,Zip Code: 98136,Townhouse,592950.0,532500.0,368.75,9.0,6.0,2.0,1.013305403705362,0.2222222222222222
2023-01-01,2023-03-31,Zip Code: 98105,Condo/Co-op,446000.0,455000.0,483.1858407079646,13.0,17.0,10.0,0.9642900247768804,0.0
2022-06-01,2022-08-31,Zip Code: 98178,Single Family Residential,675000.0,674975.0,380.1169590643274,85.0,102.0,37.0,1.0319628423150813,0.5176470588235293
2021-12-01,2022-02-28,Zip Code: 98115,Condo/Co-op,531500.0,495000.0,467.6271563042864,30.0,21.0,,1.0445319622419311,0.4666666666666666
2012-06-01,2012-08-31,Zip Code: 98178,All Residential,204500.0,242250.0,120.41427203065136,78.0,88.0,87.0,0.989384519467442,0.2692307692307692
2017-05-01,2017-07-31,Zip Code: 98126,All Residential,560000.0,549925.0,371.7932489451477,160.0,192.0,38.0,1.0747132275763631,0.71875
2013-05-01,2013-07-31,Zip Code: 98136,All Residential,441500.0,439950.0,246.10591900311528,101.0,119.0,48.0,1.0037229743407945,0.3762376237623762
2016-10-01,2016-12-31,Zip Code: 98125,All Residential,467500.0,469000.0,298.2056111827104,146.0,77.0,9.0,1.0181275399075378,0.3972602739726027
2021-02-01,2021-04-30,Zip Code: 98199,Townhouse,700000.0,690000.0,563.3468834688347,27.0,27.0,3.0,1.0167838666522169,0.4444444444444444
2019-04-01,2019-06-30,Zip Code: 98115,Townhouse,699880.0,699880.0,466.83673469387753,25.0,37.0,15.0,1.0018524855929376,0.2
2012-03-01,2012-05-31,Zip Code: 98109,Townhouse,426975.0,510000.0,266.5645391591337,10.0,16.0,8.0,0.9850949822529363,0.2
2016-02-01,2016-04-30,Zip Code: 98108,Single Family Residential,497975.0,449975.0,241.3993930905696,62.0,70.0,17.0,1.0653188449849536,0.532258064516129
2020-03-01,2020-05-31,Zip Code: 98125,Condo/Co-op,365000.0,339950.0,353.2703773436887,14.0,17.0,6.0,0.9905822950077512,0.1428571428571428
2019-07-01,2019-09-30,Zip Code: 98106,All Residential,567500.0,529900.0,340.90909090909093,139.0,110.0,87.0,0.9986020596971265,0.2302158273381295
2016-04-01,2016-06-30,Zip Code: 98136,Multi-Family (2-4 Unit),730000.0,,240.1315789473684,3.0,,,1.0185266197726714,0.6666666666666666
2023-06-01,2023-08-31,Zip Code: 98105,All Residential,1105350.0,1100000.0,587.4241263480465,70.0,90.0,44.0,1.0134375270745963,0.3857142857142857
2022-04-01,2022-06-30,Zip Code: 98112,Multi-Family (2-4 Unit),1575000.0,1799000.0,482.09366391184574,3.0,4.0,2.0,0.9412678912678912,0.0
2023-07-01,2023-09-30,Zip Code: 98134,Condo/Co-op,331500.0,459999.5,436.7588932806325,1.0,2.0,2.0,0.975,0.0
2023-01-01,2023-03-31,Zip Code: 98116,Condo/Co-op,633725.0,642475.0,599.350879927943,20.0,20.0,7.0,0.9886942333253758,0.05
2014-05-01,2014-07-31,Zip Code: 98133,Multi-Family (2-4 Unit),434475.0,427475.0,209.31602766629663,4.0,6.0,6.0,0.9654414323969576,0.0
2014-01-01,2014-03-31,Zip Code: 98119,Condo/Co-op,344950.0,320000.0,398.7455197132617,39.0,52.0,24.0,0.99358689817896,0.2307692307692307
2015-10-01,2015-12-31,Zip Code: 98199,Condo/Co-op,304250.0,304894.0,341.20449374288967,18.0,14.0,3.0,1.0063783587865258,0.3888888888888889
2015-10-01,2015-12-31,Zip Code: 98104,Condo/Co-op,422000.0,596950.0,473.21428571428567,17.0,16.0,17.0,0.9716877171077456,0.1764705882352941
2014-07-01,2014-09-30,Zip Code: 98117,Condo/Co-op,316000.0,469475.0,306.5366972477064,11.0,6.0,3.0,0.9767046452768255,0.3636363636363636
2017-07-01,2017-09-30,Zip Code: 98178,Townhouse,276000.0,,273.26732673267327,1.0,,,1.0825652088644833,1.0
2017-05-01,2017-07-31,Zip Code: 98134,All Residential,497500.0,382475.0,317.67955801104966,3.0,4.0,3.0,0.9825396825396826,0.0
2013-01-01,2013-03-31,Zip Code: 98106,Single Family Residential,222475.0,239500.0,144.79799645463163,48.0,75.0,37.0,0.9725007952218532,0.25
2018-02-01,2018-04-30,Zip Code: 98106,Condo/Co-op,322000.0,293975.0,364.98836739420176,8.0,8.0,1.0,1.0502357139832208,0.625
2018-08-01,2018-10-31,Zip Code: 98115,Multi-Family (2-4 Unit),799950.0,1395000.0,357.12053571428567,1.0,3.0,1.0,0.975608268796878,0.0
2019-03-01,2019-05-31,Zip Code: 98144,Single Family Residential,862500.0,875000.0,472.55928729796017,58.0,89.0,51.0,1.0087427762571473,0.3103448275862069
2021-09-01,2021-11-30,Zip Code: 98116,Townhouse,730500.0,849950.0,535.9907730614368,32.0,26.0,6.0,1.0094659773388754,0.40625
2014-05-01,2014-07-31,Zip Code: 98122,Townhouse,499999.5,550950.0,351.351976450799,24.0,38.0,16.0,0.9999122571113584,0.375
2020-09-01,2020-11-30,Zip Code: 98178,Multi-Family (2-4 Unit),775000.0,599000.0,201.82291666666663,1.0,1.0,,1.0,0.0
2019-05-01,2019-07-31,Zip Code: 98126,Townhouse,539950.0,589950.0,381.791483113069,23.0,23.0,17.0,0.9952223477409156,0.1739130434782608
2022-05-01,2022-07-31,Zip Code: 98126,Multi-Family (2-4 Unit),1499000.0,,390.1078401762396,2.0,,,0.9170096571096392,0.0
2017-03-01,2017-05-31,Zip Code: 98178,All Residential,434500.0,425000.0,239.39357791064413,94.0,116.0,31.0,1.0597978477881596,0.6382978723404255
2015-09-01,2015-11-30,Zip Code: 98136,Condo/Co-op,276000.0,335000.0,325.6180863079764,12.0,13.0,2.0,1.0046002000690637,0.25
2013-08-01,2013-10-31,Zip Code: 98194,Townhouse,715000.0,,409.74212034383953,1.0,,,0.8959899749373433,0.0
2014-04-01,2014-06-30,Zip Code: 98134,Condo/Co-op,199000.0,238500.0,173.04347826086956,1.0,1.0,1.0,1.0,0.0
2019-11-01,2020-01-31,Zip Code: 98133,Single Family Residential,573750.0,600000.0,353.69220151828847,82.0,37.0,16.0,0.9915176042360831,0.2682926829268292
2014-10-01,2014-12-31,Zip Code: 98134,All Residential,219000.0,,190.43478260869568,1.0,,1.0,1.0,0.0
2013-06-01,2013-08-31,Zip Code: 98105,Multi-Family (2-4 Unit),750000.0,649950.0,259.09090909090907,7.0,3.0,1.0,0.9819979814557814,0.1428571428571428
2020-10-01,2020-12-31,Zip Code: 98112,All Residential,1200000.0,1375000.0,579.2349726775956,123.0,87.0,48.0,0.9893925516977836,0.1951219512195122
2014-02-01,2014-04-30,Zip Code: 98122,All Residential,399000.0,489000.0,319.5266272189349,103.0,135.0,48.0,0.9934873597669752,0.3495145631067961
2020-08-01,2020-10-31,Zip Code: 98102,Condo/Co-op,475000.0,554950.0,651.4504431516,62.0,98.0,72.0,0.9921405311534282,0.1774193548387096
2023-01-01,2023-03-31,Zip Code: 98133,Condo/Co-op,350000.0,394974.5,430.4245283018868,15.0,20.0,17.0,1.0130895935218034,0.4
2023-02-01,2023-04-30,Zip Code: 98108,Multi-Family (2-4 Unit),675000.0,745000.0,553.2786885245902,1.0,4.0,1.0,1.0,0.0
2016-08-01,2016-10-31,Zip Code: 98133,All Residential,435000.0,438500.0,300.875273522976,199.0,206.0,59.0,1.0286499808867675,0.5628140703517587
2012-02-01,2012-04-30,Zip Code: 98106,Multi-Family (2-4 Unit),243500.0,179950.0,85.26897310268973,2.0,3.0,4.0,0.921291289433626,0.0
2018-02-01,2018-04-30,Zip Code: 98108,Townhouse,670500.0,662500.0,463.6623435119452,16.0,20.0,2.0,1.0724235596075535,0.5625
2021-04-01,2021-06-30,Zip Code: 98115,Condo/Co-op,418000.0,409970.0,415.7303370786517,35.0,40.0,14.0,1.0182282688542597,0.4857142857142857
2019-02-01,2019-04-30,Zip Code: 98109,Single Family Residential,1375000.0,1199500.0,538.0707147406065,22.0,28.0,7.0,1.0009319344873833,0.4545454545454545
2012-03-01,2012-05-31,Zip Code: 98109,Condo/Co-op,247000.0,259950.0,305.7084607543323,65.0,75.0,48.0,0.98736516149067,0.1692307692307692
2023-08-01,2023-10-31,Zip Code: 98106,Single Family Residential,672500.0,725000.0,458.6029691663495,60.0,75.0,35.0,1.0031618325236422,0.3666666666666666
2019-03-01,2019-05-31,Zip Code: 98118,Townhouse,516900.0,519950.0,368.56845773381286,10.0,33.0,19.0,1.00185526783708,0.2
2019-09-01,2019-11-30,Zip Code: 98102,Single Family Residential,1261975.0,1274000.0,535.9301103520756,28.0,27.0,11.0,0.9891351403057786,0.1785714285714285
2022-02-01,2022-04-30,Zip Code: 98116,Single Family Residential,1305001.0,999000.0,625.625,73.0,93.0,13.0,1.1548301585285363,0.7671232876712328
2012-06-01,2012-08-31,Zip Code: 98112,Single Family Residential,769000.0,849950.0,317.01030927835046,65.0,67.0,52.0,0.9834992275221548,0.2769230769230769
2022-01-01,2022-03-31,Zip Code: 98106,All Residential,650000.0,657000.0,476.17930814443366,116.0,139.0,20.0,1.0443534406701354,0.6120689655172413
2023-10-01,2023-12-31,Zip Code: 98106,Townhouse,565000.0,654999.0,416.6659722222221,7.0,6.0,7.0,1.0100547835505602,0.1428571428571428
2022-03-01,2022-05-31,Zip Code: 98177,Townhouse,655000.0,650000.0,514.1935483870968,5.0,6.0,1.0,1.113274941863331,1.0
2012-09-01,2012-11-30,Zip Code: 98118,Townhouse,212450.0,272750.0,162.85022354694485,10.0,4.0,2.0,1.0021835119447873,0.4
2016-07-01,2016-09-30,Zip Code: 98105,Condo/Co-op,400000.0,399000.0,471.4946070878274,25.0,25.0,10.0,1.0551392205062349,0.64
2020-04-01,2020-06-30,Zip Code: 98119,Townhouse,967500.0,1175000.0,586.3905325443787,13.0,25.0,16.0,1.0017800322390384,0.2307692307692307
2023-02-01,2023-04-30,Zip Code: 98144,Townhouse,649950.0,709900.0,539.0386343216531,47.0,69.0,27.0,0.9960698921751788,0.2127659574468085
2014-03-01,2014-05-31,Zip Code: 98146,Single Family Residential,295267.5,285000.0,173.39680553072293,92.0,121.0,64.0,0.9989689605543538,0.3478260869565217
2021-07-01,2021-09-30,Zip Code: 98112,All Residential,1250000.0,1262500.0,660.6696428571429,137.0,132.0,35.0,1.0270583959805837,0.3868613138686131
2022-09-01,2022-11-30,Zip Code: 98136,All Residential,880000.0,899500.0,476.1904761904762,65.0,66.0,26.0,0.9923659159650892,0.3076923076923077
2021-10-01,2021-12-31,Zip Code: 98107,Condo/Co-op,473500.0,492500.0,597.7104264116532,42.0,26.0,7.0,0.9933081004204836,0.1666666666666666
2016-02-01,2016-04-30,Zip Code: 98106,Townhouse,367000.0,357500.0,247.03804994054693,25.0,32.0,8.0,1.0248670667406845,0.56
2020-06-01,2020-08-31,Zip Code: 98112,Condo/Co-op,735500.0,642500.0,700.9345794392524,17.0,38.0,15.0,0.9970754687439856,0.2352941176470588
2013-01-01,2013-03-31,Zip Code: 98105,Condo/Co-op,282500.0,284500.0,282.6194961392759,16.0,10.0,3.0,0.9717972286816656,0.0
2022-05-01,2022-07-31,Zip Code: 98125,Multi-Family (2-4 Unit),825000.0,1299950.0,306.00890207715133,1.0,1.0,1.0,0.9187082405345212,0.0
2019-09-01,2019-11-30,Zip Code: 98112,Single Family Residential,1495000.0,1621500.0,532.4805911200431,70.0,64.0,32.0,0.9864521904702604,0.2428571428571428
2015-03-01,2015-05-31,Zip Code: 98102,Townhouse,704500.0,688800.0,432.0046535130497,6.0,9.0,2.0,1.0740204469192247,0.6666666666666666
2019-03-01,2019-05-31,Zip Code: 98106,Single Family Residential,563875.0,599900.0,330.1282051282051,90.0,143.0,58.0,1.0015407082320846,0.3444444444444444
2016-07-01,2016-09-30,Zip Code: 98102,Condo/Co-op,439250.0,434250.0,518.8336143901068,74.0,68.0,23.0,1.0216164080284005,0.4324324324324324
2014-04-01,2014-06-30,Zip Code: 98106,Single Family Residential,299975.0,329725.0,198.3329170829171,92.0,100.0,54.0,1.0017552089163158,0.3804347826086956
2021-02-01,2021-04-30,Zip Code: 98119,Condo/Co-op,435250.0,499950.0,547.8770455550641,46.0,61.0,32.0,0.9954192418560878,0.217391304347826
2020-08-01,2020-10-31,Zip Code: 98107,Multi-Family (2-4 Unit),942500.0,1045000.0,380.36625453831806,6.0,10.0,4.0,0.9999203129553926,0.1666666666666666
2016-08-01,2016-10-31,Zip Code: 98112,Single Family Residential,1145000.0,1098944.0,425.0,61.0,70.0,26.0,1.024943692711482,0.3934426229508196
2015-07-01,2015-09-30,Zip Code: 98117,Condo/Co-op,355000.0,425000.0,347.1563981042654,11.0,9.0,4.0,1.0240449425159974,0.2727272727272727
2020-11-01,2021-01-31,Zip Code: 98134,Condo/Co-op,414000.0,,360.0,1.0,,,0.9880668257756564,0.0
2022-01-01,2022-03-31,Zip Code: 98119,Single Family Residential,1555000.0,1555000.0,679.8831856869897,30.0,40.0,7.0,1.0736084252954607,0.5666666666666667
2013-01-01,2013-03-31,Zip Code: 98102,Single Family Residential,632500.0,888400.0,282.9527243589744,12.0,18.0,13.0,0.973622060644622,0.1666666666666666
2020-04-01,2020-06-30,Zip Code: 98112,Townhouse,900250.0,881200.0,579.7626895187872,12.0,18.0,7.0,0.9859483550810708,0.25
2021-12-01,2022-02-28,Zip Code: 98105,Condo/Co-op,477500.0,495000.0,603.1730964811176,20.0,13.0,5.0,0.9770942341951924,0.1499999999999999
2022-06-01,2022-08-31,Zip Code: 98107,Condo/Co-op,502475.0,499475.0,648.4869462025317,30.0,38.0,14.0,1.0033277220722676,0.2333333333333333
2014-11-01,2015-01-31,Zip Code: 98136,Townhouse,383000.0,479475.0,298.9827373612824,11.0,10.0,,0.9992631013280894,0.3636363636363636
2018-10-01,2018-12-31,Zip Code: 98102,Condo/Co-op,499950.0,500000.0,622.568093385214,41.0,50.0,21.0,0.9855243999427166,0.1707317073170731
2020-09-01,2020-11-30,Zip Code: 98126,Condo/Co-op,558500.0,287500.0,414.6498208767468,12.0,8.0,9.0,0.9908332748027404,0.0833333333333333
2013-10-01,2013-12-31,Zip Code: 98125,Single Family Residential,393000.0,427000.0,215.28106182414325,100.0,68.0,33.0,0.9993218171832586,0.34
2022-09-01,2022-11-30,Zip Code: 98177,Multi-Family (2-4 Unit),950000.0,,354.47761194029846,1.0,,,1.0,0.0
2015-10-01,2015-12-31,Zip Code: 98108,Townhouse,375000.0,375000.0,332.43271021021013,5.0,12.0,2.0,1.058855855941172,0.5999999999999999
2017-10-01,2017-12-31,Zip Code: 98107,Multi-Family (2-4 Unit),955000.0,975000.0,363.6363636363636,7.0,7.0,1.0,1.0530427844460946,0.7142857142857143
2017-08-01,2017-10-31,Zip Code: 98102,Townhouse,917495.0,949990.0,626.7182848513213,20.0,15.0,8.0,1.0083213927633357,0.25
2016-03-01,2016-05-31,Zip Code: 98104,All Residential,360888.5,339950.0,533.9041446005066,26.0,27.0,8.0,1.0136148507076914,0.3846153846153846
2022-07-01,2022-09-30,Zip Code: 98178,All Residential,650000.0,650000.0,370.98623853211006,70.0,88.0,46.0,0.9984039802114408,0.3142857142857142
2016-05-01,2016-07-31,Zip Code: 98107,Townhouse,655350.0,597000.0,456.64589034154255,44.0,30.0,5.0,1.0270931543192214,0.5
2021-11-01,2022-01-31,Zip Code: 98106,All Residential,650000.0,649950.0,436.7924528301887,146.0,93.0,12.0,1.0099593235037765,0.3835616438356164
2019-04-01,2019-06-30,Zip Code: 98178,All Residential,487500.0,487000.0,270.3850783084193,70.0,133.0,70.0,1.012317418850463,0.5
2016-04-01,2016-06-30,Zip Code: 98199,Single Family Residential,860000.0,825000.0,407.5,93.0,107.0,32.0,1.0437905018026976,0.5161290322580645
2020-09-01,2020-11-30,Zip Code: 98119,Condo/Co-op,497500.0,484950.0,563.1923201273347,52.0,55.0,39.0,0.9860497953329528,0.1538461538461538
2020-12-01,2021-02-28,Zip Code: 98116,Multi-Family (2-4 Unit),840000.0,1125000.0,376.9667318982388,4.0,4.0,2.0,0.9737751557781928,0.0
2016-04-01,2016-06-30,Zip Code: 98119,All Residential,650000.0,749888.0,461.1650485436893,115.0,143.0,37.0,1.0290957012637292,0.4521739130434782
2018-05-01,2018-07-31,Zip Code: 98102,All Residential,771500.0,699000.0,647.6872081379959,128.0,133.0,46.0,1.018587380946502,0.390625
2023-11-01,2024-01-31,Zip Code: 98108,Condo/Co-op,585000.0,334999.5,401.78571428571433,3.0,2.0,2.0,0.9593244773967666,0.0
2015-04-01,2015-06-30,Zip Code: 98136,All Residential,535000.0,546500.0,294.4606413994169,115.0,128.0,31.0,1.0268177719981553,0.5130434782608696
2020-08-01,2020-10-31,Zip Code: 98136,Townhouse,552500.0,593975.0,441.34929425463633,22.0,22.0,8.0,0.9938870644424344,0.0909090909090909
2014-08-01,2014-10-31,Zip Code: 98134,Condo/Co-op,228000.0,199500.0,198.2608695652174,1.0,2.0,1.0,0.9559748427672956,0.0
2019-06-01,2019-08-31,Zip Code: 98106,Multi-Family (2-4 Unit),799950.0,799950.0,284.79064039408865,3.0,1.0,,0.9588497409326424,0.0
2018-09-01,2018-11-30,Zip Code: 98112,Townhouse,827000.0,799000.0,546.4852607709752,12.0,13.0,8.0,0.9979032007307894,0.25
2012-07-01,2012-09-30,Zip Code: 98178,All Residential,209000.0,232000.0,120.13888888888889,71.0,82.0,88.0,0.9889259718596904,0.2676056338028168
2014-02-01,2014-04-30,Zip Code: 98102,Townhouse,704500.0,719900.0,407.3388698320997,10.0,17.0,9.0,1.0015471668777869,0.4
2016-05-01,2016-07-31,Zip Code: 98117,All Residential,699500.0,650000.0,377.5748092306983,202.0,240.0,43.0,1.064204845450336,0.6633663366336634
2018-07-01,2018-09-30,Zip Code: 98125,Condo/Co-op,332500.0,329000.0,364.6540686981864,20.0,31.0,12.0,1.019319233715969,0.2999999999999999
2022-04-01,2022-06-30,Zip Code: 98133,Single Family Residential,882000.0,827250.0,536.1842105263158,147.0,172.0,37.0,1.0920508061156122,0.7006802721088435
2022-11-01,2023-01-31,Zip Code: 98133,Condo/Co-op,335000.0,292000.0,448.1434058898848,23.0,8.0,10.0,0.985649980153432,0.217391304347826
2021-04-01,2021-06-30,Zip Code: 98178,Condo/Co-op,559134.0,566885.5,324.2324294410625,15.0,8.0,,1.0185905926258767,0.3333333333333333
2022-12-01,2023-02-28,Zip Code: 98112,All Residential,1454750.0,1447000.0,684.1476218484768,38.0,50.0,28.0,0.9762063069556952,0.1052631578947368
2023-10-01,2023-12-31,Zip Code: 98102,Multi-Family (2-4 Unit),1165000.0,1452500.0,428.30882352941177,1.0,2.0,4.0,0.9137254901960784,0.0
2017-05-01,2017-07-31,Zip Code: 98125,All Residential,625250.0,592000.0,348.91432163390937,160.0,184.0,33.0,1.1008673978297514,0.7874999999999999
2014-02-01,2014-04-30,Zip Code: 98125,Single Family Residential,419000.0,425000.0,237.43016759776532,79.0,107.0,38.0,1.0155225016642253,0.4556962025316455
2020-11-01,2021-01-31,Zip Code: 98112,All Residential,1172500.0,1248880.0,579.091170549324,104.0,73.0,43.0,0.9829484920840972,0.1442307692307692
2021-02-01,2021-04-30,Zip Code: 98178,All Residential,630000.0,598400.0,323.52941176470586,83.0,114.0,21.0,1.0633359325199034,0.6144578313253011
2021-10-01,2021-12-31,Zip Code: 98136,Multi-Family (2-4 Unit),1450000.0,,464.74358974358967,1.0,,,0.9666666666666666,0.0
2019-10-01,2019-12-31,Zip Code: 98177,Single Family Residential,820000.0,850000.0,378.01470588235287,81.0,52.0,14.0,0.995879553851784,0.2716049382716049
2016-06-01,2016-08-31,Zip Code: 98105,Condo/Co-op,402000.0,374950.0,481.3793103448276,15.0,28.0,10.0,1.0583062716930636,0.5999999999999999
2019-02-01,2019-04-30,Zip Code: 98144,Multi-Family (2-4 Unit),1105000.0,1171000.0,341.04938271604937,1.0,4.0,3.0,0.9404255319148936,0.0
2023-09-01,2023-11-30,Zip Code: 98116,Condo/Co-op,600000.0,599997.5,567.5453047775948,31.0,28.0,13.0,0.9946331733246672,0.2903225806451613
2017-05-01,2017-07-31,Zip Code: 98108,Multi-Family (2-4 Unit),1110000.0,599500.0,244.49339207048456,1.0,1.0,2.0,0.925,0.0
2014-10-01,2014-12-31,Zip Code: 98199,All Residential,593750.0,589000.0,298.81889763779526,130.0,80.0,32.0,0.9962421734847626,0.3384615384615384
2017-11-01,2018-01-31,Zip Code: 98122,Condo/Co-op,470000.0,490000.0,657.8947368421053,44.0,29.0,6.0,1.0353986751148987,0.5681818181818182
2018-11-01,2019-01-31,Zip Code: 98102,All Residential,735000.0,619475.0,606.3218390804598,67.0,74.0,49.0,0.9767016298211332,0.1044776119402985
2021-09-01,2021-11-30,Zip Code: 98136,All Residential,740000.0,684950.0,491.2280701754386,103.0,74.0,9.0,1.0398413528315067,0.5339805825242718
2021-09-01,2021-11-30,Zip Code: 98199,Townhouse,782000.0,869250.0,580.7641920945146,32.0,16.0,1.0,1.0051249037570709,0.28125
2016-11-01,2017-01-31,Zip Code: 98106,Condo/Co-op,227500.0,199950.0,248.58757062146893,11.0,5.0,1.0,1.0266405039813544,0.7272727272727272
2021-04-01,2021-06-30,Zip Code: 98106,Multi-Family (2-4 Unit),925000.0,925000.0,321.18055555555554,5.0,7.0,4.0,0.9818183636365287,0.2
2023-03-01,2023-05-31,Zip Code: 98118,All Residential,716900.0,750000.0,471.50487006661376,132.0,161.0,63.0,1.0201548615865113,0.4015151515151514
2018-07-01,2018-09-30,Zip Code: 98134,All Residential,435000.0,542500.0,393.0134372589616,4.0,4.0,2.0,1.0256311800879871,0.25
2012-02-01,2012-04-30,Zip Code: 98112,Condo/Co-op,345000.0,394000.0,356.6202090592335,18.0,19.0,12.0,0.9553538536574518,0.0555555555555555
2018-11-01,2019-01-31,Zip Code: 98108,Single Family Residential,525000.0,550000.0,309.2105263157895,47.0,27.0,22.0,0.974134489241424,0.2553191489361701
2012-07-01,2012-09-30,Zip Code: 98133,Multi-Family (2-4 Unit),395000.0,425000.0,126.2987012987013,3.0,3.0,5.0,0.9469530469530468,0.0
2020-03-01,2020-05-31,Zip Code: 98126,Townhouse,565000.0,549950.0,433.33333333333326,27.0,21.0,8.0,1.013487827066312,0.5555555555555555
2013-05-01,2013-07-31,Zip Code: 98125,Townhouse,297500.0,299000.0,188.4828188934353,16.0,23.0,12.0,1.0318501194142706,0.5625
2018-12-01,2019-02-28,Zip Code: 98125,Multi-Family (2-4 Unit),895000.0,,288.7096774193548,1.0,,1.0,1.0,0.0
2021-04-01,2021-06-30,Zip Code: 98178,Single Family Residential,670000.0,599950.0,355.2403164855928,100.0,138.0,26.0,1.08758947554034,0.7399999999999999
2017-04-01,2017-06-30,Zip Code: 98115,Condo/Co-op,347500.0,425000.0,392.9776266223368,26.0,43.0,12.0,1.1318001916996256,0.6923076923076922
2019-05-01,2019-07-31,Zip Code: 98119,Single Family Residential,1270000.0,1269000.0,564.2857142857143,63.0,59.0,18.0,0.9958876286643517,0.3015873015873015
2016-03-01,2016-05-31,Zip Code: 98105,Multi-Family (2-4 Unit),790500.0,799950.0,316.24282525510205,6.0,5.0,1.0,1.0252942081440484,0.6666666666666666
2021-07-01,2021-09-30,Zip Code: 98133,Townhouse,641500.0,682475.0,427.3735426110096,48.0,60.0,20.0,1.003403204304144,0.1666666666666666
2012-08-01,2012-10-31,Zip Code: 98112,Single Family Residential,887950.0,885000.0,326.219512195122,65.0,79.0,51.0,0.975238532690542,0.2769230769230769
2015-05-01,2015-07-31,Zip Code: 98117,Single Family Residential,600000.0,588000.0,323.2044198895028,155.0,164.0,26.0,1.055487702135799,0.6838709677419355
2016-02-01,2016-04-30,Zip Code: 98133,Single Family Residential,484675.0,465000.0,285.02331002331005,94.0,139.0,26.0,1.0589641569998782,0.6914893617021277
2018-04-01,2018-06-30,Zip Code: 98177,Condo/Co-op,392000.0,294974.5,332.0497118491726,6.0,4.0,1.0,1.0536211508851572,0.5
2013-11-01,2014-01-31,Zip Code: 98122,Single Family Residential,483000.0,599999.0,265.8706821839792,46.0,43.0,22.0,0.993138883770028,0.3260869565217391
2019-11-01,2020-01-31,Zip Code: 98118,Townhouse,472475.0,499950.0,388.29239594057947,30.0,31.0,12.0,0.993388251633025,0.0666666666666666
2014-11-01,2015-01-31,Zip Code: 98119,Condo/Co-op,279900.0,267475.0,384.1977842875912,31.0,28.0,12.0,0.977754284701642,0.1612903225806451
2023-07-01,2023-09-30,Zip Code: 98133,All Residential,722475.0,719975.0,440.2557882192714,128.0,186.0,96.0,1.005250655830493,0.3125
2014-06-01,2014-08-31,Zip Code: 98112,All Residential,890500.0,799000.0,382.35086707800366,98.0,118.0,52.0,1.0208547919678113,0.4285714285714285
2012-02-01,2012-04-30,Zip Code: 98106,Condo/Co-op,52000.0,84250.0,83.60128617363344,1.0,4.0,8.0,0.9369369369369368,0.0
2018-03-01,2018-05-31,Zip Code: 98126,Multi-Family (2-4 Unit),1255000.0,795000.0,294.42148760330576,3.0,3.0,1.0,1.0432463363007525,0.6666666666666666
2013-08-01,2013-10-31,Zip Code: 98106,Condo/Co-op,172000.0,174950.0,169.62524654832347,1.0,5.0,4.0,0.9828852252921512,0.0
2012-03-01,2012-05-31,Zip Code: 98178,All Residential,214975.0,213475.0,108.84433962264151,76.0,94.0,91.0,0.9898421181650768,0.3289473684210526
2014-05-01,2014-07-31,Zip Code: 98102,Condo/Co-op,325000.0,329900.0,399.5057876935359,60.0,65.0,25.0,1.0088369531450152,0.4166666666666666
2020-07-01,2020-09-30,Zip Code: 98112,Multi-Family (2-4 Unit),1650000.0,1317500.0,694.1522928060581,3.0,4.0,2.0,0.991919753027299,0.3333333333333333
2015-05-01,2015-07-31,Zip Code: 98117,All Residential,585000.0,575000.0,325.08620689655174,183.0,184.0,29.0,1.0558904381230343,0.6885245901639344
2018-12-01,2019-02-28,Zip Code: 98177,Townhouse,345000.0,492500.0,284.10715823929706,2.0,4.0,2.0,1.0005769549076635,0.5
2023-11-01,2024-01-31,Zip Code: 98119,Single Family Residential,1300000.0,1261900.0,614.6341463414634,21.0,20.0,11.0,0.9972576066339504,0.1904761904761904
2017-03-01,2017-05-31,Zip Code: 98146,All Residential,445000.0,419999.5,266.260162601626,111.0,142.0,36.0,1.063963685637318,0.6846846846846846
2014-04-01,2014-06-30,Zip Code: 98116,All Residential,479500.0,544950.0,305.7992799688289,140.0,170.0,71.0,1.018055542881523,0.4428571428571428
2019-01-01,2019-03-31,Zip Code: 98106,Condo/Co-op,262500.0,332000.0,258.0072719693373,4.0,4.0,1.0,0.9242916111952456,0.0
2014-11-01,2015-01-31,Zip Code: 98107,All Residential,500000.0,515500.0,340.7185628742515,89.0,76.0,24.0,1.0023748583761791,0.3707865168539326
2020-11-01,2021-01-31,Zip Code: 98125,Multi-Family (2-4 Unit),1200000.0,849000.0,318.7772925764192,3.0,2.0,1.0,0.9680818177250368,0.0
2015-11-01,2016-01-31,Zip Code: 98109,Condo/Co-op,356500.0,379900.0,471.78639819418896,46.0,43.0,10.0,1.0210890075382149,0.4782608695652174
2020-11-01,2021-01-31,Zip Code: 98119,Multi-Family (2-4 Unit),1012500.0,868000.0,360.72586026117614,4.0,3.0,2.0,0.9134460839649516,0.0
2015-04-01,2015-06-30,Zip Code: 98116,All Residential,558000.0,550000.0,333.33333333333326,163.0,165.0,46.0,1.03342455326638,0.5398773006134969
2016-10-01,2016-12-31,Zip Code: 98199,Multi-Family (2-4 Unit),585000.0,775000.0,219.1011235955056,1.0,1.0,,0.9750812567713976,0.0
2012-06-01,2012-08-31,Zip Code: 98102,All Residential,302500.0,350000.0,318.84057971014494,92.0,90.0,59.0,0.9963436306429264,0.2391304347826087
2018-01-01,2018-03-31,Zip Code: 98109,Multi-Family (2-4 Unit),1117500.0,1117500.0,325.5949582664384,2.0,2.0,2.0,1.0,0.0
2016-05-01,2016-07-31,Zip Code: 98122,Multi-Family (2-4 Unit),1005000.0,1025000.0,322.5,7.0,7.0,1.0,1.0696756377720438,0.7142857142857143
2013-03-01,2013-05-31,Zip Code: 98133,All Residential,325000.0,315000.0,197.41800418702024,133.0,241.0,102.0,1.004161872205563,0.518796992481203
2017-11-01,2018-01-31,Zip Code: 98106,Townhouse,499500.0,537000.0,355.4454022988506,36.0,34.0,5.0,1.0095713303193583,0.3333333333333333
2020-05-01,2020-07-31,Zip Code: 98126,Townhouse,562000.0,549950.0,390.1219512195122,18.0,33.0,10.0,0.9990739941682872,0.3888888888888889
2012-04-01,2012-06-30,Zip Code: 98118,Multi-Family (2-4 Unit),327550.0,340000.0,118.65666254125412,4.0,5.0,5.0,1.0366681034444667,0.5
2017-06-01,2017-08-31,Zip Code: 98105,Condo/Co-op,524000.0,495000.0,588.1730102509323,20.0,23.0,5.0,1.0681466201116754,0.8
2012-10-01,2012-12-31,Zip Code: 98106,Single Family Residential,261500.0,259900.0,155.2602934485896,68.0,63.0,40.0,0.988796010182663,0.2794117647058823
2020-11-01,2021-01-31,Zip Code: 98126,Condo/Co-op,290000.0,357500.0,463.2867132867133,11.0,6.0,3.0,0.9924006578735663,0.1818181818181818
2013-06-01,2013-08-31,Zip Code: 98133,Multi-Family (2-4 Unit),365250.0,357000.0,185.51937420411133,4.0,8.0,3.0,1.0075517226948087,0.25
2015-10-01,2015-12-31,Zip Code: 98105,Multi-Family (2-4 Unit),685000.0,989000.0,288.46153846153845,5.0,1.0,1.0,1.0167557439830337,0.5999999999999999
2022-05-01,2022-07-31,Zip Code: 98112,Townhouse,885000.0,899500.0,662.7906976744187,9.0,10.0,5.0,1.014486767475561,0.2222222222222222
2022-03-01,2022-05-31,Zip Code: 98125,Condo/Co-op,390000.0,350000.0,419.58762886597935,27.0,26.0,5.0,1.103201318038142,0.8518518518518517
2020-07-01,2020-09-30,Zip Code: 98125,Multi-Family (2-4 Unit),862500.0,1024500.0,224.64716787096427,2.0,4.0,2.0,1.0291972107992131,1.0
2023-09-01,2023-11-30,Zip Code: 98105,All Residential,1020000.0,972499.5,569.9481865284974,47.0,67.0,37.0,1.004019855699234,0.3617021276595744
2013-11-01,2014-01-31,Zip Code: 98177,Townhouse,220000.0,223000.0,208.92857142857144,3.0,4.0,5.0,0.9863241612339214,0.0
2021-01-01,2021-03-31,Zip Code: 98118,Condo/Co-op,274000.0,390000.0,467.7696221780325,4.0,5.0,1.0,0.9970505244110048,0.25
2015-05-01,2015-07-31,Zip Code: 98122,Townhouse,608725.0,589950.0,390.79688949438446,50.0,51.0,12.0,1.0218031654443538,0.44
2016-09-01,2016-11-30,Zip Code: 98112,Single Family Residential,1107500.0,1158500.0,414.2607726511253,62.0,56.0,18.0,1.0113538115429446,0.3709677419354838
2022-06-01,2022-08-31,Zip Code: 98104,All Residential,405000.0,569000.0,721.5189873417721,29.0,53.0,42.0,0.9824312280871462,0.0344827586206896
2015-01-01,2015-03-31,Zip Code: 98118,Single Family Residential,381156.0,399950.0,223.30582524271844,111.0,143.0,62.0,1.0131426884724586,0.4144144144144144
2015-07-01,2015-09-30,Zip Code: 98112,Townhouse,649500.0,570000.0,410.00995648646654,18.0,10.0,2.0,1.0489255064047855,0.5
2013-02-01,2013-04-30,Zip Code: 98107,All Residential,415500.0,434999.0,301.09873199949027,86.0,121.0,24.0,1.0130813509117482,0.3837209302325581
2016-09-01,2016-11-30,Zip Code: 98106,Townhouse,389900.0,424800.0,277.26666666666665,25.0,19.0,6.0,1.008501208184502,0.4
2021-06-01,2021-08-31,Zip Code: 98199,Townhouse,820000.0,775000.0,578.8588842103096,28.0,39.0,11.0,1.029746811096074,0.4285714285714285
2023-11-01,2024-01-31,Zip Code: 98122,All Residential,925000.0,799950.0,625.0,87.0,81.0,59.0,0.9899428937247255,0.1494252873563218
2023-07-01,2023-09-30,Zip Code: 98115,All Residential,925000.0,959950.0,593.1712962962963,181.0,215.0,68.0,1.0180107757920505,0.4088397790055248
2013-02-01,2013-04-30,Zip Code: 98125,Townhouse,225000.0,292000.0,171.75572519083968,7.0,10.0,4.0,0.9973594929703616,0.2857142857142857
2023-03-01,2023-05-31,Zip Code: 98117,Condo/Co-op,597500.0,715000.0,532.4359747231671,10.0,25.0,8.0,1.0083096849499855,0.5
2022-12-01,2023-02-28,Zip Code: 98105,Single Family Residential,1260110.5,1524750.0,600.9015280413585,32.0,30.0,13.0,0.9928826875651334,0.28125
2017-12-01,2018-02-28,Zip Code: 98105,Single Family Residential,1058750.0,1022500.0,487.13235294117646,43.0,48.0,18.0,1.0557482638121458,0.5116279069767442
2017-11-01,2018-01-31,Zip Code: 98108,All Residential,569500.0,625000.0,374.7826086956522,107.0,83.0,15.0,1.0110900403180076,0.4485981308411214
2017-10-01,2017-12-31,Zip Code: 98102,Single Family Residential,1285000.0,1275000.0,566.5566556655666,23.0,19.0,3.0,0.9812990113828725,0.217391304347826
2021-04-01,2021-06-30,Zip Code: 98194,All Residential,1500000.0,,859.5988538681949,1.0,,1.0,0.970873786407767,0.0
2017-09-01,2017-11-30,Zip Code: 98134,All Residential,384995.0,339000.0,354.38525630181016,4.0,5.0,,0.988573060161083,0.75
2018-03-01,2018-05-31,Zip Code: 98136,Condo/Co-op,435000.0,404950.0,568.242640499554,9.0,12.0,2.0,1.079716237281168,0.7777777777777777
2017-04-01,2017-06-30,Zip Code: 98117,All Residential,795950.0,739000.0,427.0696452036794,181.0,219.0,23.0,1.0812603868537312,0.6961325966850828
2022-05-01,2022-07-31,Zip Code: 98115,Single Family Residential,1100000.0,1090000.0,600.9615384615385,201.0,237.0,47.0,1.065100289799383,0.572139303482587
2019-05-01,2019-07-31,Zip Code: 98102,All Residential,600000.0,610000.0,637.7084759649379,110.0,166.0,97.0,0.9930659470338644,0.2
2021-04-01,2021-06-30,Zip Code: 98136,All Residential,822500.0,815000.0,493.3518061772377,144.0,145.0,27.0,1.0652964443269244,0.6180555555555555
2013-09-01,2013-11-30,Zip Code: 98107,Single Family Residential,485000.0,525000.0,270.18348623853205,45.0,39.0,7.0,1.0154691647877625,0.6222222222222222
2020-03-01,2020-05-31,Zip Code: 98136,All Residential,705000.0,685000.0,428.8955199476782,78.0,109.0,42.0,1.022228245425398,0.4871794871794871
2014-12-01,2015-02-28,Zip Code: 98106,All Residential,315000.0,349000.0,199.8986036838562,96.0,98.0,45.0,1.0030104048128807,0.25
2015-04-01,2015-06-30,Zip Code: 98107,Multi-Family (2-4 Unit),657500.0,677475.0,308.57557884389206,8.0,16.0,3.0,1.0503733765353556,0.625
2014-12-01,2015-02-28,Zip Code: 98112,Single Family Residential,1050000.0,1350000.0,387.93103448275855,49.0,45.0,25.0,1.0179325956807088,0.3673469387755102
2015-01-01,2015-03-31,Zip Code: 98136,All Residential,489950.0,457475.0,298.38709677419354,65.0,92.0,26.0,1.005904452970608,0.3846153846153846
2012-11-01,2013-01-31,Zip Code: 98116,Condo/Co-op,221000.0,375000.0,296.13860241166515,20.0,13.0,23.0,0.9703791690179552,0.1499999999999999
2013-02-01,2013-04-30,Zip Code: 98107,Condo/Co-op,272000.0,289000.0,323.2697058810484,32.0,27.0,7.0,0.9891158101744084,0.21875
2016-02-01,2016-04-30,Zip Code: 98108,Townhouse,386100.0,474950.0,293.61216730038024,23.0,21.0,5.0,1.0185107636235708,0.608695652173913
2013-01-01,2013-03-31,Zip Code: 98122,Condo/Co-op,265000.0,259900.0,351.21096276448304,37.0,49.0,21.0,0.9817044701613528,0.2972972972972973
2020-03-01,2020-05-31,Zip Code: 98112,All Residential,1085000.0,1150000.0,592.4420355314664,85.0,118.0,45.0,1.0188271604319523,0.4
2020-06-01,2020-08-31,Zip Code: 98121,Townhouse,1350000.0,1370000.0,773.6389684813754,1.0,1.0,,0.9854014598540146,0.0
2018-01-01,2018-03-31,Zip Code: 98105,Condo/Co-op,472750.0,412475.0,667.8921568627451,10.0,12.0,1.0,1.094621234126138,0.6999999999999998
2017-07-01,2017-09-30,Zip Code: 98177,All Residential,679975.0,660000.0,323.96907216494844,98.0,105.0,36.0,1.0323738838033636,0.5306122448979592
2018-01-01,2018-03-31,Zip Code: 98102,Townhouse,929900.0,937475.0,608.6764054891545,17.0,30.0,13.0,1.007110428680914,0.2352941176470588
2018-01-01,2018-03-31,Zip Code: 98107,All Residential,813250.0,754975.0,592.3866237220311,82.0,102.0,12.0,1.0519789465392462,0.548780487804878
2020-03-01,2020-05-31,Zip Code: 98106,Townhouse,559800.0,530777.0,370.9121621621621,23.0,34.0,26.0,0.9999631068713982,0.1304347826086956
2018-05-01,2018-07-31,Zip Code: 98136,Townhouse,649999.0,639950.0,476.802284082798,19.0,13.0,4.0,1.0183769204171775,0.4736842105263157
2022-05-01,2022-07-31,Zip Code: 98118,Single Family Residential,845000.0,839000.0,504.3478260869565,103.0,147.0,50.0,1.0553253173907085,0.5145631067961165
2012-03-01,2012-05-31,Zip Code: 98122,Multi-Family (2-4 Unit),370000.0,422450.0,145.20653622273653,3.0,8.0,6.0,1.015236154038648,0.3333333333333333
2021-11-01,2022-01-31,Zip Code: 98122,Multi-Family (2-4 Unit),1432500.0,1300000.0,527.34375,7.0,5.0,5.0,1.009113788715054,0.2857142857142857
2014-08-01,2014-10-31,Zip Code: 98199,Multi-Family (2-4 Unit),1144500.0,999000.0,285.36991062562066,4.0,1.0,,0.9655484841587436,0.0
2017-01-01,2017-03-31,Zip Code: 98178,Townhouse,129950.0,119950.0,115.92328278322924,1.0,1.0,,1.0833680700291788,1.0
2023-09-01,2023-11-30,Zip Code: 98134,Condo/Co-op,475000.0,434999.0,413.0434782608696,1.0,1.0,1.0,0.979381443298969,0.0
2014-11-01,2015-01-31,Zip Code: 98122,Condo/Co-op,301225.0,320000.0,434.2523860021209,34.0,22.0,14.0,0.9932562361320648,0.3235294117647059
2015-04-01,2015-06-30,Zip Code: 98109,Condo/Co-op,345000.0,365000.0,425.0,85.0,101.0,24.0,1.0208477187402367,0.5294117647058822
2020-02-01,2020-04-30,Zip Code: 98125,All Residential,610000.0,644950.0,371.1340206185568,97.0,128.0,44.0,1.0177743419684322,0.4329896907216495
2012-04-01,2012-06-30,Zip Code: 98133,Condo/Co-op,93500.0,115000.0,119.88070069465418,24.0,29.0,22.0,0.974940431343532,0.2083333333333333
2014-05-01,2014-07-31,Zip Code: 98119,Multi-Family (2-4 Unit),780000.0,515000.0,313.2780082987552,3.0,5.0,3.0,1.00735282375641,0.3333333333333333
2019-12-01,2020-02-29,Zip Code: 98116,All Residential,780000.0,742475.0,489.1676168757127,81.0,72.0,32.0,1.0041059158818393,0.3209876543209876
2016-11-01,2017-01-31,Zip Code: 98102,Single Family Residential,1160000.0,1180000.0,457.71144278606965,15.0,7.0,3.0,0.9986944529169643,0.2666666666666666
2015-03-01,2015-05-31,Zip Code: 98177,Townhouse,398500.0,462475.0,257.201646090535,3.0,8.0,5.0,1.0093169190224218,0.3333333333333333
2018-04-01,2018-06-30,Zip Code: 98105,Condo/Co-op,540000.0,525000.0,514.7948642266824,20.0,27.0,5.0,1.043353014356036,0.55
2022-12-01,2023-02-28,Zip Code: 98105,Townhouse,880000.0,888000.0,510.72607260726073,2.0,5.0,2.0,0.9846748432889194,0.0
2019-10-01,2019-12-31,Zip Code: 98116,All Residential,740312.5,698000.0,457.3891955624632,102.0,75.0,36.0,0.9983601098983416,0.2254901960784313
2018-05-01,2018-07-31,Zip Code: 98102,Condo/Co-op,529950.0,550000.0,679.8623063683305,79.0,83.0,21.0,1.0343119720592968,0.4683544303797468
2014-05-01,2014-07-31,Zip Code: 98119,Condo/Co-op,297950.0,359000.0,374.48012036426667,44.0,45.0,26.0,0.9931491651672912,0.2954545454545454
2012-11-01,2013-01-31,Zip Code: 98122,Townhouse,409475.0,450000.0,273.1409380692168,6.0,5.0,3.0,0.9904347788990412,0.0
2017-10-01,2017-12-31,Zip Code: 98105,Townhouse,781500.0,739000.0,550.4777568922307,10.0,7.0,1.0,1.0137275576268745,0.5
2023-12-01,2024-02-29,Zip Code: 98144,Single Family Residential,766000.0,897475.0,543.859649122807,29.0,34.0,20.0,1.0230731559033772,0.4482758620689655
2023-10-01,2023-12-31,Zip Code: 98118,All Residential,753000.0,775944.0,453.7403990814792,70.0,73.0,47.0,0.9975794934744078,0.3428571428571428
2019-09-01,2019-11-30,Zip Code: 98116,Multi-Family (2-4 Unit),1177500.0,1450000.0,411.74543049543047,2.0,3.0,1.0,1.0058823529411764,0.5
2015-10-01,2015-12-31,Zip Code: 98177,All Residential,630000.0,579900.0,286.27450980392155,87.0,49.0,11.0,1.009826843543116,0.4482758620689655
2018-02-01,2018-04-30,Zip Code: 98116,Condo/Co-op,479000.0,457450.0,573.1225296442688,27.0,34.0,6.0,1.0408469141858434,0.5555555555555555
2017-10-01,2017-12-31,Zip Code: 98119,Townhouse,899950.0,969950.0,507.1428571428572,7.0,7.0,4.0,1.029885380894429,0.2857142857142857
2014-01-01,2014-03-31,Zip Code: 98112,Condo/Co-op,420000.0,433500.0,386.01036269430045,17.0,16.0,7.0,1.0033509260382962,0.4117647058823529
2017-06-01,2017-08-31,Zip Code: 98116,Multi-Family (2-4 Unit),724500.0,979500.0,344.3513257575757,4.0,5.0,2.0,1.026381909547739,0.25
2018-02-01,2018-04-30,Zip Code: 98144,All Residential,731000.0,749500.0,468.72671385991055,123.0,140.0,34.0,1.0359651122656155,0.4715447154471544
2017-11-01,2018-01-31,Zip Code: 98178,Condo/Co-op,239500.0,132450.0,260.04343105320305,3.0,4.0,2.0,0.9866509619159796,0.0
2015-05-01,2015-07-31,Zip Code: 98125,Condo/Co-op,207500.0,197500.0,215.05710601455283,26.0,30.0,7.0,0.9930902468049444,0.1923076923076923
2013-03-01,2013-05-31,Zip Code: 98109,All Residential,367500.0,445000.0,334.9157041728763,104.0,125.0,50.0,0.99785920124685,0.298076923076923
2019-08-01,2019-10-31,Zip Code: 98108,Multi-Family (2-4 Unit),537475.0,580000.0,239.9033623005767,2.0,2.0,1.0,0.9573170731707316,0.0
2023-11-01,2024-01-31,Zip Code: 98199,Multi-Family (2-4 Unit),1150000.0,1075000.0,461.84738955823286,1.0,1.0,1.0,0.9214743589743588,0.0
2018-05-01,2018-07-31,Zip Code: 98113,Single Family Residential,960000.0,,500.0,1.0,,,1.28,1.0
2014-04-01,2014-06-30,Zip Code: 98177,Condo/Co-op,171750.0,260000.0,188.846618357488,4.0,9.0,2.0,1.00973464181065,0.25
2018-08-01,2018-10-31,Zip Code: 98136,Single Family Residential,817000.0,769500.0,367.17687074829934,65.0,71.0,36.0,0.9950216269530316,0.2615384615384615
2012-09-01,2012-11-30,Zip Code: 98106,Single Family Residential,222425.0,259975.0,135.82646426956128,58.0,74.0,47.0,0.9881026646263316,0.3448275862068965
2018-07-01,2018-09-30,Zip Code: 98178,Condo/Co-op,163500.0,151444.0,200.3676470588236,3.0,4.0,2.0,1.038437218742791,1.0
2016-03-01,2016-05-31,Zip Code: 98125,Multi-Family (2-4 Unit),429000.0,564000.0,335.15625,1.0,2.0,,1.0,0.0
2023-02-01,2023-04-30,Zip Code: 98133,Condo/Co-op,383200.0,394974.5,431.0344827586207,13.0,28.0,19.0,1.0253280725012055,0.5384615384615384
2015-08-01,2015-10-31,Zip Code: 98125,Townhouse,403575.0,324500.0,262.20472440944883,9.0,8.0,4.0,1.051211829407087,0.7777777777777777
2014-12-01,2015-02-28,Zip Code: 98122,Single Family Residential,510000.0,548500.0,321.707959669656,40.0,39.0,22.0,0.9934314414034812,0.2999999999999999
2021-01-01,2021-03-31,Zip Code: 98108,All Residential,620000.0,560402.0,377.02278083267873,83.0,98.0,29.0,1.021619719857148,0.4216867469879518
2022-03-01,2022-05-31,Zip Code: 98102,Townhouse,1195000.0,1150000.0,754.7705449164382,34.0,29.0,10.0,1.0310809423797187,0.5
2021-02-01,2021-04-30,Zip Code: 98116,Multi-Family (2-4 Unit),1405000.0,795000.0,438.939495491104,6.0,3.0,5.0,0.9556757386353923,0.0
2021-12-01,2022-02-28,Zip Code: 98178,All Residential,611750.0,599950.0,354.2077549066539,72.0,63.0,5.0,1.047624038243348,0.5694444444444444
2020-11-01,2021-01-31,Zip Code: 98109,Multi-Family (2-4 Unit),1253250.0,1095000.0,344.77303988995874,1.0,7.0,5.0,0.9677606177606176,0.0
2015-09-01,2015-11-30,Zip Code: 98133,Multi-Family (2-4 Unit),635000.0,749000.0,182.3557237464522,2.0,1.0,1.0,0.9272630173564752,0.0
2023-09-01,2023-11-30,Zip Code: 98199,Townhouse,825000.0,945975.0,589.171974522293,7.0,6.0,8.0,0.9924521711693683,0.2857142857142857
2012-12-01,2013-02-28,Zip Code: 98126,Townhouse,258000.0,306990.0,153.52704658525553,8.0,11.0,7.0,1.009141000389434,0.5
2016-05-01,2016-07-31,Zip Code: 98116,Condo/Co-op,377200.0,350000.0,454.05405405405406,33.0,47.0,8.0,1.0230632737318914,0.4545454545454545
2021-09-01,2021-11-30,Zip Code: 98106,Multi-Family (2-4 Unit),957500.0,1015000.0,316.72804256837867,4.0,2.0,1.0,0.9726743434995864,0.0
2012-07-01,2012-09-30,Zip Code: 98116,All Residential,407475.0,459000.0,241.47133905778605,98.0,115.0,82.0,0.9904889005868864,0.2448979591836734
2019-07-01,2019-09-30,Zip Code: 98115,Multi-Family (2-4 Unit),1200000.0,1267500.0,332.409972299169,1.0,2.0,1.0,0.9266409266409266,0.0
2019-11-01,2020-01-31,Zip Code: 98144,Condo/Co-op,455000.0,379475.0,419.7761194029851,9.0,6.0,6.0,0.98857825656126,0.1111111111111111
2013-03-01,2013-05-31,Zip Code: 98117,Multi-Family (2-4 Unit),605000.0,640000.0,191.81991122384275,3.0,5.0,4.0,0.9849545619401,0.3333333333333333
2021-07-01,2021-09-30,Zip Code: 98105,Townhouse,780000.0,794950.0,599.1556763287064,18.0,22.0,10.0,0.9999092913910388,0.1111111111111111
2018-12-01,2019-02-28,Zip Code: 98134,All Residential,400000.0,387000.0,304.3478260869565,3.0,2.0,,0.9704120422460214,0.3333333333333333
2021-12-01,2022-02-28,Zip Code: 98178,Single Family Residential,620000.0,582475.0,361.8787253015441,68.0,56.0,4.0,1.0493702951832071,0.5735294117647058
2021-09-01,2021-11-30,Zip Code: 98107,Condo/Co-op,475000.0,444750.0,607.0110701107011,43.0,52.0,13.0,0.9952348224413724,0.3488372093023255
2022-02-01,2022-04-30,Zip Code: 98105,Townhouse,869950.0,874500.0,730.7692307692307,11.0,18.0,4.0,1.011684907226723,0.1818181818181818
2015-09-01,2015-11-30,Zip Code: 98115,Multi-Family (2-4 Unit),439000.0,439000.0,372.03389830508473,1.0,1.0,,1.0,0.0
2018-07-01,2018-09-30,Zip Code: 98106,Multi-Family (2-4 Unit),660000.0,,340.2061855670103,1.0,,,1.056,1.0
2014-05-01,2014-07-31,Zip Code: 98146,Single Family Residential,290545.0,299950.0,184.40279269602576,109.0,129.0,85.0,0.9955837377560788,0.3211009174311926
2016-12-01,2017-02-28,Zip Code: 98133,Multi-Family (2-4 Unit),608000.0,529500.0,278.125,2.0,1.0,,1.0282050460625975,1.0
2017-08-01,2017-10-31,Zip Code: 98134,All Residential,380000.0,352450.0,339.1304347826087,3.0,2.0,1.0,0.9878201016229832,0.6666666666666666
2023-09-01,2023-11-30,Zip Code: 98126,Townhouse,649000.0,664500.0,458.54591836734687,15.0,12.0,10.0,0.9984028643613196,0.3333333333333333
2021-10-01,2021-12-31,Zip Code: 98109,Townhouse,900000.0,1299950.0,648.7179487179487,11.0,5.0,4.0,1.0004939251424991,0.2727272727272727
2013-08-01,2013-10-31,Zip Code: 98133,Condo/Co-op,177000.0,171225.0,173.982869379015,25.0,26.0,18.0,1.0056386840709457,0.32
2023-05-01,2023-07-31,Zip Code: 98115,All Residential,993500.0,969000.0,572.9166666666665,189.0,213.0,58.0,1.0195850609317916,0.4338624338624338
2014-05-01,2014-07-31,Zip Code: 98126,Condo/Co-op,200000.0,244975.0,264.76578411405296,15.0,24.0,15.0,0.9767937801746877,0.2666666666666666
2013-03-01,2013-05-31,Zip Code: 98118,All Residential,330000.0,325000.0,183.7121212121212,138.0,180.0,104.0,1.009720609377815,0.4637681159420289
2018-08-01,2018-10-31,Zip Code: 98144,All Residential,735000.0,729000.0,459.49720670391054,77.0,149.0,87.0,0.993635135602208,0.2337662337662337
2013-10-01,2013-12-31,Zip Code: 98126,Townhouse,289995.0,325000.0,216.0499888334698,12.0,11.0,7.0,1.000718525516332,0.4166666666666666
2016-01-01,2016-03-31,Zip Code: 98136,All Residential,530000.0,475000.0,342.3076923076923,55.0,71.0,15.0,1.0383135229603555,0.6727272727272727
2022-09-01,2022-11-30,Zip Code: 98102,Townhouse,955000.0,999900.0,679.1248860528715,13.0,11.0,8.0,0.9858623003803896,0.2307692307692307
2021-11-01,2022-01-31,Zip Code: 98199,Single Family Residential,1290000.0,1175000.0,575.3768844221106,51.0,33.0,6.0,1.0383726072905757,0.5098039215686274
2016-04-01,2016-06-30,Zip Code: 98112,Townhouse,842250.0,699950.0,466.5220651242502,14.0,19.0,5.0,1.020517874608414,0.4285714285714285
2018-08-01,2018-10-31,Zip Code: 98121,All Residential,642500.0,679000.0,773.13769751693,93.0,169.0,132.0,0.9763794975661422,0.1075268817204301
2022-05-01,2022-07-31,Zip Code: 98109,Condo/Co-op,532500.0,539000.0,693.325906260864,52.0,81.0,49.0,1.0045033365279852,0.3653846153846153
2018-01-01,2018-03-31,Zip Code: 98115,All Residential,835000.0,769000.0,468.9119170984456,131.0,159.0,33.0,1.0919884817540602,0.6259541984732824
2021-10-01,2021-12-31,Zip Code: 98119,Single Family Residential,1250000.0,1100000.0,560.7142857142857,41.0,25.0,6.0,1.0290777050529725,0.3902439024390244
2019-06-01,2019-08-31,Zip Code: 98112,Townhouse,866000.0,799000.0,617.1622675130861,20.0,21.0,7.0,0.9975286644126669,0.25
2023-05-01,2023-07-31,Zip Code: 98112,Single Family Residential,1850000.0,1750000.0,719.9765268144138,58.0,60.0,27.0,1.0052251181616447,0.3275862068965517
2014-05-01,2014-07-31,Zip Code: 98107,Single Family Residential,555000.0,549950.0,313.4920634920635,58.0,51.0,13.0,1.0360809309816832,0.5
2015-12-01,2016-02-29,Zip Code: 98117,Condo/Co-op,415000.0,474000.0,476.8649669499528,5.0,2.0,,0.979822345083824,0.2
2015-01-01,2015-03-31,Zip Code: 98113,All Residential,565000.0,524950.0,279.7029702970297,1.0,1.0,,1.0762929802838366,1.0
2019-09-01,2019-11-30,Zip Code: 98115,All Residential,750000.0,795000.0,434.6520327498589,194.0,186.0,66.0,0.9966650771145013,0.2268041237113402
2015-06-01,2015-08-31,Zip Code: 98116,Townhouse,617000.0,570000.0,373.5514997548692,16.0,16.0,6.0,1.00797896024087,0.3125
2018-05-01,2018-07-31,Zip Code: 98126,Multi-Family (2-4 Unit),1077500.0,659900.0,279.3245649398643,2.0,1.0,,1.0192173305380852,0.5
2014-02-01,2014-04-30,Zip Code: 98102,Multi-Family (2-4 Unit),695000.0,792475.0,294.49152542372883,1.0,2.0,2.0,1.0,0.0
2021-04-01,2021-06-30,Zip Code: 98107,Multi-Family (2-4 Unit),1107500.0,995000.0,469.7843767732173,8.0,13.0,4.0,1.0146708258157933,0.5
2020-08-01,2020-10-31,Zip Code: 98134,All Residential,397000.0,409950.0,345.2173913043478,1.0,1.0,,0.9684107818026588,0.0
2021-01-01,2021-03-31,Zip Code: 98108,Multi-Family (2-4 Unit),679975.0,750000.0,269.28099656699334,2.0,1.0,1.0,1.008334027835653,0.5
2017-07-01,2017-09-30,Zip Code: 98144,Single Family Residential,723250.0,749950.0,411.7325032202663,72.0,83.0,36.0,1.0444285737698376,0.4722222222222222
2014-03-01,2014-05-31,Zip Code: 98125,All Residential,354950.5,384975.0,217.07185237329043,132.0,168.0,58.0,1.0170205977432325,0.4621212121212121
2021-05-01,2021-07-31,Zip Code: 98126,Townhouse,575000.0,594925.0,423.5883183781988,50.0,56.0,16.0,1.0124039061270471,0.38
2012-03-01,2012-05-31,Zip Code: 98117,Townhouse,311000.0,344450.0,244.88188976377955,3.0,14.0,9.0,0.9937357749851412,0.0
2014-01-01,2014-03-31,Zip Code: 98199,All Residential,595250.0,649500.0,293.1849078341014,72.0,105.0,45.0,0.9962434496494452,0.2638888888888889
2023-01-01,2023-03-31,Zip Code: 98115,Townhouse,770000.0,837475.0,571.7202669902913,18.0,28.0,13.0,0.9931062712335909,0.3888888888888889
2012-09-01,2012-11-30,Zip Code: 98116,Condo/Co-op,299950.0,418000.0,277.3109243697479,25.0,19.0,21.0,0.969139853879311,0.2
2015-09-01,2015-11-30,Zip Code: 98102,All Residential,485000.0,515000.0,475.2851711026616,85.0,81.0,22.0,1.0048081515764322,0.2823529411764705
2016-10-01,2016-12-31,Zip Code: 98119,Condo/Co-op,386250.0,399000.0,494.4488555470376,42.0,31.0,6.0,1.0289559552931562,0.5
2018-07-01,2018-09-30,Zip Code: 98121,Condo/Co-op,627500.0,649950.0,775.562399706647,90.0,143.0,102.0,0.982877702975711,0.1666666666666666
2021-07-01,2021-09-30,Zip Code: 98133,All Residential,700000.0,699000.0,428.4715821812596,265.0,295.0,75.0,1.0352213146404077,0.5018867924528301
2015-03-01,2015-05-31,Zip Code: 98177,Single Family Residential,592500.0,644975.0,262.3083131557708,66.0,112.0,45.0,1.024870221570939,0.5303030303030302
2015-09-01,2015-11-30,Zip Code: 98112,All Residential,930000.0,909500.0,443.2004190401362,72.0,78.0,26.0,1.0323579025136271,0.5138888888888888
2013-07-01,2013-09-30,Zip Code: 98117,All Residential,488500.0,485000.0,252.86966046002192,188.0,183.0,63.0,1.020604311702081,0.5053191489361702
2013-09-01,2013-11-30,Zip Code: 98102,All Residential,409000.0,349950.0,357.8732106339468,95.0,91.0,47.0,1.000534157265354,0.2842105263157894
2015-10-01,2015-12-31,Zip Code: 98112,Condo/Co-op,425125.0,404500.0,506.0847038978252,16.0,16.0,5.0,1.023938499805833,0.625
2014-07-01,2014-09-30,Zip Code: 98105,Single Family Residential,766500.0,624975.0,341.6666666666667,57.0,81.0,31.0,1.0176172523345168,0.4561403508771929
2015-11-01,2016-01-31,Zip Code: 98122,Single Family Residential,739950.0,725000.0,357.24381625441697,47.0,39.0,13.0,1.0173165368102155,0.3404255319148936
2017-06-01,2017-08-31,Zip Code: 98178,Single Family Residential,447475.0,449000.0,255.1892768959436,104.0,123.0,47.0,1.0542124143448832,0.5961538461538461
2014-11-01,2015-01-31,Zip Code: 98119,Single Family Residential,793750.0,634500.0,335.0653941322022,20.0,12.0,14.0,0.9907024657119364,0.3499999999999999
2021-03-01,2021-05-31,Zip Code: 98122,Multi-Family (2-4 Unit),1188000.0,1100000.0,364.4171779141104,1.0,7.0,4.0,0.9140029405044096,0.0
2012-08-01,2012-10-31,Zip Code: 98125,Single Family Residential,325000.0,359925.0,203.5302024035421,92.0,104.0,43.0,0.9946966845472875,0.2391304347826087
2019-02-01,2019-04-30,Zip Code: 98106,Single Family Residential,535000.0,599925.0,351.4848484848485,75.0,106.0,49.0,0.9962843502409752,0.3466666666666666
2023-12-01,2024-02-29,Zip Code: 98116,All Residential,960000.0,967500.0,588.4092253104671,63.0,76.0,36.0,1.0025505772326249,0.3333333333333333
2012-11-01,2013-01-31,Zip Code: 98106,All Residential,227225.0,250000.0,154.83939448063742,82.0,73.0,51.0,0.9809340198518954,0.2682926829268292
2023-03-01,2023-05-31,Zip Code: 98116,Townhouse,800000.0,839000.0,557.4468085106383,15.0,13.0,4.0,1.000318856381724,0.2666666666666666
2013-05-01,2013-07-31,Zip Code: 98119,All Residential,550000.0,597000.0,327.2413793103448,117.0,144.0,80.0,1.0029922449376536,0.3247863247863248
2013-01-01,2013-03-31,Zip Code: 98199,Single Family Residential,649500.0,699000.0,261.04417670682733,49.0,81.0,42.0,1.0031151600826973,0.3673469387755102
2018-11-01,2019-01-31,Zip Code: 98126,All Residential,581975.0,575000.0,359.82484402672526,100.0,80.0,55.0,0.9875658589840404,0.1499999999999999
2015-06-01,2015-08-31,Zip Code: 98108,All Residential,435000.0,419000.0,231.8116634799235,53.0,83.0,35.0,1.0452221911394386,0.5660377358490565
2022-06-01,2022-08-31,Zip Code: 98178,Townhouse,650000.0,522499.5,325.4882323485228,1.0,4.0,1.0,1.0,0.0
2019-12-01,2020-02-29,Zip Code: 98102,Townhouse,747500.0,829000.0,636.7563322206951,34.0,29.0,7.0,0.9956661743038872,0.1176470588235294
2013-01-01,2013-03-31,Zip Code: 98122,Townhouse,494500.0,479950.0,303.78067426824,6.0,17.0,1.0,1.0298411544722093,0.8333333333333333
2015-01-01,2015-03-31,Zip Code: 98178,Single Family Residential,268500.0,294450.0,161.3288027761712,70.0,78.0,43.0,1.0144712103492408,0.4571428571428571
2018-02-01,2018-04-30,Zip Code: 98178,All Residential,525000.0,425000.0,282.2611129284338,126.0,123.0,42.0,1.0429391299255173,0.4841269841269841
2023-12-01,2024-02-29,Zip Code: 98107,Single Family Residential,1035000.0,1065500.0,538.7596899224807,13.0,12.0,5.0,0.983891034846772,0.2307692307692307
2017-01-01,2017-03-31,Zip Code: 98125,Multi-Family (2-4 Unit),1150000.0,950000.0,293.2177460479347,1.0,1.0,,1.2105263157894737,1.0
2019-10-01,2019-12-31,Zip Code: 98133,Townhouse,505000.0,472475.0,359.51612903225805,28.0,24.0,7.0,0.9859295104292068,0.0714285714285714
2020-03-01,2020-05-31,Zip Code: 98106,All Residential,565800.0,558500.0,371.875,71.0,122.0,70.0,1.0185711876073522,0.3943661971830985
2012-07-01,2012-09-30,Zip Code: 98144,Condo/Co-op,232500.0,235900.0,274.12587412587413,10.0,25.0,34.0,0.9850706707900412,0.1
2017-04-01,2017-06-30,Zip Code: 98109,Townhouse,933000.0,959919.0,633.9405630316278,8.0,12.0,3.0,1.0644900489499356,0.75
2022-10-01,2022-12-31,Zip Code: 98125,All Residential,700000.0,759950.0,455.06086956521744,74.0,75.0,39.0,0.9813317720019104,0.2297297297297297
2012-11-01,2013-01-31,Zip Code: 98108,Townhouse,280150.0,265000.0,178.27664625765337,12.0,2.0,,0.998362478636991,0.1666666666666666
2014-01-01,2014-03-31,Zip Code: 98105,Townhouse,442500.0,487500.0,321.8071219715956,8.0,8.0,1.0,0.96930534079458,0.0
2019-07-01,2019-09-30,Zip Code: 98105,Single Family Residential,1210000.0,1050000.0,493.4871794871795,66.0,79.0,37.0,1.0069157137473874,0.3636363636363636
2019-04-01,2019-06-30,Zip Code: 98102,All Residential,657500.0,625000.0,627.0536255463043,112.0,168.0,99.0,0.993739649142359,0.2053571428571428
2018-06-01,2018-08-31,Zip Code: 98199,Condo/Co-op,480000.0,399225.0,493.65628604382925,17.0,22.0,10.0,1.0337827839661693,0.5294117647058822
2012-09-01,2012-11-30,Zip Code: 98122,Townhouse,439900.0,419000.0,282.9015544041451,15.0,11.0,1.0,0.991666422255912,0.2
2014-06-01,2014-08-31,Zip Code: 98102,Condo/Co-op,310000.0,339975.0,384.493581605304,62.0,56.0,21.0,1.0031645806145113,0.3387096774193548
2016-07-01,2016-09-30,Zip Code: 98101,Condo/Co-op,604950.0,635000.0,734.7140039447731,151.0,71.0,28.0,0.9990936823904114,0.0397350993377483
2012-09-01,2012-11-30,Zip Code: 98121,All Residential,285000.0,329950.0,389.9371069182391,61.0,55.0,47.0,0.992676367365808,0.2459016393442622
2020-08-01,2020-10-31,Zip Code: 98108,Single Family Residential,680000.0,689500.0,360.4651162790698,69.0,81.0,31.0,1.0264296256541872,0.5072463768115942
2021-03-01,2021-05-31,Zip Code: 98106,Condo/Co-op,305000.0,310000.0,362.9017609822994,4.0,5.0,1.0,0.9959677419354838,0.0
2012-04-01,2012-06-30,Zip Code: 98106,Multi-Family (2-4 Unit),214500.0,350000.0,95.16581057943588,2.0,3.0,3.0,0.9438712625709011,0.0
2023-03-01,2023-05-31,Zip Code: 98102,Townhouse,1081500.0,1239000.0,659.2784163927209,12.0,13.0,5.0,0.9792491184389562,0.0833333333333333
2023-06-01,2023-08-31,Zip Code: 98115,Townhouse,819950.0,819950.0,616.1856474258971,25.0,25.0,8.0,0.990039361717438,0.12
2022-08-01,2022-10-31,Zip Code: 98115,Single Family Residential,1150000.0,1185000.0,555.8373042886317,136.0,158.0,50.0,0.9987910062077104,0.2720588235294117
2020-10-01,2020-12-31,Zip Code: 98115,Condo/Co-op,404975.0,337000.0,427.3265273655045,28.0,24.0,16.0,0.9928090948404736,0.1428571428571428
2012-07-01,2012-09-30,Zip Code: 98112,Townhouse,285000.0,429000.0,309.1106290672451,1.0,1.0,1.0,0.9515859766277128,0.0
2013-04-01,2013-06-30,Zip Code: 98125,Multi-Family (2-4 Unit),437500.0,492400.0,187.49524244500265,2.0,2.0,3.0,1.0000142861224606,0.5
2020-12-01,2021-02-28,Zip Code: 98118,Single Family Residential,710250.0,714975.0,422.0625152636062,86.0,78.0,26.0,1.0333038042188798,0.4534883720930232
2014-12-01,2015-02-28,Zip Code: 98107,Multi-Family (2-4 Unit),715000.0,667500.0,249.31972789115648,7.0,4.0,,0.9741919621546106,0.2857142857142857
2016-09-01,2016-11-30,Zip Code: 98102,Condo/Co-op,439000.0,439000.0,550.8474576271186,49.0,43.0,14.0,1.0175365046021687,0.4285714285714285
2018-06-01,2018-08-31,Zip Code: 98102,All Residential,752500.0,683500.0,638.7795275590552,110.0,118.0,46.0,1.0033902606604943,0.3181818181818181
2018-02-01,2018-04-30,Zip Code: 98199,Condo/Co-op,437500.0,395000.0,518.1796795357712,18.0,17.0,5.0,1.0596259625339282,0.7222222222222222
2017-09-01,2017-11-30,Zip Code: 98122,Townhouse,814350.0,798999.5,539.4903362823459,30.0,28.0,3.0,1.0254791449036034,0.5
2020-12-01,2021-02-28,Zip Code: 98136,Townhouse,570000.0,554975.0,465.98639455782313,27.0,36.0,4.0,1.0015972388038714,0.1851851851851851
2013-07-01,2013-09-30,Zip Code: 98125,Townhouse,290000.0,305950.0,195.1219512195122,21.0,31.0,17.0,1.0099803600855908,0.5238095238095238
2021-11-01,2022-01-31,Zip Code: 98112,All Residential,1290000.0,1199500.0,677.9684095860566,80.0,70.0,13.0,1.0212214540481972,0.3125
2021-07-01,2021-09-30,Zip Code: 98115,Townhouse,779950.0,769950.0,592.4718435091879,45.0,33.0,12.0,0.9956286057229397,0.1111111111111111
2015-09-01,2015-11-30,Zip Code: 98144,Condo/Co-op,265000.0,269900.0,363.92405063291136,23.0,15.0,2.0,1.0077777837260693,0.5652173913043477
2016-08-01,2016-10-31,Zip Code: 98106,Townhouse,385000.0,388900.0,271.3178294573644,35.0,26.0,9.0,1.0168817679447335,0.4285714285714285
2018-08-01,2018-10-31,Zip Code: 98106,Single Family Residential,551000.0,550000.0,332.48931892435286,76.0,111.0,58.0,0.9960973436952594,0.3421052631578947
2021-10-01,2021-12-31,Zip Code: 98146,All Residential,625000.0,600000.0,394.9175824175824,115.0,85.0,13.0,1.043271995745345,0.6347826086956521
2017-02-01,2017-04-30,Zip Code: 98107,Multi-Family (2-4 Unit),1100000.0,997500.0,322.6744186046512,5.0,6.0,1.0,1.0641434190256485,0.8
2021-12-01,2022-02-28,Zip Code: 98199,All Residential,945000.0,912000.0,575.3768844221106,71.0,80.0,13.0,1.0398334582810376,0.4929577464788732
2023-04-01,2023-06-30,Zip Code: 98108,All Residential,649975.0,669500.0,433.21867752222647,80.0,93.0,47.0,1.004796784815468,0.4249999999999999
2013-04-01,2013-06-30,Zip Code: 98117,All Residential,442000.0,440000.0,256.57894736842104,181.0,227.0,52.0,1.0219375768181629,0.56353591160221
2015-10-01,2015-12-31,Zip Code: 98194,All Residential,875000.0,,473.74120194910665,1.0,,,0.9722222222222222,0.0
2022-05-01,2022-07-31,Zip Code: 98115,Condo/Co-op,485000.0,465000.0,535.7142857142857,43.0,47.0,16.0,1.051838038694329,0.5813953488372093
2014-04-01,2014-06-30,Zip Code: 98109,Single Family Residential,1105000.0,919000.0,376.5432098765432,27.0,36.0,12.0,1.0243959434829415,0.4444444444444444
2020-02-01,2020-04-30,Zip Code: 98125,Single Family Residential,742750.0,705000.0,390.1271382339344,70.0,92.0,23.0,1.026497096921538,0.5285714285714285
2018-08-01,2018-10-31,Zip Code: 98107,Single Family Residential,775000.0,849000.0,465.0205761316872,33.0,41.0,13.0,0.9882546266049194,0.3333333333333333
2022-09-01,2022-11-30,Zip Code: 98146,Single Family Residential,680000.0,677000.0,381.76470588235287,53.0,64.0,24.0,1.0064682316887472,0.3018867924528301
2013-04-01,2013-06-30,Zip Code: 98116,All Residential,486250.0,476944.0,271.4339198801947,105.0,170.0,86.0,1.0032864346480002,0.3523809523809524
2013-04-01,2013-06-30,Zip Code: 98115,All Residential,456500.0,469950.0,254.7937208095485,182.0,265.0,106.0,1.0318509372713054,0.5604395604395604
2016-02-01,2016-04-30,Zip Code: 98178,Multi-Family (2-4 Unit),350000.0,525000.0,105.10510510510512,1.0,1.0,2.0,1.0001428775539365,1.0
2013-09-01,2013-11-30,Zip Code: 98125,All Residential,365000.0,375000.0,212.8205128205128,139.0,125.0,70.0,0.998215326321561,0.3741007194244604
2019-03-01,2019-05-31,Zip Code: 98199,All Residential,946150.0,945000.0,470.01735192505214,116.0,191.0,86.0,1.0000074063967197,0.3275862068965517
2015-02-01,2015-04-30,Zip Code: 98134,All Residential,180000.0,,238.7267904509284,1.0,,,1.0,0.0
2021-11-01,2022-01-31,Zip Code: 98106,Single Family Residential,657000.0,662500.0,459.1851851851852,81.0,46.0,6.0,1.015830309448862,0.4938271604938271
2015-10-01,2015-12-31,Zip Code: 98133,All Residential,402500.0,365000.0,251.82481751824812,179.0,134.0,31.0,1.0261939821040786,0.536312849162011
2018-05-01,2018-07-31,Zip Code: 98105,Condo/Co-op,514000.0,512477.0,575.925925925926,23.0,28.0,9.0,1.0314065139128907,0.4782608695652174
2023-10-01,2023-12-31,Zip Code: 98112,Single Family Residential,1460000.0,1749000.0,606.4037739783153,30.0,22.0,10.0,0.972604721508228,0.1666666666666666
2013-03-01,2013-05-31,Zip Code: 98112,Single Family Residential,927500.0,950000.0,310.8461538461538,88.0,121.0,49.0,0.989182664574456,0.2840909090909091
2018-05-01,2018-07-31,Zip Code: 98122,Single Family Residential,1088000.0,985000.0,529.6251511487303,53.0,83.0,33.0,1.0355503527421914,0.5660377358490565
2014-03-01,2014-05-31,Zip Code: 98102,All Residential,400750.0,485975.0,372.81959378733575,76.0,126.0,48.0,0.9977416386503734,0.3552631578947368
2019-12-01,2020-02-29,Zip Code: 98115,Single Family Residential,860000.0,882000.0,456.3725490196079,91.0,90.0,26.0,1.0061697806844716,0.3296703296703296
2015-08-01,2015-10-31,Zip Code: 98122,Condo/Co-op,373499.5,375000.0,515.8890694365001,58.0,61.0,12.0,1.0383663662092442,0.603448275862069
2019-01-01,2019-03-31,Zip Code: 98199,All Residential,849500.0,927000.0,472.2158394607843,62.0,98.0,56.0,0.9892173943132816,0.2096774193548387
2021-10-01,2021-12-31,Zip Code: 98105,Multi-Family (2-4 Unit),1431000.0,1372500.0,488.39590443686006,7.0,8.0,5.0,0.997534719328689,0.4285714285714285
2017-09-01,2017-11-30,Zip Code: 98115,Multi-Family (2-4 Unit),830000.0,775000.0,320.82449400837106,2.0,4.0,1.0,1.071875,1.0
2016-08-01,2016-10-31,Zip Code: 98105,Single Family Residential,975000.0,799122.5,425.0,65.0,90.0,23.0,1.04704531034404,0.5846153846153846
2017-09-01,2017-11-30,Zip Code: 98106,All Residential,499500.0,500000.0,330.4597701149425,105.0,134.0,24.0,1.0264768273127918,0.4571428571428571
2017-05-01,2017-07-31,Zip Code: 98177,Townhouse,302000.0,518000.0,314.2559833506764,3.0,5.0,1.0,1.02915135097919,0.3333333333333333
2021-04-01,2021-06-30,Zip Code: 98126,Townhouse,565000.0,574900.0,420.9288258413167,44.0,59.0,20.0,1.0162242927793164,0.4545454545454545
2020-11-01,2021-01-31,Zip Code: 98199,Single Family Residential,1237500.0,1262000.0,495.61487108441577,72.0,58.0,20.0,0.9964342482762766,0.3472222222222222
2018-07-01,2018-09-30,Zip Code: 98105,Single Family Residential,1051000.0,995000.0,494.44444444444446,73.0,85.0,32.0,1.001906656306846,0.3150684931506849
2022-06-01,2022-08-31,Zip Code: 98133,Condo/Co-op,361687.5,369950.0,454.9362176227792,36.0,43.0,11.0,1.0092658501281564,0.3611111111111111
2016-03-01,2016-05-31,Zip Code: 98125,Condo/Co-op,212025.0,217461.0,267.546202328811,28.0,30.0,4.0,1.0683497170239924,0.6785714285714286
2018-03-01,2018-05-31,Zip Code: 98119,Single Family Residential,1248000.0,1162500.0,524.4911652874076,43.0,52.0,8.0,1.0372672194801156,0.441860465116279
2015-09-01,2015-11-30,Zip Code: 98118,Single Family Residential,420000.0,399950.0,225.2252252252252,131.0,123.0,49.0,1.0153438446449885,0.3969465648854961
2012-03-01,2012-05-31,Zip Code: 98104,Single Family Residential,625000.0,2480000.0,85.82806921175501,1.0,1.0,1.0,0.7822277847309135,0.0
2016-05-01,2016-07-31,Zip Code: 98133,Multi-Family (2-4 Unit),522250.0,587444.0,274.2048545720862,2.0,4.0,1.0,1.0,0.0
2023-07-01,2023-09-30,Zip Code: 98133,Condo/Co-op,384000.0,375000.0,439.1891891891892,19.0,39.0,21.0,1.0014235019386646,0.4210526315789473
2012-06-01,2012-08-31,Zip Code: 98119,Multi-Family (2-4 Unit),547500.0,725000.0,191.8014096185738,2.0,3.0,2.0,0.9835836339737672,0.5
2016-11-01,2017-01-31,Zip Code: 98106,All Residential,407500.0,415000.0,276.8863453815261,132.0,80.0,23.0,1.0069479540725972,0.4090909090909091
2023-10-01,2023-12-31,Zip Code: 98119,Multi-Family (2-4 Unit),875000.0,1254000.0,230.26315789473685,1.0,2.0,3.0,0.9615384615384616,0.0
2012-04-01,2012-06-30,Zip Code: 98107,Single Family Residential,458475.0,499888.0,238.9737952237952,44.0,57.0,13.0,1.0070076239275854,0.3636363636363636
2018-01-01,2018-03-31,Zip Code: 98126,Condo/Co-op,359950.0,524447.0,494.1860465116279,11.0,55.0,10.0,1.0817998720091566,0.7272727272727272
2013-04-01,2013-06-30,Zip Code: 98178,Townhouse,117000.0,69000.0,111.37029288702928,2.0,1.0,2.0,0.985579752795762,0.0
2014-10-01,2014-12-31,Zip Code: 98144,Single Family Residential,465000.0,499950.0,259.4613127788483,62.0,49.0,20.0,1.0121880032501969,0.3548387096774193
2022-07-01,2022-09-30,Zip Code: 98119,Condo/Co-op,490000.0,485000.0,577.8509872125044,32.0,48.0,30.0,0.9904766016370032,0.375
2014-10-01,2014-12-31,Zip Code: 98133,Townhouse,301000.0,314975.0,232.30088495575225,23.0,8.0,6.0,0.9907999856104376,0.2608695652173913
2020-12-01,2021-02-28,Zip Code: 98109,Single Family Residential,1150000.0,1355000.0,489.3617021276596,19.0,22.0,9.0,1.0127582246836564,0.3684210526315789
2012-12-01,2013-02-28,Zip Code: 98115,Condo/Co-op,178000.0,192500.0,176.74417661233397,28.0,23.0,11.0,0.970679638630272,0.25
2018-01-01,2018-03-31,Zip Code: 98117,Townhouse,712000.0,699500.0,528.628841607565,18.0,20.0,3.0,1.0320818871270951,0.5
2021-08-01,2021-10-31,Zip Code: 98177,Townhouse,600000.0,669990.0,491.12202493388736,5.0,5.0,1.0,1.0351571806936035,0.5999999999999999
2014-09-01,2014-11-30,Zip Code: 98144,Condo/Co-op,254900.0,199950.0,292.32386961093584,19.0,11.0,8.0,0.9884037192558898,0.1578947368421052
2015-01-01,2015-03-31,Zip Code: 98136,Townhouse,469000.0,399500.0,301.9736842105263,11.0,6.0,1.0,1.0030904095743929,0.3636363636363636
2013-12-01,2014-02-28,Zip Code: 98199,Condo/Co-op,247000.0,189250.0,304.6984464577786,12.0,6.0,5.0,0.9607001535437372,0.0
2017-01-01,2017-03-31,Zip Code: 98106,All Residential,473100.0,492250.0,285.5314309346568,102.0,92.0,14.0,1.041540133303869,0.5
2021-05-01,2021-07-31,Zip Code: 98115,Townhouse,754950.0,754950.0,607.0986174378646,42.0,53.0,18.0,1.003624973725812,0.2142857142857142
2016-01-01,2016-03-31,Zip Code: 98115,Townhouse,562000.0,530000.0,421.1332312404288,14.0,15.0,1.0,1.0298197068385728,0.4285714285714285
2014-06-01,2014-08-31,Zip Code: 98144,All Residential,435000.0,465000.0,273.73843812199976,138.0,124.0,62.0,1.0052219744154096,0.3623188405797101
2021-03-01,2021-05-31,Zip Code: 98118,Condo/Co-op,375500.0,375000.0,401.6959144730812,10.0,7.0,1.0,0.991229019421296,0.4
2012-08-01,2012-10-31,Zip Code: 98117,Single Family Residential,449900.0,439950.0,240.17467248908292,119.0,134.0,46.0,1.014395084619775,0.5126050420168066
2017-09-01,2017-11-30,Zip Code: 98177,Single Family Residential,731000.0,749900.0,345.55555555555554,71.0,77.0,17.0,1.0294513535114636,0.4647887323943661
2020-11-01,2021-01-31,Zip Code: 98126,Multi-Family (2-4 Unit),1090000.0,,493.2126696832579,1.0,,,0.9909090909090909,0.0
2018-06-01,2018-08-31,Zip Code: 98118,Townhouse,540000.0,569000.0,395.1759035523272,16.0,19.0,8.0,1.006126735112197,0.25
2014-09-01,2014-11-30,Zip Code: 98102,Townhouse,685000.0,657475.0,434.4624447717232,21.0,16.0,8.0,0.978187469152634,0.0476190476190476
2014-08-01,2014-10-31,Zip Code: 98116,Single Family Residential,560000.0,550000.0,303.5659859798842,79.0,77.0,33.0,1.011682642112984,0.3924050632911392
2020-06-01,2020-08-31,Zip Code: 98199,All Residential,965000.0,949950.0,492.25806451612897,163.0,188.0,60.0,1.0087520327188908,0.3619631901840491
2016-02-01,2016-04-30,Zip Code: 98133,Multi-Family (2-4 Unit),449300.0,537475.0,206.34105630293968,2.0,4.0,2.0,1.0126491646778044,0.5
2017-07-01,2017-09-30,Zip Code: 98116,Multi-Family (2-4 Unit),799000.0,987250.0,363.1818181818182,3.0,4.0,2.0,1.035175879396985,0.3333333333333333
2019-09-01,2019-11-30,Zip Code: 98119,Multi-Family (2-4 Unit),960500.0,1100000.0,546.35022325762,4.0,7.0,4.0,0.9815993152563752,0.0
2021-02-01,2021-04-30,Zip Code: 98125,Townhouse,605470.0,644950.0,454.2007670400898,34.0,28.0,10.0,1.0127470306998436,0.1764705882352941
2021-01-01,2021-03-31,Zip Code: 98126,Condo/Co-op,292500.0,389000.0,463.2867132867133,9.0,15.0,7.0,0.9832980587693132,0.1111111111111111
2023-08-01,2023-10-31,Zip Code: 98102,Condo/Co-op,570000.0,525000.0,655.1724137931035,39.0,63.0,40.0,0.9858675056605272,0.1794871794871794
2021-05-01,2021-07-31,Zip Code: 98115,Condo/Co-op,416500.0,429500.0,447.60079835754834,36.0,40.0,11.0,1.0270780228271594,0.5277777777777777
2013-10-01,2013-12-31,Zip Code: 98122,Multi-Family (2-4 Unit),550000.0,574975.0,201.49253731343285,5.0,6.0,8.0,1.0067228566647486,0.4
2019-05-01,2019-07-31,Zip Code: 98119,All Residential,929250.0,910000.0,574.1543588709035,141.0,158.0,82.0,0.9934988291102944,0.2340425531914893
2020-06-01,2020-08-31,Zip Code: 98144,Multi-Family (2-4 Unit),902000.0,900000.0,387.93103448275855,3.0,3.0,2.0,0.9746833184656556,0.0
2019-01-01,2019-03-31,Zip Code: 98105,Townhouse,699000.0,720000.0,569.2182410423453,11.0,5.0,1.0,0.9756647524340548,0.0
2013-01-01,2013-03-31,Zip Code: 98117,All Residential,449975.0,425000.0,255.6186868686869,108.0,145.0,45.0,1.0139941752087585,0.4629629629629629
2019-07-01,2019-09-30,Zip Code: 98125,Condo/Co-op,290000.0,310000.0,350.98522167487687,23.0,23.0,15.0,0.9863997978875886,0.1739130434782608
2017-01-01,2017-03-31,Zip Code: 98119,Townhouse,879500.0,849950.0,503.922751961376,16.0,25.0,2.0,0.9926447602158924,0.1875
2023-12-01,2024-02-29,Zip Code: 98118,Townhouse,769950.0,659000.0,534.1880341880342,27.0,33.0,17.0,0.9977359305544294,0.1851851851851851
2013-10-01,2013-12-31,Zip Code: 98117,All Residential,450000.0,465000.0,254.13223140495867,143.0,101.0,27.0,1.0075465889522417,0.3776223776223776
2012-01-01,2012-03-31,Zip Code: 98107,Multi-Family (2-4 Unit),540000.0,,169.23076923076923,4.0,,,0.9482039203801792,0.0
2015-12-01,2016-02-29,Zip Code: 98112,Single Family Residential,1426000.0,1237000.0,437.8276968559396,32.0,50.0,24.0,1.0109183999828188,0.375
2021-04-01,2021-06-30,Zip Code: 98119,Multi-Family (2-4 Unit),1150000.0,1150000.0,485.0746268656716,7.0,11.0,3.0,1.0009108754681957,0.2857142857142857
2016-08-01,2016-10-31,Zip Code: 98119,Multi-Family (2-4 Unit),807000.0,849000.0,359.2814371257485,7.0,5.0,1.0,0.9946380118871824,0.4285714285714285
2020-08-01,2020-10-31,Zip Code: 98119,All Residential,907500.0,849000.0,573.5257985257986,148.0,195.0,94.0,1.0042698992111825,0.3513513513513513
2018-02-01,2018-04-30,Zip Code: 98133,Single Family Residential,655000.0,600000.0,392.2685185185185,89.0,108.0,26.0,1.093680717886597,0.7528089887640449
2023-06-01,2023-08-31,Zip Code: 98133,Townhouse,689000.0,699999.0,438.7626262626263,47.0,47.0,28.0,0.997063698576334,0.1489361702127659
2016-07-01,2016-09-30,Zip Code: 98126,Single Family Residential,525000.0,479950.0,329.67891483516485,114.0,123.0,42.0,1.0435224228783475,0.6140350877192982
2019-08-01,2019-10-31,Zip Code: 98116,Single Family Residential,840000.0,895000.0,424.4998528979112,78.0,71.0,27.0,0.9960132906397668,0.3076923076923077
2016-04-01,2016-06-30,Zip Code: 98105,Multi-Family (2-4 Unit),850000.0,815000.0,346.9387755102041,5.0,2.0,1.0,1.0133719176973863,0.5999999999999999
2022-07-01,2022-09-30,Zip Code: 98117,Townhouse,806250.0,799900.0,564.3800547093142,42.0,52.0,29.0,0.986350575306791,0.1904761904761904
2021-04-01,2021-06-30,Zip Code: 98105,Townhouse,866000.0,835000.0,590.3766063467086,26.0,30.0,5.0,1.0161966624650796,0.4615384615384615
2023-03-01,2023-05-31,Zip Code: 98125,All Residential,770000.0,758975.0,477.70769899956497,118.0,140.0,37.0,1.0212392807013078,0.4491525423728813
2015-04-01,2015-06-30,Zip Code: 98121,All Residential,395000.0,574000.0,540.983606557377,109.0,240.0,41.0,1.0032157962677777,0.3486238532110091
2015-05-01,2015-07-31,Zip Code: 98102,Single Family Residential,965000.0,1199000.0,348.6904761904762,20.0,23.0,9.0,1.003162803648324,0.2999999999999999
2022-02-01,2022-04-30,Zip Code: 98175,Townhouse,865000.0,685000.0,624.5487364620939,1.0,1.0,,1.2627737226277371,1.0
2023-06-01,2023-08-31,Zip Code: 98125,Multi-Family (2-4 Unit),660000.0,,423.0769230769231,1.0,,,1.015384615384615,1.0
2013-09-01,2013-11-30,Zip Code: 98122,Condo/Co-op,252500.0,279950.0,411.9607404562649,32.0,25.0,12.0,1.006078493523201,0.4375
2013-11-01,2014-01-31,Zip Code: 98107,Multi-Family (2-4 Unit),578750.0,537000.0,236.39349062918345,6.0,3.0,1.0,0.9626894109768442,0.0
2023-04-01,2023-06-30,Zip Code: 98126,Single Family Residential,850000.0,768000.0,495.6896551724138,65.0,69.0,17.0,1.0236979755594104,0.5076923076923076
2019-08-01,2019-10-31,Zip Code: 98118,All Residential,600000.0,575000.0,371.6216216216216,135.0,142.0,79.0,0.9928477410045092,0.2444444444444444
2018-12-01,2019-02-28,Zip Code: 98115,Condo/Co-op,350000.0,412000.0,376.44787644787647,21.0,18.0,13.0,0.9788270954763718,0.0952380952380952
2018-08-01,2018-10-31,Zip Code: 98112,All Residential,990000.0,944500.0,570.7482993197278,91.0,114.0,61.0,1.007851564635595,0.2857142857142857
2019-12-01,2020-02-29,Zip Code: 98107,Condo/Co-op,470000.0,435000.0,540.6283856988082,31.0,20.0,3.0,0.9940817044155512,0.2258064516129032
2021-07-01,2021-09-30,Zip Code: 98115,All Residential,914500.0,879950.0,552.9361042273524,288.0,274.0,53.0,1.0510507360922214,0.4826388888888889
2023-12-01,2024-02-29,Zip Code: 98105,Single Family Residential,1425000.0,1200000.0,593.841642228739,27.0,31.0,13.0,0.9882534889425558,0.2962962962962962
2013-04-01,2013-06-30,Zip Code: 98108,Condo/Co-op,250000.0,,208.3333333333333,1.0,,,0.8771929824561403,0.0
2017-09-01,2017-11-30,Zip Code: 98134,Condo/Co-op,384995.0,339000.0,354.38525630181016,4.0,5.0,,0.988573060161083,0.75
2016-06-01,2016-08-31,Zip Code: 98109,Townhouse,835000.0,869950.0,460.1449136276392,8.0,11.0,3.0,1.0133734265147691,0.375
2019-09-01,2019-11-30,Zip Code: 98115,Single Family Residential,795000.0,849000.0,421.3483146067416,139.0,130.0,33.0,0.9995118061125452,0.2949640287769784
2021-09-01,2021-11-30,Zip Code: 98116,Condo/Co-op,590000.0,646250.0,543.6893203883495,31.0,38.0,15.0,0.9848961107992416,0.1935483870967741
2022-08-01,2022-10-31,Zip Code: 98116,All Residential,882500.0,895000.0,579.0173410404625,106.0,101.0,51.0,0.989626765556568,0.1792452830188679
2016-05-01,2016-07-31,Zip Code: 98146,Condo/Co-op,190750.0,165000.0,208.49148189903545,6.0,13.0,4.0,1.034102187881661,0.5
2022-09-01,2022-11-30,Zip Code: 98106,Multi-Family (2-4 Unit),760000.0,745000.0,336.283185840708,1.0,1.0,3.0,1.014686248331108,1.0
2021-10-01,2021-12-31,Zip Code: 98105,Condo/Co-op,428000.0,483500.0,583.0903790087464,13.0,8.0,5.0,0.976354162752147,0.0769230769230769
2013-11-01,2014-01-31,Zip Code: 98112,Condo/Co-op,428500.0,384975.0,422.8486646884273,11.0,10.0,7.0,0.9743781390868332,0.2727272727272727
2022-11-01,2023-01-31,Zip Code: 98105,Townhouse,875000.0,893700.0,583.3333333333334,1.0,4.0,2.0,0.9853603603603605,0.0
2018-12-01,2019-02-28,Zip Code: 98134,Condo/Co-op,375000.0,387000.0,297.62845849802375,2.0,2.0,,0.9667291744801432,0.5
2019-07-01,2019-09-30,Zip Code: 98119,Townhouse,884000.0,937000.0,581.1665495432186,33.0,22.0,22.0,0.997393692358656,0.3333333333333333
2019-01-01,2019-03-31,Zip Code: 98126,Single Family Residential,625000.0,689925.0,349.963133640553,70.0,106.0,51.0,0.989400870938802,0.2142857142857142
2015-12-01,2016-02-29,Zip Code: 98107,Condo/Co-op,397925.0,397700.0,524.7271114749625,90.0,56.0,7.0,1.01334314581042,0.4888888888888888
2021-04-01,2021-06-30,Zip Code: 98109,Multi-Family (2-4 Unit),1154900.0,1275000.0,511.0,11.0,7.0,3.0,1.0001795522866044,0.3636363636363636
2017-03-01,2017-05-31,Zip Code: 98107,Townhouse,749500.0,729999.0,493.0111038536904,56.0,59.0,8.0,1.0435909522354778,0.4642857142857143
2017-03-01,2017-05-31,Zip Code: 98133,Multi-Family (2-4 Unit),595000.0,419888.0,278.14421106557376,2.0,1.0,,1.0459263759773525,1.0
2013-08-01,2013-10-31,Zip Code: 98119,Condo/Co-op,274950.0,290950.0,348.4848484848485,36.0,49.0,41.0,0.989398410603488,0.2222222222222222
2013-08-01,2013-10-31,Zip Code: 98105,Townhouse,430000.0,465000.0,308.1849315068493,9.0,15.0,6.0,1.013110112330717,0.3333333333333333
2015-01-01,2015-03-31,Zip Code: 98107,Condo/Co-op,322500.0,362950.0,408.38852097130246,25.0,69.0,22.0,1.0192012336201932,0.4
2017-01-01,2017-03-31,Zip Code: 98106,Townhouse,499900.0,425000.0,299.28540145985403,18.0,16.0,1.0,1.034840747367636,0.3888888888888889
2022-09-01,2022-11-30,Zip Code: 98199,Single Family Residential,1450000.0,1415000.0,573.7704918032787,59.0,59.0,25.0,0.9781815383238844,0.1864406779661017
2018-12-01,2019-02-28,Zip Code: 98136,Condo/Co-op,423000.0,399000.0,364.49399656946827,5.0,5.0,6.0,0.9776812955576204,0.0
2022-12-01,2023-02-28,Zip Code: 98112,Single Family Residential,1638800.0,1737500.0,670.8907938874395,31.0,34.0,19.0,0.9797830906475016,0.1290322580645161
2023-10-01,2023-12-31,Zip Code: 98108,Townhouse,600000.0,596350.0,442.8571428571428,7.0,10.0,5.0,0.9986247388919904,0.4285714285714285
2017-07-01,2017-09-30,Zip Code: 98117,Multi-Family (2-4 Unit),770000.0,959950.0,292.7756653992396,1.0,3.0,1.0,1.0266666666666666,1.0
2018-04-01,2018-06-30,Zip Code: 98109,Townhouse,890000.0,892500.0,620.592383638928,9.0,14.0,2.0,1.0550777433130087,0.7777777777777777
2012-04-01,2012-06-30,Zip Code: 98112,Condo/Co-op,358500.0,385000.0,353.8190535751511,20.0,19.0,17.0,0.9548949311243442,0.1
2023-02-01,2023-04-30,Zip Code: 98116,Townhouse,775000.0,929999.5,566.6400638467677,15.0,10.0,2.0,1.0092777437139258,0.2666666666666666
2018-04-01,2018-06-30,Zip Code: 98144,Single Family Residential,835000.0,829950.0,454.545,75.0,91.0,28.0,1.0346543985125716,0.4266666666666666
2020-11-01,2021-01-31,Zip Code: 98102,Multi-Family (2-4 Unit),1200000.0,,548.4460694698355,1.0,,2.0,0.8602150537634408,0.0
2014-07-01,2014-09-30,Zip Code: 98105,All Residential,599000.0,599000.0,346.8208092485549,91.0,113.0,44.0,1.0118933472915783,0.4065934065934065
2017-10-01,2017-12-31,Zip Code: 98133,All Residential,540000.0,539000.0,340.8843873517786,195.0,134.0,12.0,1.0249352659666269,0.4923076923076923
2016-09-01,2016-11-30,Zip Code: 98118,Condo/Co-op,241800.0,279950.0,341.5254237288136,5.0,4.0,2.0,0.9835394447439209,0.2
2021-09-01,2021-11-30,Zip Code: 98199,Condo/Co-op,413250.0,385000.0,490.9202143369478,16.0,7.0,3.0,1.0052034386673656,0.375
2016-07-01,2016-09-30,Zip Code: 98122,Multi-Family (2-4 Unit),677500.0,762475.0,380.3858024691358,4.0,6.0,1.0,1.072726066154654,0.75
2015-05-01,2015-07-31,Zip Code: 98119,Condo/Co-op,352500.0,349950.0,426.6326845844918,56.0,57.0,19.0,1.0128141443009413,0.375
2020-10-01,2020-12-31,Zip Code: 98126,Condo/Co-op,403500.0,292475.0,422.7158794562499,10.0,8.0,2.0,0.995035482418202,0.1
2013-04-01,2013-06-30,Zip Code: 98115,Multi-Family (2-4 Unit),569250.0,585000.0,272.72727272727275,5.0,6.0,3.0,0.9921814421661136,0.4
2022-08-01,2022-10-31,Zip Code: 98107,Condo/Co-op,485000.0,494975.0,610.8312342569269,29.0,26.0,16.0,0.9857565919846808,0.0689655172413793
2023-07-01,2023-09-30,Zip Code: 98146,Condo/Co-op,400000.0,349950.0,354.842753778924,6.0,7.0,4.0,0.98407090757888,0.0
2014-04-01,2014-06-30,Zip Code: 98112,Multi-Family (2-4 Unit),875000.0,890000.0,300.68728522336767,1.0,3.0,3.0,1.093818363647728,1.0
2012-04-01,2012-06-30,Zip Code: 98136,Townhouse,280000.0,285000.0,193.19284677239224,10.0,9.0,3.0,0.9871956863769794,0.2
2021-09-01,2021-11-30,Zip Code: 98199,Multi-Family (2-4 Unit),1502500.0,1460000.0,390.7120505111984,4.0,4.0,1.0,0.972288502504684,0.5
2016-03-01,2016-05-31,Zip Code: 98133,Townhouse,405200.0,410950.0,295.53264604810994,31.0,45.0,7.0,1.0265943539757,0.5806451612903226
2023-02-01,2023-04-30,Zip Code: 98102,Single Family Residential,1800000.0,1768000.0,634.4265993265993,11.0,21.0,13.0,0.9844017640387832,0.1818181818181818
2022-03-01,2022-05-31,Zip Code: 98144,Condo/Co-op,415000.0,485000.0,616.1934805467929,21.0,23.0,8.0,1.047596363032154,0.7142857142857143
2021-02-01,2021-04-30,Zip Code: 98105,Condo/Co-op,382500.0,404000.0,551.6487118103055,10.0,14.0,8.0,0.998626156924158,0.4
2017-09-01,2017-11-30,Zip Code: 98178,Single Family Residential,426000.0,449999.0,241.92546583850933,83.0,119.0,50.0,1.005497665034326,0.4337349397590361
2018-03-01,2018-05-31,Zip Code: 98116,Townhouse,799900.0,794800.0,521.1537772379284,36.0,37.0,5.0,1.0326321327164143,0.5
2015-08-01,2015-10-31,Zip Code: 98125,Multi-Family (2-4 Unit),539000.0,424950.0,227.95977011494253,4.0,3.0,,0.9804832574515712,0.25
2023-05-01,2023-07-31,Zip Code: 98108,Condo/Co-op,649950.0,649950.0,571.3690476190476,3.0,5.0,4.0,0.9649122807017544,0.0
2012-09-01,2012-11-30,Zip Code: 98112,Multi-Family (2-4 Unit),854500.0,969000.0,266.537164638616,4.0,1.0,,0.9810360102141852,0.0
2015-11-01,2016-01-31,Zip Code: 98122,Townhouse,641000.0,659999.0,394.4166070150322,29.0,33.0,11.0,1.0080644578320144,0.5172413793103448
2023-08-01,2023-10-31,Zip Code: 98117,Townhouse,800000.0,786950.0,569.143199520671,35.0,52.0,38.0,1.000739019354826,0.2285714285714285
2023-05-01,2023-07-31,Zip Code: 98105,Single Family Residential,1250000.0,1350000.0,592.3566878980891,53.0,63.0,21.0,1.032172621505574,0.5094339622641509
2012-08-01,2012-10-31,Zip Code: 98133,Multi-Family (2-4 Unit),395000.0,362000.0,126.2987012987013,3.0,2.0,3.0,0.9469530469530468,0.0
2014-01-01,2014-03-31,Zip Code: 98125,Single Family Residential,416770.0,424975.0,234.3209184470922,70.0,88.0,33.0,1.0041041512284703,0.3571428571428571
2015-10-01,2015-12-31,Zip Code: 98108,Condo/Co-op,335000.0,375000.0,293.859649122807,1.0,1.0,1.0,0.9572796113730532,0.0
2018-08-01,2018-10-31,Zip Code: 98115,All Residential,825000.0,789000.0,439.4977168949772,197.0,255.0,103.0,1.0017632503078628,0.299492385786802
2019-07-01,2019-09-30,Zip Code: 98199,Multi-Family (2-4 Unit),918100.0,1222500.0,337.0074195230645,2.0,2.0,1.0,0.9408089408273048,0.0
2021-01-01,2021-03-31,Zip Code: 98115,Multi-Family (2-4 Unit),900000.0,850000.0,416.6666666666666,3.0,5.0,2.0,0.975547999023288,0.3333333333333333
2021-07-01,2021-09-30,Zip Code: 98199,All Residential,1100000.0,989000.0,555.5555555555555,185.0,155.0,32.0,1.0254314443046375,0.4216216216216216
2019-01-01,2019-03-31,Zip Code: 98102,Single Family Residential,974250.0,1590000.0,522.4308879554558,6.0,14.0,12.0,0.9558723804495944,0.0
2012-03-01,2012-05-31,Zip Code: 98106,Single Family Residential,194250.0,247500.0,137.28687127024722,40.0,83.0,62.0,0.9703990679609787,0.225
2019-08-01,2019-10-31,Zip Code: 98102,Single Family Residential,1249975.0,1250000.0,544.9054570392868,28.0,27.0,17.0,0.9876638313293324,0.1785714285714285
2016-08-01,2016-10-31,Zip Code: 98178,Multi-Family (2-4 Unit),560500.0,,145.96354166666666,1.0,,,1.019090909090909,1.0
2015-07-01,2015-09-30,Zip Code: 98125,Townhouse,365000.0,329000.0,255.71037155840685,12.0,9.0,1.0,1.0331540443440568,0.8333333333333333
2023-07-01,2023-09-30,Zip Code: 98126,All Residential,690000.0,720000.0,493.0871212121213,86.0,99.0,37.0,1.0030840957956657,0.3255813953488372
2015-07-01,2015-09-30,Zip Code: 98177,All Residential,575000.0,595000.0,267.63874873864785,119.0,109.0,39.0,1.0217464451788874,0.4957983193277311
2020-01-01,2020-03-31,Zip Code: 98115,Single Family Residential,890000.0,869000.0,465.05376344086017,103.0,147.0,28.0,1.0426831894483377,0.5436893203883495
2021-07-01,2021-09-30,Zip Code: 98126,Condo/Co-op,400000.0,305000.0,439.453125,15.0,13.0,4.0,0.991147691771022,0.2
2015-08-01,2015-10-31,Zip Code: 98107,Townhouse,600500.0,599000.0,416.6763140791291,38.0,41.0,6.0,1.0268488106284892,0.5789473684210527
2016-06-01,2016-08-31,Zip Code: 98177,Condo/Co-op,371000.0,198975.0,243.24852238685128,2.0,4.0,,1.0489503216925726,0.5
2023-05-01,2023-07-31,Zip Code: 98106,All Residential,675000.0,644499.0,432.9268292682927,99.0,120.0,47.0,1.0147125689574563,0.4242424242424242
2017-09-01,2017-11-30,Zip Code: 98136,Condo/Co-op,393500.0,385000.0,520.9661867064248,6.0,3.0,,1.0493909275993298,0.8333333333333333
2015-05-01,2015-07-31,Zip Code: 98117,Townhouse,479150.0,490000.0,345.01443001443,16.0,9.0,2.0,1.0512102515496913,0.75
2015-05-01,2015-07-31,Zip Code: 98112,All Residential,850000.0,850000.0,430.25641025641033,125.0,115.0,42.0,1.027660864037915,0.4159999999999999
2018-03-01,2018-05-31,Zip Code: 98177,Condo/Co-op,720000.0,294974.5,352.7204502814259,7.0,6.0,3.0,1.0554979698437543,0.5714285714285714
2015-08-01,2015-10-31,Zip Code: 98199,Townhouse,511111.0,519450.0,346.42857142857144,17.0,14.0,,1.028249785313742,0.5294117647058822
2023-09-01,2023-11-30,Zip Code: 98199,Single Family Residential,1385500.0,1295000.0,605.8282208588957,51.0,61.0,24.0,1.0025706941632446,0.2549019607843137
2020-03-01,2020-05-31,Zip Code: 98108,Townhouse,530000.0,579999.0,452.23880597014926,17.0,21.0,6.0,1.0178121000784668,0.3529411764705882
2013-03-01,2013-05-31,Zip Code: 98126,Townhouse,282167.5,283103.0,203.34158425108416,12.0,14.0,7.0,1.001971881757894,0.5
2023-06-01,2023-08-31,Zip Code: 98107,Multi-Family (2-4 Unit),1327500.0,1395000.0,523.2334307992203,2.0,6.0,3.0,0.9761191901910464,0.0
2017-04-01,2017-06-30,Zip Code: 98119,Multi-Family (2-4 Unit),1130000.0,899950.0,485.7417024158953,6.0,3.0,,1.1416593904757202,0.6666666666666666
2012-11-01,2013-01-31,Zip Code: 98106,Condo/Co-op,102500.0,259900.0,111.2825407234785,2.0,1.0,,0.961725663716814,0.0
2015-04-01,2015-06-30,Zip Code: 98136,Condo/Co-op,251450.0,249250.0,311.96475397820745,14.0,10.0,2.0,1.0008026921337456,0.2857142857142857
2023-10-01,2023-12-31,Zip Code: 98108,Single Family Residential,689500.0,699800.0,377.1739130434783,34.0,23.0,13.0,0.9819321510050476,0.3235294117647059
2021-10-01,2021-12-31,Zip Code: 98126,Single Family Residential,750000.0,750000.0,467.79661016949154,93.0,53.0,3.0,1.0440663255103766,0.5913978494623656
2017-06-01,2017-08-31,Zip Code: 98115,Single Family Residential,850000.0,774900.0,409.6045197740113,179.0,171.0,19.0,1.0751221031203102,0.659217877094972
2016-04-01,2016-06-30,Zip Code: 98107,Multi-Family (2-4 Unit),850500.0,800000.0,334.9514563106796,9.0,11.0,,1.0286018303229332,0.4444444444444444
2023-02-01,2023-04-30,Zip Code: 98105,Condo/Co-op,521000.0,455000.0,550.4183179216204,13.0,27.0,16.0,0.9763722782588988,0.0
2018-04-01,2018-06-30,Zip Code: 98112,Multi-Family (2-4 Unit),1325000.0,1295000.0,1286.4077669902913,1.0,3.0,2.0,1.0,0.0
2019-11-01,2020-01-31,Zip Code: 98106,Multi-Family (2-4 Unit),775000.0,857500.0,376.2135922330097,1.0,2.0,2.0,0.9748427672955974,0.0
2015-05-01,2015-07-31,Zip Code: 98119,Single Family Residential,920750.0,859000.0,381.2454358031745,54.0,61.0,16.0,1.0219190181621876,0.4629629629629629
2022-08-01,2022-10-31,Zip Code: 98106,All Residential,635000.0,662000.0,437.5614472045618,94.0,126.0,65.0,0.9954602043165924,0.276595744680851
2019-04-01,2019-06-30,Zip Code: 98133,Townhouse,508750.0,469950.0,366.7668400905642,18.0,27.0,21.0,0.9926496699084776,0.1111111111111111
2022-06-01,2022-08-31,Zip Code: 98122,Multi-Family (2-4 Unit),1175000.0,1100000.0,465.64977179918327,6.0,5.0,2.0,0.9651716315799002,0.1666666666666666
2017-10-01,2017-12-31,Zip Code: 98177,All Residential,680000.0,717475.0,340.625,89.0,66.0,14.0,1.0232512044792967,0.4606741573033708
2023-03-01,2023-05-31,Zip Code: 98125,Single Family Residential,845000.0,839950.0,487.09150326797385,92.0,111.0,26.0,1.024584321900394,0.4782608695652174
2016-11-01,2017-01-31,Zip Code: 98112,All Residential,835000.0,875000.0,480.6122448979592,77.0,68.0,25.0,1.0205823144443884,0.4415584415584415
2016-03-01,2016-05-31,Zip Code: 98126,All Residential,460000.0,445000.0,316.6666666666667,127.0,168.0,29.0,1.06165683731443,0.6062992125984252
2018-12-01,2019-02-28,Zip Code: 98144,Condo/Co-op,415000.0,382000.0,398.8940092165898,4.0,6.0,6.0,0.9805479847537644,0.25
2015-10-01,2015-12-31,Zip Code: 98199,All Residential,687000.0,749000.0,350.6735751295337,107.0,73.0,18.0,1.0188763977033508,0.4766355140186915
2016-11-01,2017-01-31,Zip Code: 98108,Multi-Family (2-4 Unit),460000.0,582500.0,185.03620273531777,1.0,2.0,1.0,0.9484536082474226,0.0
2020-02-01,2020-04-30,Zip Code: 98119,Condo/Co-op,525000.0,537000.0,536.3175675675676,27.0,35.0,18.0,0.9978380529161291,0.3333333333333333
2015-08-01,2015-10-31,Zip Code: 98133,Condo/Co-op,185000.0,199000.0,243.01964839710445,49.0,43.0,9.0,1.0059094911852289,0.3265306122448979
2014-02-01,2014-04-30,Zip Code: 98134,All Residential,199000.0,239950.0,183.94024276377212,3.0,1.0,,1.0160713822216378,0.3333333333333333
2022-05-01,2022-07-31,Zip Code: 98199,All Residential,1325000.0,1198950.0,621.7277486910995,141.0,180.0,63.0,1.049590973988374,0.50354609929078
2013-04-01,2013-06-30,Zip Code: 98125,Single Family Residential,359775.0,379000.0,214.3294609304852,112.0,137.0,43.0,1.0158408304952196,0.4732142857142857
2015-06-01,2015-08-31,Zip Code: 98134,All Residential,325000.0,275000.0,270.83333333333326,1.0,1.0,,1.181818181818182,1.0
2013-09-01,2013-11-30,Zip Code: 98104,Condo/Co-op,389425.0,399850.0,350.9564089213619,16.0,15.0,14.0,0.9845970018370916,0.1875
2021-09-01,2021-11-30,Zip Code: 98177,Condo/Co-op,585000.0,609975.0,406.9660924254854,4.0,8.0,2.0,1.060621764096662,0.5
2022-09-01,2022-11-30,Zip Code: 98199,Townhouse,850000.0,912450.0,614.1078838174274,11.0,16.0,13.0,0.9931381489977013,0.1818181818181818
2017-07-01,2017-09-30,Zip Code: 98107,Condo/Co-op,459900.0,439000.0,610.2418207681366,43.0,51.0,5.0,1.0808740087745257,0.813953488372093
2019-03-01,2019-05-31,Zip Code: 98125,Townhouse,531500.0,524950.0,386.4063166880068,4.0,15.0,9.0,0.9976198790030846,0.25
2015-10-01,2015-12-31,Zip Code: 98134,Single Family Residential,520000.0,998555.0,298.85057471264366,1.0,1.0,1.0,1.0196078431372548,1.0
2023-09-01,2023-11-30,Zip Code: 98109,Townhouse,1070000.0,1115000.0,644.0588853838066,11.0,13.0,8.0,1.000355208190648,0.2727272727272727
2022-04-01,2022-06-30,Zip Code: 98125,Condo/Co-op,380000.0,355000.0,419.58762886597935,21.0,28.0,11.0,1.0973853526614883,0.8095238095238095
2023-07-01,2023-09-30,Zip Code: 98109,Townhouse,1212250.0,1175000.0,718.8642940828306,12.0,13.0,6.0,0.985583692438363,0.0833333333333333
2016-05-01,2016-07-31,Zip Code: 98107,Single Family Residential,700000.0,694000.0,424.40801457194897,53.0,66.0,15.0,1.0602314609915662,0.5471698113207547
2017-03-01,2017-05-31,Zip Code: 98133,Townhouse,575000.0,520000.0,395.4236239950525,34.0,35.0,2.0,1.0497652973192133,0.5294117647058822
2012-02-01,2012-04-30,Zip Code: 98134,Condo/Co-op,171500.0,205000.0,167.9790631744616,2.0,1.0,3.0,0.9583621014572514,0.0
2017-06-01,2017-08-31,Zip Code: 98108,Single Family Residential,562000.0,542000.0,321.8181818181818,73.0,86.0,35.0,1.063754176712433,0.6986301369863013
2020-03-01,2020-05-31,Zip Code: 98178,All Residential,515019.0,524900.0,285.6852071943586,90.0,117.0,33.0,1.0133871240214236,0.4444444444444444
2022-10-01,2022-12-31,Zip Code: 98199,Condo/Co-op,393000.0,420000.0,521.2404477413671,8.0,9.0,6.0,0.973927440801642,0.0
2012-04-01,2012-06-30,Zip Code: 98133,Townhouse,225000.0,244900.0,168.5559318142685,20.0,13.0,6.0,0.9860971112369318,0.3499999999999999
2022-01-01,2022-03-31,Zip Code: 98102,Condo/Co-op,625000.0,580000.0,664.1366223908918,53.0,68.0,14.0,1.0050153507030508,0.3018867924528301
2015-10-01,2015-12-31,Zip Code: 98105,Townhouse,512000.0,477450.0,408.8541666666666,5.0,2.0,,1.009061088247408,0.4
2020-12-01,2021-02-28,Zip Code: 98112,All Residential,1206000.0,1250000.0,612.3117490291417,92.0,91.0,46.0,0.9951910059846556,0.217391304347826
2017-05-01,2017-07-31,Zip Code: 98126,Townhouse,530750.0,544990.0,364.7064694564695,32.0,54.0,17.0,1.0607575749660565,0.71875
2019-01-01,2019-03-31,Zip Code: 98119,Condo/Co-op,534700.0,475000.0,532.6588933711209,32.0,38.0,23.0,0.9855849276496592,0.03125
2019-07-01,2019-09-30,Zip Code: 98125,All Residential,622500.0,629000.0,361.1111111111112,141.0,143.0,92.0,0.9951115050552896,0.2340425531914893
2015-02-01,2015-04-30,Zip Code: 98117,All Residential,557000.0,539950.0,329.6382730455076,145.0,171.0,25.0,1.0461360197049618,0.5655172413793103
2019-12-01,2020-02-29,Zip Code: 98116,Single Family Residential,965000.0,899980.0,425.1924339705239,41.0,43.0,17.0,1.0117615710906311,0.3902439024390244
2022-02-01,2022-04-30,Zip Code: 98118,Townhouse,722500.0,809990.0,506.6731452083519,50.0,41.0,5.0,1.0335547419809126,0.4799999999999999
2020-05-01,2020-07-31,Zip Code: 98109,Condo/Co-op,475000.0,527000.0,587.3261205564144,47.0,94.0,64.0,0.994583550940704,0.2553191489361701
2016-04-01,2016-06-30,Zip Code: 98178,Condo/Co-op,90000.0,94900.0,110.29411764705884,1.0,3.0,2.0,0.9483667017913592,0.0
2017-09-01,2017-11-30,Zip Code: 98116,Single Family Residential,750000.0,799000.0,384.61538461538464,87.0,63.0,13.0,1.001359587426368,0.4597701149425287
2017-05-01,2017-07-31,Zip Code: 98102,All Residential,554000.0,640000.0,599.7667040879251,120.0,139.0,41.0,1.0527860641755902,0.5666666666666667
2017-07-01,2017-09-30,Zip Code: 98126,Condo/Co-op,331000.0,399000.0,429.86425339366514,21.0,21.0,8.0,1.0824634993122306,0.7142857142857143
2022-05-01,2022-07-31,Zip Code: 98126,Single Family Residential,823000.0,777400.0,510.75949367088606,92.0,112.0,31.0,1.0500521936532137,0.5760869565217391
2013-01-01,2013-03-31,Zip Code: 98117,Single Family Residential,475000.0,446500.0,252.44089834515367,88.0,112.0,34.0,1.0142804624136987,0.4772727272727272
2012-10-01,2012-12-31,Zip Code: 98144,Condo/Co-op,213950.0,177350.0,255.20339875178587,14.0,8.0,22.0,0.9789072263063932,0.2142857142857142
2022-08-01,2022-10-31,Zip Code: 98133,Multi-Family (2-4 Unit),977500.0,881000.0,337.7428614319442,2.0,2.0,1.0,0.938664596273292,0.0
2018-02-01,2018-04-30,Zip Code: 98107,Condo/Co-op,530000.0,525000.0,720.6759443339959,33.0,34.0,4.0,1.067961487570232,0.7878787878787878
2015-03-01,2015-05-31,Zip Code: 98144,Townhouse,437350.0,464475.0,305.8238262395788,40.0,40.0,4.0,1.0389566015478346,0.65
2022-04-01,2022-06-30,Zip Code: 98136,Condo/Co-op,455000.0,448975.0,564.8144286905755,10.0,12.0,1.0,1.0278014970753893,0.8
2020-03-01,2020-05-31,Zip Code: 98106,Multi-Family (2-4 Unit),730000.0,689000.0,241.72185430463577,1.0,3.0,3.0,0.9864864864864864,0.0
2021-12-01,2022-02-28,Zip Code: 98112,Multi-Family (2-4 Unit),1518750.0,1556250.0,416.884656970458,2.0,2.0,,0.9666666666666666,0.0
2018-01-01,2018-03-31,Zip Code: 98144,All Residential,742000.0,737975.0,455.237278745212,115.0,134.0,27.0,1.030156057287391,0.417391304347826
2012-09-01,2012-11-30,Zip Code: 98107,Multi-Family (2-4 Unit),620000.0,489925.0,207.63563295378432,7.0,6.0,3.0,0.9619452515857616,0.0
2021-02-01,2021-04-30,Zip Code: 98117,Condo/Co-op,460000.0,515000.0,496.22437971952536,7.0,7.0,3.0,0.9825731445427572,0.1428571428571428
2014-03-01,2014-05-31,Zip Code: 98105,Condo/Co-op,270000.0,265000.0,307.6923076923077,15.0,17.0,9.0,0.9878474330466068,0.2
2023-12-01,2024-02-29,Zip Code: 98194,Condo/Co-op,1218750.0,1519500.0,855.8637640449437,1.0,2.0,1.0,0.975,0.0
2020-12-01,2021-02-28,Zip Code: 98108,All Residential,617500.0,599880.0,372.3518284993695,68.0,70.0,25.0,0.9998517309231096,0.2647058823529411
2019-04-01,2019-06-30,Zip Code: 98105,Multi-Family (2-4 Unit),957625.0,864225.0,372.7419549801225,2.0,4.0,4.0,0.937029791816224,0.0
2023-09-01,2023-11-30,Zip Code: 98104,Condo/Co-op,356225.0,558500.0,614.2799197301567,12.0,30.0,35.0,0.99137961238989,0.1666666666666666
2023-10-01,2023-12-31,Zip Code: 98119,Single Family Residential,1452000.0,1291900.0,631.641397495056,28.0,22.0,15.0,0.9940934143572528,0.1785714285714285
2015-06-01,2015-08-31,Zip Code: 98144,Single Family Residential,600000.0,590000.0,308.8495575221239,91.0,101.0,35.0,1.0511233828463042,0.4835164835164835
2019-05-01,2019-07-31,Zip Code: 98119,Multi-Family (2-4 Unit),1204750.0,1399950.0,452.3809523809524,4.0,3.0,2.0,0.9489506480375034,0.0
2019-08-01,2019-10-31,Zip Code: 98109,All Residential,612500.0,641250.0,584.5927146074998,82.0,82.0,59.0,0.9822325954941606,0.1219512195121951
2023-12-01,2024-02-29,Zip Code: 98177,Townhouse,595000.0,,468.503937007874,1.0,,,0.952,0.0
2022-06-01,2022-08-31,Zip Code: 98105,All Residential,1275000.0,1150000.0,623.5154394299287,93.0,135.0,55.0,1.0023977296265667,0.3010752688172043
2019-09-01,2019-11-30,Zip Code: 98117,All Residential,762750.0,759475.0,418.5655955914012,156.0,168.0,51.0,1.0025860845808323,0.3205128205128205
2016-08-01,2016-10-31,Zip Code: 98104,All Residential,444888.0,487000.0,480.7692307692308,19.0,30.0,18.0,1.0029060003612271,0.4736842105263157
2013-07-01,2013-09-30,Zip Code: 98115,All Residential,499500.0,450000.0,255.7920474587141,224.0,225.0,81.0,1.0189629564627412,0.46875
2022-10-01,2022-12-31,Zip Code: 98105,Townhouse,784225.0,895000.0,578.6946532999165,4.0,5.0,4.0,0.9960234357640728,0.5
2014-03-01,2014-05-31,Zip Code: 98116,Townhouse,439475.0,434950.0,327.1196106587174,18.0,16.0,4.0,1.0042000948238636,0.3333333333333333
2017-05-01,2017-07-31,Zip Code: 98112,All Residential,1100000.0,1075000.0,519.1222570532915,127.0,128.0,39.0,1.039065344919968,0.4488188976377952
2015-12-01,2016-02-29,Zip Code: 98106,Condo/Co-op,215000.0,225000.0,196.35826771653544,3.0,2.0,,1.012121212121212,0.3333333333333333
2012-05-01,2012-07-31,Zip Code: 98125,All Residential,305000.0,319900.0,181.58783783783784,123.0,141.0,74.0,0.9947655352570512,0.3495934959349593
2023-09-01,2023-11-30,Zip Code: 98105,Townhouse,900860.0,867000.0,631.4878892733564,7.0,8.0,,1.0016255459915624,0.5714285714285714
2014-04-01,2014-06-30,Zip Code: 98104,All Residential,370000.0,327000.0,398.5507246376812,19.0,22.0,19.0,0.9625507950418376,0.1578947368421052
2022-11-01,2023-01-31,Zip Code: 98106,Single Family Residential,700000.0,650000.0,412.7316374663072,56.0,31.0,18.0,0.994823194321946,0.2678571428571428
2016-12-01,2017-02-28,Zip Code: 98112,Multi-Family (2-4 Unit),1102250.0,,343.8719890140424,2.0,,,1.0858620689655172,0.5
2022-03-01,2022-05-31,Zip Code: 98118,All Residential,840000.0,824900.0,522.2222222222222,157.0,209.0,52.0,1.0925516990076387,0.6560509554140127
2022-05-01,2022-07-31,Zip Code: 98102,Multi-Family (2-4 Unit),1065000.0,1199000.0,527.2277227722773,1.0,3.0,3.0,1.0,0.0
2021-10-01,2021-12-31,Zip Code: 98199,Multi-Family (2-4 Unit),1370000.0,1387500.0,379.664570230608,3.0,2.0,,1.0017900754116509,0.6666666666666666
2016-09-01,2016-11-30,Zip Code: 98125,Townhouse,402500.0,414975.0,301.7064846416382,15.0,12.0,1.0,1.0229308597709477,0.4
2017-05-01,2017-07-31,Zip Code: 98119,Condo/Co-op,452500.0,484500.0,542.6926483613818,55.0,48.0,10.0,1.0744346661262056,0.6545454545454545
2013-06-01,2013-08-31,Zip Code: 98122,Single Family Residential,590000.0,499000.0,273.72576687116566,71.0,76.0,31.0,1.0258209489246908,0.5352112676056336
2013-01-01,2013-03-31,Zip Code: 98146,Townhouse,140000.0,188150.0,132.20018885741266,1.0,1.0,1.0,1.0071942446043165,1.0
2018-10-01,2018-12-31,Zip Code: 98119,Single Family Residential,1137500.0,995000.0,499.5816929133858,20.0,15.0,15.0,0.9753175266628654,0.1
2012-04-01,2012-06-30,Zip Code: 98136,Single Family Residential,407500.0,428250.0,206.88177674097523,68.0,84.0,41.0,0.986634711858303,0.2205882352941176
2012-03-01,2012-05-31,Zip Code: 98133,Single Family Residential,269500.0,299950.0,172.79870221469884,110.0,117.0,55.0,1.0048695049158665,0.2909090909090908
2019-12-01,2020-02-29,Zip Code: 98109,Multi-Family (2-4 Unit),1180000.0,1022500.0,444.2972350230416,4.0,2.0,1.0,1.0492466794115152,0.5
2023-08-01,2023-10-31,Zip Code: 98101,All Residential,587500.0,632000.0,729.5470788700721,38.0,52.0,71.0,0.984352025319206,0.1578947368421052
2012-04-01,2012-06-30,Zip Code: 98112,Single Family Residential,773750.0,1099500.0,303.64583333333326,66.0,94.0,79.0,0.9802030730257276,0.2727272727272727
2013-02-01,2013-04-30,Zip Code: 98144,All Residential,337200.0,375000.0,250.0,110.0,149.0,76.0,0.9955819764991132,0.2818181818181818
2022-08-01,2022-10-31,Zip Code: 98133,All Residential,782000.0,709880.0,470.5882352941176,145.0,191.0,118.0,0.9940809559676111,0.2413793103448276
2021-10-01,2021-12-31,Zip Code: 98117,Townhouse,749900.0,779950.0,577.445652173913,51.0,56.0,8.0,1.0059032294488364,0.2941176470588235
2023-07-01,2023-09-30,Zip Code: 98106,Condo/Co-op,415000.0,550000.0,487.2824631860776,11.0,15.0,6.0,0.9938925880183312,0.1818181818181818
2023-07-01,2023-09-30,Zip Code: 98106,Townhouse,632500.0,610000.0,405.3742078774171,12.0,15.0,11.0,0.9992762103277067,0.25
2019-11-01,2020-01-31,Zip Code: 98178,Condo/Co-op,217500.0,222500.0,201.00967499768035,2.0,4.0,2.0,1.0020255288227782,0.5
2017-06-01,2017-08-31,Zip Code: 98118,Condo/Co-op,320000.0,345000.0,427.2363150867824,11.0,11.0,3.0,1.0620730287834397,0.5454545454545454
2017-09-01,2017-11-30,Zip Code: 98105,Condo/Co-op,445000.0,375000.0,558.8235294117648,17.0,15.0,2.0,1.0484801368760142,0.6470588235294118
2020-01-01,2020-03-31,Zip Code: 98118,Condo/Co-op,324950.0,382500.0,327.99745054298535,4.0,6.0,3.0,0.9528985507246376,0.0
2015-01-01,2015-03-31,Zip Code: 98109,Condo/Co-op,327075.0,337475.0,435.8593911582213,40.0,58.0,19.0,0.9964023680377452,0.325
2012-04-01,2012-06-30,Zip Code: 98107,Townhouse,396500.0,399950.0,253.42465753424656,24.0,28.0,10.0,0.996998239378092,0.2083333333333333
2018-12-01,2019-02-28,Zip Code: 98177,Single Family Residential,767000.0,849950.0,337.4301675977654,45.0,41.0,31.0,0.9824963331334468,0.2666666666666666
2019-03-01,2019-05-31,Zip Code: 98133,Condo/Co-op,294975.0,290000.0,373.4470238543156,28.0,43.0,18.0,0.9868563366536276,0.2857142857142857
2022-04-01,2022-06-30,Zip Code: 98144,Townhouse,824995.0,745000.0,578.1387137955796,52.0,84.0,41.0,1.0468573112768949,0.5961538461538461
2018-10-01,2018-12-31,Zip Code: 98112,All Residential,1010000.0,1097500.0,553.1177829099307,75.0,58.0,31.0,0.975458140047474,0.0933333333333333
2015-06-01,2015-08-31,Zip Code: 98108,Multi-Family (2-4 Unit),429999.0,312500.0,212.87079207920792,1.0,2.0,1.0,0.9555533333333333,0.0
2020-12-01,2021-02-28,Zip Code: 98144,Townhouse,664975.0,642500.0,528.8691049929023,44.0,60.0,32.0,1.0007415265088473,0.1818181818181818
2014-10-01,2014-12-31,Zip Code: 98108,Townhouse,340000.0,282000.0,217.61658031088083,5.0,10.0,2.0,1.0057269072341644,0.4
2013-08-01,2013-10-31,Zip Code: 98133,All Residential,320100.0,329000.0,198.4536082474227,175.0,211.0,116.0,1.0040573354522655,0.3599999999999999
2019-03-01,2019-05-31,Zip Code: 98102,Multi-Family (2-4 Unit),1065000.0,2142500.0,398.876404494382,1.0,4.0,5.0,0.8223938223938224,0.0
2013-05-01,2013-07-31,Zip Code: 98105,All Residential,646000.0,574900.0,289.96683250414594,136.0,155.0,50.0,1.026891527223271,0.5073529411764705
2014-09-01,2014-11-30,Zip Code: 98105,Single Family Residential,675000.0,676500.0,314.0495867768595,65.0,60.0,26.0,1.0022965533873494,0.3692307692307692
2013-06-01,2013-08-31,Zip Code: 98177,All Residential,477500.0,475000.0,212.02903647141565,100.0,113.0,61.0,1.0015590821848166,0.4099999999999999
2022-08-01,2022-10-31,Zip Code: 98107,Townhouse,880000.0,799925.0,604.9202556466817,44.0,56.0,30.0,0.9899955560315064,0.159090909090909
2019-07-01,2019-09-30,Zip Code: 98119,Multi-Family (2-4 Unit),1075000.0,1069380.0,637.2549019607843,3.0,4.0,3.0,0.9350548608511507,0.0
2020-10-01,2020-12-31,Zip Code: 98108,Townhouse,575000.0,547000.0,408.7719298245614,39.0,28.0,15.0,0.9941847771870218,0.1538461538461538
2020-10-01,2020-12-31,Zip Code: 98122,Condo/Co-op,420000.0,399000.0,583.4958217270195,45.0,38.0,33.0,0.9871954407277262,0.0888888888888888
2017-07-01,2017-09-30,Zip Code: 98136,Single Family Residential,710000.0,712500.0,375.8169934640523,65.0,60.0,21.0,1.0147119381713132,0.4615384615384615
2020-08-01,2020-10-31,Zip Code: 98125,Single Family Residential,755000.0,720000.0,416.18015012510426,127.0,150.0,34.0,1.047915020768621,0.5905511811023622
2012-04-01,2012-06-30,Zip Code: 98116,Multi-Family (2-4 Unit),320000.0,895000.0,183.90804597701148,1.0,1.0,2.0,0.9411764705882352,0.0
2020-05-01,2020-07-31,Zip Code: 98199,All Residential,995000.0,913725.0,481.6901408450704,143.0,164.0,49.0,0.9992205655052256,0.3006993006993006
2021-10-01,2021-12-31,Zip Code: 98115,Multi-Family (2-4 Unit),1005000.0,1900000.0,353.57235058732414,5.0,5.0,2.0,0.9578159383405304,0.2
2015-02-01,2015-04-30,Zip Code: 98118,Multi-Family (2-4 Unit),262500.0,424750.0,170.45454545454547,3.0,2.0,2.0,0.9775524867157264,0.3333333333333333
2021-10-01,2021-12-31,Zip Code: 98126,Condo/Co-op,309950.0,309950.0,447.15447154471536,11.0,9.0,,1.002153640072506,0.2727272727272727
2023-12-01,2024-02-29,Zip Code: 98126,Townhouse,743250.0,609950.0,441.61466811358287,8.0,13.0,6.0,1.0087253079326717,0.5
2019-10-01,2019-12-31,Zip Code: 98115,Single Family Residential,804000.0,875000.0,429.0748898678414,141.0,75.0,12.0,0.99910581499837,0.2836879432624113
2012-07-01,2012-09-30,Zip Code: 98199,Single Family Residential,548500.0,634950.0,239.7214988425926,68.0,73.0,59.0,0.99094117511449,0.3676470588235294
2018-10-01,2018-12-31,Zip Code: 98199,Single Family Residential,1067500.0,1200000.0,417.5824175824176,79.0,51.0,26.0,0.9838662618337142,0.240506329113924
2013-02-01,2013-04-30,Zip Code: 98119,Single Family Residential,675000.0,869500.0,305.41871921182263,21.0,47.0,22.0,0.988637243207705,0.2857142857142857
2021-05-01,2021-07-31,Zip Code: 98117,Condo/Co-op,515000.0,581925.0,617.7069199457259,5.0,6.0,3.0,1.022065982233698,0.4
2016-08-01,2016-10-31,Zip Code: 98144,Condo/Co-op,287450.0,340000.0,380.30932188478727,10.0,13.0,7.0,1.0031463807377787,0.2999999999999999
2023-07-01,2023-09-30,Zip Code: 98126,Townhouse,640000.0,615000.0,472.0062194923054,16.0,17.0,9.0,1.0001365957013375,0.25
2018-03-01,2018-05-31,Zip Code: 98177,Townhouse,662000.0,627000.0,379.3296089385474,5.0,4.0,1.0,1.0780652616556978,0.8
2016-04-01,2016-06-30,Zip Code: 98134,Condo/Co-op,310050.0,285000.0,278.6337285902504,4.0,3.0,,1.0822507778881163,0.5
2013-05-01,2013-07-31,Zip Code: 98109,Multi-Family (2-4 Unit),664000.0,717000.0,277.01194016983493,2.0,4.0,4.0,0.8937373737373737,0.0
2018-02-01,2018-04-30,Zip Code: 98178,Single Family Residential,525000.0,435000.0,283.414526129318,115.0,105.0,37.0,1.0451041718031897,0.4956521739130435
2018-12-01,2019-02-28,Zip Code: 98106,Townhouse,493484.0,515900.0,345.73137604311546,24.0,35.0,24.0,0.9893689417615734,0.0833333333333333
2019-10-01,2019-12-31,Zip Code: 98116,Condo/Co-op,520700.0,475000.0,558.8235294117648,25.0,16.0,7.0,0.9899045226891628,0.12
2013-05-01,2013-07-31,Zip Code: 98105,Condo/Co-op,320000.0,297225.0,327.1889400921659,9.0,28.0,10.0,1.0053986242550208,0.3333333333333333
2015-02-01,2015-04-30,Zip Code: 98116,Condo/Co-op,320000.0,419950.0,380.5084745762712,17.0,29.0,15.0,1.0049692231846916,0.4117647058823529
2021-05-01,2021-07-31,Zip Code: 98117,Townhouse,789950.0,749475.0,526.6222961730449,61.0,66.0,19.0,1.008768198002944,0.2622950819672131
2016-07-01,2016-09-30,Zip Code: 98106,All Residential,385000.0,388400.0,265.97633136094674,131.0,154.0,59.0,1.0287693683436687,0.5267175572519083
2021-01-01,2021-03-31,Zip Code: 98122,Condo/Co-op,411500.0,475000.0,619.7230120529568,38.0,59.0,30.0,0.9889211360264272,0.1578947368421052
2021-10-01,2021-12-31,Zip Code: 98106,All Residential,655000.0,650000.0,412.621359223301,141.0,117.0,19.0,1.01378674805434,0.4113475177304964
2016-05-01,2016-07-31,Zip Code: 98116,Single Family Residential,702500.0,685000.0,363.10483870967744,88.0,103.0,33.0,1.046508117529089,0.6136363636363636
2015-07-01,2015-09-30,Zip Code: 98117,All Residential,590550.0,575000.0,321.6216216216216,169.0,182.0,37.0,1.051544598412061,0.6094674556213017
2019-08-01,2019-10-31,Zip Code: 98102,Condo/Co-op,433197.0,459975.0,641.8255857458128,74.0,74.0,44.0,0.9864861781689608,0.1351351351351351
2019-01-01,2019-03-31,Zip Code: 98144,Condo/Co-op,390000.0,391975.0,438.068986551132,8.0,14.0,8.0,1.0216013395415993,0.625
2014-02-01,2014-04-30,Zip Code: 98136,Multi-Family (2-4 Unit),395500.0,399500.0,223.4463276836158,1.0,1.0,,0.989987484355444,0.0
2013-11-01,2014-01-31,Zip Code: 98136,Single Family Residential,448650.0,479950.0,236.4828591672117,34.0,27.0,17.0,0.9952702931588496,0.3529411764705882
2019-08-01,2019-10-31,Zip Code: 98106,Condo/Co-op,337500.0,340000.0,390.4785275436384,2.0,6.0,3.0,1.007748084198273,0.5
2017-02-01,2017-04-30,Zip Code: 98105,All Residential,804124.5,815000.0,468.1427348500927,78.0,113.0,26.0,1.0742030048175475,0.5897435897435896
2015-07-01,2015-09-30,Zip Code: 98108,Townhouse,448000.0,424225.0,301.42857142857144,14.0,16.0,3.0,1.03464648614282,0.5714285714285714
2014-12-01,2015-02-28,Zip Code: 98117,All Residential,577475.0,549950.0,301.4952667814114,100.0,94.0,30.0,1.0102282631381108,0.34
2022-10-01,2022-12-31,Zip Code: 98116,All Residential,890000.0,899950.0,577.9141104294479,75.0,63.0,28.0,0.9960784552004924,0.28
2021-06-01,2021-08-31,Zip Code: 98144,Multi-Family (2-4 Unit),819500.0,2200000.0,333.8364646169382,2.0,4.0,3.0,0.9794564634364384,0.0
2023-08-01,2023-10-31,Zip Code: 98177,All Residential,1110000.0,1100000.0,502.5773195876289,61.0,75.0,24.0,1.021727435673507,0.4590163934426229
2022-12-01,2023-02-28,Zip Code: 98104,All Residential,448575.0,527425.0,620.6093801721285,12.0,26.0,29.0,0.9976177861721583,0.4166666666666666
2021-01-01,2021-03-31,Zip Code: 98112,Single Family Residential,1800000.0,1795000.0,635.4519492594807,66.0,87.0,24.0,1.013950044026504,0.3787878787878787
2015-03-01,2015-05-31,Zip Code: 98112,Townhouse,690000.0,654500.0,466.2576687116565,15.0,18.0,4.0,1.0210494331322917,0.4666666666666666
2012-07-01,2012-09-30,Zip Code: 98109,Townhouse,550000.0,525000.0,333.9414744220659,8.0,9.0,5.0,0.9371106874138035,0.125
2021-04-01,2021-06-30,Zip Code: 98108,Townhouse,620000.0,599975.0,449.64028776978415,31.0,32.0,14.0,1.0242523530094307,0.5161290322580645
2014-08-01,2014-10-31,Zip Code: 98119,All Residential,575000.0,532000.0,364.74307237019104,89.0,100.0,57.0,0.9984089121229466,0.2247191011235955
2013-02-01,2013-04-30,Zip Code: 98116,Condo/Co-op,320000.0,349000.0,352.06917850525014,19.0,38.0,25.0,0.977823071940152,0.1052631578947368
2020-03-01,2020-05-31,Zip Code: 98116,Multi-Family (2-4 Unit),1100000.0,925000.0,366.6666666666666,1.0,3.0,,1.0,0.0
2019-02-01,2019-04-30,Zip Code: 98133,Townhouse,550000.0,515000.0,360.7402399864797,24.0,29.0,20.0,0.9913246010807852,0.0416666666666666
2014-11-01,2015-01-31,Zip Code: 98122,All Residential,439000.0,520000.0,370.7295762341634,114.0,89.0,40.0,0.998444635149846,0.3070175438596491
2014-11-01,2015-01-31,Zip Code: 98146,Townhouse,240000.0,174975.0,96.02400600150038,3.0,2.0,3.0,0.9778507971279056,0.0
2013-09-01,2013-11-30,Zip Code: 98109,Multi-Family (2-4 Unit),540000.0,749950.0,282.72251308900525,3.0,1.0,,0.9638808282475008,0.0
2023-03-01,2023-05-31,Zip Code: 98119,Multi-Family (2-4 Unit),880000.0,2500000.0,584.1346153846154,3.0,1.0,1.0,0.9964427933693007,0.3333333333333333
2012-08-01,2012-10-31,Zip Code: 98199,All Residential,481000.0,499475.0,231.94596691232272,84.0,96.0,73.0,0.983115674077304,0.238095238095238
2022-02-01,2022-04-30,Zip Code: 98199,All Residential,1227000.0,1075000.0,633.3656716417911,111.0,155.0,31.0,1.1037684054959125,0.7027027027027027
2012-04-01,2012-06-30,Zip Code: 98115,Single Family Residential,499000.0,499950.0,239.11439114391143,135.0,175.0,64.0,1.00401698007484,0.437037037037037
2021-11-01,2022-01-31,Zip Code: 98126,Condo/Co-op,332500.0,279900.0,446.3182800628766,14.0,5.0,,1.0105155987330074,0.3571428571428571
2016-03-01,2016-05-31,Zip Code: 98178,Single Family Residential,350000.0,349997.5,214.695945945946,73.0,116.0,40.0,1.063691220547886,0.6301369863013698
2021-11-01,2022-01-31,Zip Code: 98109,Condo/Co-op,532500.0,475000.0,609.9220826969852,52.0,40.0,11.0,1.000555742780155,0.2692307692307692
2019-02-01,2019-04-30,Zip Code: 98119,All Residential,772060.0,899950.0,552.000180536086,94.0,142.0,74.0,0.9893549721262378,0.1702127659574468
2013-11-01,2014-01-31,Zip Code: 98105,Condo/Co-op,284000.0,306497.5,317.46031746031747,11.0,10.0,8.0,0.989547659531358,0.1818181818181818
2022-10-01,2022-12-31,Zip Code: 98108,All Residential,669000.0,629950.0,432.7296248382924,37.0,47.0,31.0,0.9809607224180964,0.1081081081081081
2018-01-01,2018-03-31,Zip Code: 98118,All Residential,590000.0,599925.0,362.5954198473282,115.0,156.0,41.0,1.0437973156180245,0.4869565217391304
2020-09-01,2020-11-30,Zip Code: 98125,Single Family Residential,731000.0,699975.0,416.6666666666666,135.0,116.0,18.0,1.0349383682228788,0.548148148148148
2014-01-01,2014-03-31,Zip Code: 98126,Condo/Co-op,176250.0,184912.0,261.17950076533606,12.0,15.0,14.0,0.9532564184508262,0.0833333333333333
2018-06-01,2018-08-31,Zip Code: 98144,Condo/Co-op,400000.0,409000.0,492.9577464788732,11.0,21.0,9.0,1.014969853542829,0.3636363636363636
2017-08-01,2017-10-31,Zip Code: 98122,Single Family Residential,892500.0,962500.0,468.3452582066316,62.0,68.0,15.0,1.0646699786479945,0.5161290322580645
2013-09-01,2013-11-30,Zip Code: 98119,Townhouse,589950.0,619475.0,332.88948069241013,10.0,10.0,11.0,0.986386330301018,0.1
2018-07-01,2018-09-30,Zip Code: 98112,Condo/Co-op,545000.0,550000.0,674.3243243243244,23.0,29.0,10.0,1.014832882608271,0.3913043478260869
2022-10-01,2022-12-31,Zip Code: 98144,Single Family Residential,925000.0,865000.0,497.5728155339806,55.0,34.0,15.0,0.9881273533499366,0.2727272727272727
2020-09-01,2020-11-30,Zip Code: 98107,Condo/Co-op,461000.0,446500.0,583.0293233787747,38.0,46.0,26.0,0.9939656996220056,0.1578947368421052
2013-04-01,2013-06-30,Zip Code: 98105,Multi-Family (2-4 Unit),585000.0,687500.0,202.64227642276424,7.0,6.0,2.0,0.9887209919091032,0.4285714285714285
2019-01-01,2019-03-31,Zip Code: 98107,All Residential,746000.0,738000.0,517.2865867150506,87.0,153.0,71.0,0.9901014439169395,0.2183908045977011
2016-09-01,2016-11-30,Zip Code: 98107,Single Family Residential,720000.0,709475.0,440.21126760563374,49.0,42.0,6.0,1.0157906146533158,0.4489795918367346
2014-03-01,2014-05-31,Zip Code: 98117,Townhouse,402000.0,389999.0,298.5733244857332,13.0,13.0,5.0,1.0055759923790917,0.3846153846153846
2012-03-01,2012-05-31,Zip Code: 98107,Multi-Family (2-4 Unit),465500.0,499950.0,173.56465997770346,4.0,5.0,2.0,0.9686625255932186,0.0
2014-08-01,2014-10-31,Zip Code: 98108,Multi-Family (2-4 Unit),157049.0,,72.70787037037037,1.0,,,1.0469933333333334,1.0
2016-09-01,2016-11-30,Zip Code: 98116,Multi-Family (2-4 Unit),725000.0,,268.51851851851853,3.0,,1.0,1.02208740120874,0.3333333333333333
2018-12-01,2019-02-28,Zip Code: 98199,Single Family Residential,992500.0,1172000.0,445.3113313388183,38.0,44.0,34.0,0.9793442075154238,0.2105263157894736
2013-04-01,2013-06-30,Zip Code: 98117,Multi-Family (2-4 Unit),712500.0,425000.0,210.9492373178697,2.0,7.0,1.0,1.01664752918466,0.5
2015-04-01,2015-06-30,Zip Code: 98119,Townhouse,650000.0,677000.0,420.2719406674908,15.0,15.0,4.0,1.0123397607647742,0.3333333333333333
2013-05-01,2013-07-31,Zip Code: 98125,Multi-Family (2-4 Unit),525000.0,492400.0,173.841059602649,1.0,2.0,3.0,1.0,0.0
2013-12-01,2014-02-28,Zip Code: 98102,All Residential,316000.0,373499.5,401.08611326609775,71.0,64.0,36.0,0.9999056439376218,0.323943661971831
2019-08-01,2019-10-31,Zip Code: 98144,Townhouse,619475.0,670475.0,477.5997483793484,40.0,60.0,33.0,0.9902058162289928,0.0749999999999999
2020-08-01,2020-10-31,Zip Code: 98109,All Residential,755000.0,736500.0,590.0621118012423,133.0,190.0,125.0,0.995139154258178,0.1804511278195488
2014-10-01,2014-12-31,Zip Code: 98119,Condo/Co-op,282450.0,324950.0,378.88519583183614,30.0,29.0,14.0,0.9767485397161656,0.1333333333333333
2012-06-01,2012-08-31,Zip Code: 98104,All Residential,231300.0,277425.0,290.0,14.0,22.0,17.0,0.9922567105729532,0.1428571428571428
2022-07-01,2022-09-30,Zip Code: 98115,All Residential,930000.0,981000.0,567.0289855072464,237.0,236.0,82.0,1.0007673699201842,0.2742616033755274
2018-01-01,2018-03-31,Zip Code: 98118,Condo/Co-op,263000.0,335000.0,346.2603878116344,5.0,5.0,1.0,0.996,0.0
2019-12-01,2020-02-29,Zip Code: 98119,Condo/Co-op,450000.0,559000.0,553.1914893617021,37.0,29.0,17.0,0.9866125063397924,0.1621621621621621
2017-06-01,2017-08-31,Zip Code: 98112,Condo/Co-op,610075.0,599500.0,621.7298240050736,22.0,16.0,3.0,1.049042896556554,0.5909090909090909
2018-10-01,2018-12-31,Zip Code: 98133,All Residential,557500.0,579000.0,344.82758620689657,149.0,107.0,67.0,0.9901934561012607,0.2080536912751677
2019-05-01,2019-07-31,Zip Code: 98118,Single Family Residential,640000.0,649950.0,368.3343301435408,134.0,166.0,86.0,0.9972854363208457,0.3283582089552238
2019-07-01,2019-09-30,Zip Code: 98109,Condo/Co-op,504750.0,500000.0,618.4111330960263,50.0,56.0,43.0,0.9844657681023236,0.1
2019-08-01,2019-10-31,Zip Code: 98133,Single Family Residential,590000.0,599000.0,347.8260869565217,125.0,124.0,57.0,0.9915049356897204,0.28
2016-11-01,2017-01-31,Zip Code: 98107,Townhouse,690000.0,799990.0,457.1428571428572,41.0,41.0,7.0,1.0157568960820778,0.4390243902439024
2022-03-01,2022-05-31,Zip Code: 98105,Multi-Family (2-4 Unit),1769444.0,1588000.0,425.7131586856341,6.0,9.0,6.0,1.0218149510850696,0.5
2017-02-01,2017-04-30,Zip Code: 98115,Multi-Family (2-4 Unit),737000.0,1500000.0,462.9396984924623,1.0,1.0,1.0,1.0543633762517883,1.0
2012-12-01,2013-02-28,Zip Code: 98133,All Residential,250000.0,279950.0,179.43107221006565,105.0,105.0,65.0,0.9961295958073086,0.3047619047619047
2023-12-01,2024-02-29,Zip Code: 98119,Multi-Family (2-4 Unit),875000.0,985000.0,230.26315789473685,1.0,1.0,3.0,0.9615384615384616,0.0
2023-02-01,2023-04-30,Zip Code: 98121,All Residential,575000.0,598000.0,801.0403120936281,85.0,123.0,65.0,0.9895764623924028,0.1176470588235294
2022-01-01,2022-03-31,Zip Code: 98144,Condo/Co-op,406500.0,407475.0,584.4309967732128,18.0,18.0,2.0,1.0055949539691549,0.3333333333333333
2015-03-01,2015-05-31,Zip Code: 98105,Townhouse,523444.0,519888.0,374.3999830083684,6.0,5.0,,1.0343737536012567,0.6666666666666666
2022-12-01,2023-02-28,Zip Code: 98115,All Residential,895000.0,819000.0,548.198069391009,110.0,99.0,42.0,0.9930348453801806,0.2636363636363636
2021-06-01,2021-08-31,Zip Code: 98117,Multi-Family (2-4 Unit),867000.0,924000.0,405.1401869158879,5.0,6.0,4.0,1.0306840944672504,0.4
2019-08-01,2019-10-31,Zip Code: 98118,Condo/Co-op,339000.0,306249.5,470.263504560433,4.0,4.0,4.0,0.9684143369175626,0.25
2016-01-01,2016-03-31,Zip Code: 98104,Condo/Co-op,444375.5,399000.0,477.1553398058253,18.0,31.0,20.0,1.0168076206317098,0.5
2016-08-01,2016-10-31,Zip Code: 98125,All Residential,497400.0,474950.0,290.51656683835586,178.0,173.0,53.0,1.0290704117824123,0.4831460674157303
2015-02-01,2015-04-30,Zip Code: 98144,Multi-Family (2-4 Unit),550000.0,700000.0,226.1904761904762,3.0,5.0,2.0,1.0405484792651338,0.3333333333333333
2015-11-01,2016-01-31,Zip Code: 98109,All Residential,489000.0,440000.0,454.245283018868,71.0,57.0,19.0,1.0236772856706269,0.4507042253521126
2016-03-01,2016-05-31,Zip Code: 98117,Townhouse,609950.0,625000.0,433.9666666666666,27.0,21.0,1.0,1.026272422741118,0.4074074074074073
2019-11-01,2020-01-31,Zip Code: 98136,Condo/Co-op,433750.0,424950.0,438.08757711382606,6.0,7.0,3.0,1.0098207816879734,0.5
2013-12-01,2014-02-28,Zip Code: 98125,Condo/Co-op,138950.0,165000.0,140.981568081486,10.0,13.0,7.0,0.9990712622893974,0.4
2019-10-01,2019-12-31,Zip Code: 98125,Townhouse,488500.0,554970.0,344.36683605745645,14.0,12.0,7.0,0.993052554364892,0.2857142857142857
2017-12-01,2018-02-28,Zip Code: 98133,Multi-Family (2-4 Unit),789000.0,1175000.0,343.0434782608696,1.0,1.0,1.0,1.0590604026845638,1.0
2015-06-01,2015-08-31,Zip Code: 98117,Condo/Co-op,357500.0,349950.0,361.21033435868657,10.0,11.0,3.0,1.0631934256235114,0.4
2012-06-01,2012-08-31,Zip Code: 98144,All Residential,350000.0,355000.0,214.6814404432133,97.0,118.0,97.0,1.0064697535395053,0.2989690721649484
2020-10-01,2020-12-31,Zip Code: 98125,Multi-Family (2-4 Unit),987500.0,849000.0,318.1086870837221,2.0,3.0,1.0,0.9721227265875552,0.0
2023-12-01,2024-02-29,Zip Code: 98107,Condo/Co-op,450000.0,480000.0,595.7009992313605,9.0,15.0,9.0,0.9884920977132476,0.2222222222222222
2012-12-01,2013-02-28,Zip Code: 98134,Condo/Co-op,204500.0,199950.0,174.3048970560987,2.0,1.0,2.0,0.9641942309834056,0.0
2021-05-01,2021-07-31,Zip Code: 98106,Townhouse,560000.0,535000.0,382.1656050955414,49.0,49.0,11.0,1.023590024799379,0.5306122448979592
2023-09-01,2023-11-30,Zip Code: 98144,Condo/Co-op,539000.0,642000.0,629.2452830188679,17.0,19.0,13.0,1.0070653845356663,0.2941176470588235
2015-12-01,2016-02-29,Zip Code: 98115,Townhouse,590000.0,540000.0,388.88888888888886,11.0,12.0,1.0,1.0039737448900306,0.4545454545454545
2015-06-01,2015-08-31,Zip Code: 98108,Townhouse,465000.0,454475.0,300.0,7.0,18.0,4.0,1.0453351509093147,0.7142857142857143
2019-05-01,2019-07-31,Zip Code: 98108,Condo/Co-op,95000.0,452800.0,154.2207792207792,1.0,5.0,6.0,0.7916666666666666,0.0
2015-07-01,2015-09-30,Zip Code: 98117,Single Family Residential,600000.0,589000.0,315.7303370786517,147.0,159.0,31.0,1.0528345877811895,0.6326530612244898
2012-10-01,2012-12-31,Zip Code: 98199,Single Family Residential,565000.0,515000.0,253.20987654320987,68.0,49.0,35.0,0.9831782206837494,0.2352941176470588
2022-04-01,2022-06-30,Zip Code: 98105,Multi-Family (2-4 Unit),1769444.0,1497500.0,422.47241250467056,4.0,12.0,10.0,1.0066545170315968,0.25
2014-01-01,2014-03-31,Zip Code: 98199,Multi-Family (2-4 Unit),450000.0,465000.0,192.30769230769232,1.0,3.0,3.0,1.0,0.0
2023-07-01,2023-09-30,Zip Code: 98115,Single Family Residential,1117750.0,1086000.0,591.457443019943,120.0,152.0,41.0,1.024421749000728,0.4583333333333333
2014-11-01,2015-01-31,Zip Code: 98102,Condo/Co-op,340000.0,354950.0,424.9285130718954,34.0,32.0,18.0,1.0179354726573804,0.3529411764705882
2018-12-01,2019-02-28,Zip Code: 98109,Townhouse,878000.0,1024975.0,611.4206128133704,9.0,12.0,9.0,0.9746939813703464,0.1111111111111111
2013-04-01,2013-06-30,Zip Code: 98105,All Residential,632500.0,599000.0,286.63366336633663,131.0,156.0,43.0,1.019927695099734,0.4580152671755725
2023-10-01,2023-12-31,Zip Code: 98122,Single Family Residential,1195000.0,1075000.0,595.4198473282443,35.0,28.0,10.0,1.0167709491067392,0.4
2012-07-01,2012-09-30,Zip Code: 98178,Multi-Family (2-4 Unit),175000.0,,52.083333333333336,1.0,,,0.7777777777777777,0.0
2014-08-01,2014-10-31,Zip Code: 98108,All Residential,327500.0,349725.0,195.78483852731256,74.0,80.0,40.0,1.0059638855836972,0.3513513513513513
2023-05-01,2023-07-31,Zip Code: 98109,Condo/Co-op,565000.0,595000.0,594.3333333333334,39.0,52.0,36.0,0.9816937542479482,0.0769230769230769
2021-01-01,2021-03-31,Zip Code: 98199,Multi-Family (2-4 Unit),1181500.0,1177475.0,392.34693877551024,2.0,2.0,,0.9701001251564456,0.0
2022-10-01,2022-12-31,Zip Code: 98116,Single Family Residential,985000.0,941250.0,577.9141104294479,45.0,38.0,14.0,1.0000054972007484,0.3555555555555555
2016-02-01,2016-04-30,Zip Code: 98117,Townhouse,555000.0,562500.0,432.32904263877714,18.0,20.0,1.0,1.045974072908278,0.4444444444444444
2022-08-01,2022-10-31,Zip Code: 98119,Single Family Residential,1370000.0,1350000.0,607.2695035460993,37.0,45.0,19.0,0.9875164646059787,0.2162162162162162
2017-01-01,2017-03-31,Zip Code: 98116,Multi-Family (2-4 Unit),980000.0,697500.0,279.2022792022792,1.0,4.0,2.0,0.98009800980098,0.0
2020-12-01,2021-02-28,Zip Code: 98109,All Residential,744000.0,762000.0,604.858642166145,98.0,104.0,58.0,0.9912771933710788,0.1530612244897959
2018-02-01,2018-04-30,Zip Code: 98105,Condo/Co-op,467500.0,445497.5,520.6611570247934,11.0,12.0,2.0,1.0743427709133515,0.6363636363636364
2020-07-01,2020-09-30,Zip Code: 98115,All Residential,870000.0,825000.0,486.6655363179382,258.0,285.0,72.0,1.0268252233073876,0.4728682170542635
2023-11-01,2024-01-31,Zip Code: 98199,Condo/Co-op,451500.0,385000.0,517.7556818181819,7.0,7.0,4.0,0.9869592652705904,0.4285714285714285
2014-04-01,2014-06-30,Zip Code: 98107,Townhouse,481500.0,499950.0,345.39295392953926,36.0,39.0,10.0,1.0497047653861802,0.7777777777777777
2019-10-01,2019-12-31,Zip Code: 98116,Townhouse,680000.0,621250.0,462.5850340136054,17.0,24.0,10.0,0.9914366845350812,0.0588235294117647
2016-01-01,2016-03-31,Zip Code: 98178,Townhouse,83000.0,93400.0,74.04103479036574,1.0,2.0,,0.8829787234042553,0.0
2015-01-01,2015-03-31,Zip Code: 98112,All Residential,949500.0,949950.0,397.19202023908383,52.0,91.0,36.0,1.0091350358871587,0.3653846153846153
2014-06-01,2014-08-31,Zip Code: 98116,Condo/Co-op,325000.0,389000.0,374.684578626849,38.0,33.0,17.0,0.987171214139504,0.1052631578947368
2021-07-01,2021-09-30,Zip Code: 98194,Condo/Co-op,650000.0,,524.1935483870968,1.0,,,0.9629629629629628,0.0
2012-02-01,2012-04-30,Zip Code: 98121,Condo/Co-op,288000.0,349000.0,370.5642615538179,50.0,85.0,61.0,0.9674460178435906,0.08
2012-04-01,2012-06-30,Zip Code: 98177,Single Family Residential,432500.0,499950.0,187.54440912490648,74.0,99.0,67.0,0.986426716470752,0.2837837837837837
2014-01-01,2014-03-31,Zip Code: 98136,Multi-Family (2-4 Unit),395500.0,399500.0,223.4463276836158,1.0,1.0,,0.989987484355444,0.0
2015-07-01,2015-09-30,Zip Code: 98108,Single Family Residential,423500.0,387450.0,216.24156136402976,40.0,64.0,27.0,1.0122603866684958,0.5
2018-12-01,2019-02-28,Zip Code: 98115,Townhouse,659475.0,707440.0,458.4770480033486,8.0,16.0,12.0,0.9850861841839816,0.0
2022-03-01,2022-05-31,Zip Code: 98108,Multi-Family (2-4 Unit),707000.0,817500.0,276.56787051762166,2.0,4.0,1.0,0.9911347517730495,0.0
2021-11-01,2022-01-31,Zip Code: 98116,All Residential,820000.0,925000.0,527.3972602739726,109.0,85.0,21.0,1.020614199985594,0.3761467889908257
2022-08-01,2022-10-31,Zip Code: 98107,All Residential,825000.0,799925.0,603.448275862069,101.0,122.0,68.0,0.9907185865216828,0.1881188118811881
2017-03-01,2017-05-31,Zip Code: 98108,Single Family Residential,530000.0,489000.0,302.4273776362913,65.0,83.0,17.0,1.0651182759961626,0.6153846153846154
2018-12-01,2019-02-28,Zip Code: 98105,Multi-Family (2-4 Unit),1524400.0,997475.0,312.37704918032784,1.0,2.0,4.0,0.8492479108635097,0.0
2020-07-01,2020-09-30,Zip Code: 98125,Condo/Co-op,330000.0,329925.0,379.9758745476478,21.0,24.0,10.0,1.0045091002151376,0.3333333333333333
2022-03-01,2022-05-31,Zip Code: 98133,Condo/Co-op,385000.0,365000.0,470.28688524590166,43.0,45.0,5.0,1.0733403531992096,0.6976744186046511
2023-11-01,2024-01-31,Zip Code: 98125,All Residential,689187.5,840000.0,446.98418008889735,52.0,54.0,28.0,0.9889287800322852,0.2692307692307692
2017-04-01,2017-06-30,Zip Code: 98136,Townhouse,557000.0,522225.0,407.4074074074073,9.0,10.0,1.0,1.0838341118574517,0.8888888888888888
2014-06-01,2014-08-31,Zip Code: 98177,Condo/Co-op,280000.0,315000.0,226.00446428571428,9.0,6.0,3.0,1.001187744972305,0.2222222222222222
2016-01-01,2016-03-31,Zip Code: 98101,Condo/Co-op,660000.0,612475.0,683.2607342874923,49.0,86.0,49.0,1.0094948321960338,0.3061224489795918
2023-08-01,2023-10-31,Zip Code: 98118,All Residential,773500.0,749375.0,468.456176544136,98.0,133.0,93.0,0.999780830778708,0.2755102040816326
2012-04-01,2012-06-30,Zip Code: 98106,Single Family Residential,215000.0,225000.0,142.5932406094968,54.0,72.0,55.0,0.9788900448991318,0.2592592592592592
2022-07-01,2022-09-30,Zip Code: 98102,Single Family Residential,1950000.0,2289000.0,651.4084507042254,15.0,25.0,17.0,0.9656760955040936,0.1333333333333333
2013-07-01,2013-09-30,Zip Code: 98125,Single Family Residential,400000.0,409900.0,224.5581165158371,108.0,129.0,59.0,1.0221917256008717,0.4722222222222222
2012-01-01,2012-03-31,Zip Code: 98133,Single Family Residential,255000.0,275000.0,149.28070175438597,62.0,95.0,60.0,0.9760203145352256,0.2096774193548387
2014-05-01,2014-07-31,Zip Code: 98106,Single Family Residential,310000.0,329987.5,197.8021978021978,91.0,98.0,47.0,1.000098346530113,0.3846153846153846
2021-07-01,2021-09-30,Zip Code: 98199,Single Family Residential,1380000.0,1325000.0,570.5744736158045,119.0,93.0,16.0,1.0311727669978292,0.4873949579831932
2014-07-01,2014-09-30,Zip Code: 98116,All Residential,550000.0,549000.0,315.2542372881356,141.0,143.0,77.0,0.9971134124520477,0.2978723404255319
2013-03-01,2013-05-31,Zip Code: 98109,Single Family Residential,692500.0,700000.0,318.8766891891892,28.0,35.0,11.0,1.0101479026756934,0.4285714285714285
2022-01-01,2022-03-31,Zip Code: 98119,Townhouse,824950.0,849950.0,709.7484276729559,21.0,25.0,2.0,1.0284924225111831,0.3809523809523809
2016-08-01,2016-10-31,Zip Code: 98106,Multi-Family (2-4 Unit),605000.0,779950.0,194.2215088282504,1.0,1.0,3.0,1.008501416902817,1.0
2020-08-01,2020-10-31,Zip Code: 98115,Single Family Residential,942500.0,899000.0,469.8164261198844,186.0,198.0,44.0,1.0315375736951848,0.5161290322580645
2019-05-01,2019-07-31,Zip Code: 98117,Single Family Residential,800000.0,824975.0,428.57142857142856,159.0,186.0,62.0,1.0155654928640685,0.4528301886792452
2020-01-01,2020-03-31,Zip Code: 98116,Condo/Co-op,477000.0,485000.0,559.2028135990621,11.0,19.0,11.0,0.9885075075568792,0.2727272727272727
2017-03-01,2017-05-31,Zip Code: 98144,All Residential,630000.0,675000.0,419.06693711967546,149.0,182.0,47.0,1.0466364739928011,0.4832214765100671
2015-06-01,2015-08-31,Zip Code: 98146,Single Family Residential,333100.0,360000.0,214.4166157605376,99.0,101.0,54.0,1.0279067135018998,0.5555555555555555
2017-01-01,2017-03-31,Zip Code: 98105,Multi-Family (2-4 Unit),875000.0,922499.5,301.7241379310345,1.0,2.0,2.0,0.9723302589176576,0.0
2021-08-01,2021-10-31,Zip Code: 98108,Townhouse,557250.0,541309.0,460.38525233156105,40.0,45.0,6.0,1.0073743958800137,0.3499999999999999
2019-11-01,2020-01-31,Zip Code: 98144,All Residential,689975.0,685000.0,447.4078341013825,94.0,64.0,32.0,0.986166955374849,0.1595744680851063
2018-06-01,2018-08-31,Zip Code: 98108,Single Family Residential,547000.0,539980.0,342.05575921281115,68.0,97.0,44.0,1.0214315958803395,0.4705882352941176
2017-02-01,2017-04-30,Zip Code: 98105,Townhouse,705000.0,687000.0,514.5669291338584,3.0,2.0,,1.0388487855545483,0.6666666666666666
2012-08-01,2012-10-31,Zip Code: 98105,All Residential,572500.0,467000.0,267.86629359708485,92.0,98.0,47.0,0.9981444591353584,0.3043478260869565
2012-10-01,2012-12-31,Zip Code: 98109,Townhouse,472500.0,562000.0,335.841855105862,4.0,4.0,5.0,0.9620940847025136,0.25
2020-08-01,2020-10-31,Zip Code: 98122,Multi-Family (2-4 Unit),919000.0,1150000.0,275.1497005988024,1.0,5.0,4.0,0.9425641025641026,0.0
2016-11-01,2017-01-31,Zip Code: 98112,Townhouse,719999.0,754800.0,544.4438775510204,15.0,19.0,7.0,1.0038886032784915,0.3333333333333333
2020-04-01,2020-06-30,Zip Code: 98109,All Residential,615000.0,799475.0,612.6013525634128,62.0,130.0,84.0,0.9943628170723338,0.2419354838709677
2012-05-01,2012-07-31,Zip Code: 98117,Multi-Family (2-4 Unit),367800.0,524500.0,182.32044198895028,3.0,4.0,3.0,1.0081028234302571,0.3333333333333333
2013-10-01,2013-12-31,Zip Code: 98117,Single Family Residential,475000.0,475000.0,254.5757071547421,109.0,79.0,22.0,1.01159673588321,0.4220183486238532
2023-12-01,2024-02-29,Zip Code: 98115,Townhouse,814975.0,799950.0,611.0232233673883,12.0,23.0,9.0,1.0026549860332017,0.25
2018-03-01,2018-05-31,Zip Code: 98117,All Residential,860000.0,785000.0,483.72533474277657,167.0,232.0,52.0,1.0927854959669,0.6946107784431138
2016-07-01,2016-09-30,Zip Code: 98118,Multi-Family (2-4 Unit),684500.0,529000.0,269.488188976378,3.0,4.0,4.0,0.9706107753529468,0.3333333333333333
2012-07-01,2012-09-30,Zip Code: 98126,Single Family Residential,319975.0,349500.0,204.62609221669572,82.0,86.0,55.0,0.9877434790808584,0.3170731707317073
2022-03-01,2022-05-31,Zip Code: 98115,Multi-Family (2-4 Unit),1310000.0,1475000.0,428.5864516129032,5.0,2.0,1.0,1.02935095049474,0.5999999999999999
2023-05-01,2023-07-31,Zip Code: 98106,Townhouse,636211.0,594950.0,433.77067275106,16.0,18.0,10.0,1.0017528164307334,0.25
2017-08-01,2017-10-31,Zip Code: 98106,All Residential,517411.5,499000.0,322.5806451612903,108.0,120.0,37.0,1.0468515467741106,0.5648148148148147
2014-04-01,2014-06-30,Zip Code: 98112,All Residential,856250.0,799000.0,377.2636431627861,102.0,137.0,60.0,1.019892895490556,0.4901960784313725
2019-09-01,2019-11-30,Zip Code: 98118,Single Family Residential,615000.0,589000.0,345.59312178102675,102.0,92.0,54.0,0.9978062491696084,0.2941176470588235
2020-09-01,2020-11-30,Zip Code: 98126,Townhouse,559000.0,594900.0,368.3229813664596,21.0,21.0,13.0,1.0023087655154832,0.3809523809523809
2016-05-01,2016-07-31,Zip Code: 98177,All Residential,678000.0,695000.0,294.22930903568715,103.0,119.0,51.0,1.041501088731981,0.5436893203883495
2019-12-01,2020-02-29,Zip Code: 98108,Single Family Residential,603000.0,649000.0,319.6821350636309,62.0,35.0,14.0,0.9811245468288762,0.2580645161290322
2022-04-01,2022-06-30,Zip Code: 98106,Condo/Co-op,550000.0,368000.0,362.2047244094488,7.0,5.0,1.0,0.9991827747506906,0.2857142857142857
2017-09-01,2017-11-30,Zip Code: 98122,Condo/Co-op,487500.0,489500.0,652.6810467239164,60.0,58.0,5.0,1.0489995031991444,0.6666666666666666
2018-09-01,2018-11-30,Zip Code: 98177,Townhouse,550000.0,582000.0,377.2290809327847,7.0,6.0,,0.9828168132223936,0.1428571428571428
2022-05-01,2022-07-31,Zip Code: 98105,All Residential,1300000.0,1250000.0,653.2258064516129,107.0,150.0,63.0,1.034090318518731,0.411214953271028
2023-01-01,2023-03-31,Zip Code: 98136,All Residential,749100.0,799000.0,529.968454258675,51.0,67.0,18.0,1.0046447711671136,0.3333333333333333
2015-05-01,2015-07-31,Zip Code: 98177,Multi-Family (2-4 Unit),743000.0,699000.0,225.1515151515152,1.0,1.0,,1.0629470672389127,1.0
2019-04-01,2019-06-30,Zip Code: 98125,All Residential,650000.0,599925.0,383.7772066061468,108.0,204.0,86.0,1.0102317963776672,0.4444444444444444
2015-11-01,2016-01-31,Zip Code: 98106,Single Family Residential,365000.0,349950.0,215.5913978494624,61.0,47.0,16.0,1.0067577304535893,0.4098360655737705
2019-09-01,2019-11-30,Zip Code: 98109,Single Family Residential,1450000.0,1247500.0,493.5483870967743,21.0,16.0,8.0,0.9693197134418172,0.1428571428571428
2018-07-01,2018-09-30,Zip Code: 98116,All Residential,780000.0,734443.5,454.8325963360708,105.0,166.0,80.0,1.0053728957249013,0.3238095238095238
2023-02-01,2023-04-30,Zip Code: 98146,Multi-Family (2-4 Unit),775713.0,,376.55970873786407,1.0,,,1.001290800593252,1.0
2023-09-01,2023-11-30,Zip Code: 98115,Single Family Residential,1215000.0,1149000.0,562.5,95.0,99.0,24.0,1.0189734911074335,0.4
2020-05-01,2020-07-31,Zip Code: 98144,Multi-Family (2-4 Unit),902000.0,925000.0,387.93103448275855,3.0,4.0,2.0,0.9746833184656556,0.0
2013-06-01,2013-08-31,Zip Code: 98116,Single Family Residential,510475.0,489975.0,266.73280423280426,74.0,104.0,58.0,1.00874703103589,0.3513513513513513
2017-06-01,2017-08-31,Zip Code: 98118,Townhouse,587000.0,525000.0,385.204081632653,29.0,24.0,7.0,1.0369145961956707,0.4827586206896551
2016-02-01,2016-04-30,Zip Code: 98136,Multi-Family (2-4 Unit),730000.0,982475.0,240.1315789473684,1.0,2.0,1.0,1.042931637974141,1.0
2013-11-01,2014-01-31,Zip Code: 98122,All Residential,435000.0,425000.0,307.0124481327801,85.0,92.0,51.0,0.9944508928617029,0.3647058823529411
2016-06-01,2016-08-31,Zip Code: 98125,Condo/Co-op,269000.0,237650.0,266.08910891089107,29.0,37.0,12.0,1.0663518817375333,0.586206896551724
2014-06-01,2014-08-31,Zip Code: 98117,All Residential,525400.0,524725.0,289.1891891891892,187.0,202.0,56.0,1.029464182712709,0.5614973262032085
2012-10-01,2012-12-31,Zip Code: 98175,Multi-Family (2-4 Unit),520000.0,,129.03225806451613,1.0,,,0.912280701754386,0.0
2022-02-01,2022-04-30,Zip Code: 98133,Multi-Family (2-4 Unit),975000.0,975000.0,406.25,1.0,5.0,6.0,1.0427807486631016,1.0
2021-02-01,2021-04-30,Zip Code: 98118,Single Family Residential,765000.0,746500.0,432.1608040201005,105.0,142.0,32.0,1.0696698537714615,0.6285714285714284
2018-10-01,2018-12-31,Zip Code: 98118,Single Family Residential,598175.0,622400.0,328.54659933101595,86.0,78.0,52.0,0.9781836512107156,0.2325581395348837
2017-06-01,2017-08-31,Zip Code: 98144,All Residential,694900.0,675000.0,436.5400161681487,172.0,171.0,50.0,1.0508334097207837,0.5058139534883721
2013-12-01,2014-02-28,Zip Code: 98105,Townhouse,461500.0,445000.0,338.51674641148327,6.0,7.0,2.0,0.985938620104902,0.0
2023-07-01,2023-09-30,Zip Code: 98133,Multi-Family (2-4 Unit),787000.0,1700000.0,378.36538461538464,1.0,1.0,1.0,0.9597560975609756,0.0
2021-06-01,2021-08-31,Zip Code: 98105,Multi-Family (2-4 Unit),1225000.0,1668000.0,472.00462880541215,2.0,7.0,6.0,0.9901960784313724,0.0
2012-08-01,2012-10-31,Zip Code: 98112,Multi-Family (2-4 Unit),739000.0,969000.0,263.1578947368421,3.0,3.0,,0.9893629835291164,0.0
2013-04-01,2013-06-30,Zip Code: 98199,Condo/Co-op,313000.0,249500.0,250.61742891991605,10.0,25.0,13.0,1.005248179790311,0.2
2018-10-01,2018-12-31,Zip Code: 98117,Townhouse,674950.0,712475.0,492.12499938445785,14.0,14.0,10.0,0.9849285562531148,0.0714285714285714
2023-09-01,2023-11-30,Zip Code: 98122,Multi-Family (2-4 Unit),1294000.0,1699500.0,545.4995218738117,2.0,4.0,2.0,0.9348577524893316,0.0
2012-04-01,2012-06-30,Zip Code: 98126,All Residential,292660.0,315000.0,198.581560283688,101.0,119.0,77.0,0.9864218248797492,0.3267326732673267
2019-03-01,2019-05-31,Zip Code: 98144,Townhouse,648750.0,650000.0,476.2915561105041,48.0,59.0,24.0,0.9981854155758724,0.2083333333333333
2017-07-01,2017-09-30,Zip Code: 98108,All Residential,563000.0,549975.0,308.41121495327104,77.0,104.0,41.0,1.035601897796277,0.5844155844155843
2016-04-01,2016-06-30,Zip Code: 98136,Townhouse,493500.0,442500.0,354.50061652281136,13.0,14.0,5.0,1.0749584238834575,1.0
2014-11-01,2015-01-31,Zip Code: 98105,All Residential,599475.0,664000.0,316.6666666666667,68.0,30.0,22.0,0.986215622369247,0.2794117647058823
2018-01-01,2018-03-31,Zip Code: 98126,All Residential,675000.0,569000.0,404.040404040404,87.0,157.0,30.0,1.049195616394608,0.586206896551724
2020-11-01,2021-01-31,Zip Code: 98108,Multi-Family (2-4 Unit),609950.0,725000.0,306.5075376884422,1.0,3.0,2.0,1.016668055671306,1.0
2014-06-01,2014-08-31,Zip Code: 98125,All Residential,401000.0,399000.0,231.21387283237,155.0,170.0,74.0,1.0214791993118646,0.464516129032258
2014-01-01,2014-03-31,Zip Code: 98118,All Residential,313500.0,334450.0,179.5637743006164,112.0,138.0,91.0,1.0124641636153424,0.4017857142857143
2014-07-01,2014-09-30,Zip Code: 98105,Townhouse,549900.0,520000.0,480.9716599190284,9.0,7.0,6.0,1.0142118249366046,0.5555555555555555
2020-09-01,2020-11-30,Zip Code: 98102,Townhouse,1080000.0,949950.0,657.3157315731573,27.0,36.0,27.0,0.9875028792241592,0.037037037037037
2019-05-01,2019-07-31,Zip Code: 98199,Single Family Residential,987000.0,1000000.0,449.84979973297726,104.0,135.0,50.0,1.0108175529705594,0.375
2012-10-01,2012-12-31,Zip Code: 98108,Townhouse,251400.0,265000.0,178.72772799870063,10.0,7.0,4.0,0.9970261862154816,0.2999999999999999
2018-04-01,2018-06-30,Zip Code: 98125,Condo/Co-op,330000.0,327500.0,396.584440227704,33.0,30.0,5.0,1.0802289784949706,0.696969696969697
2022-05-01,2022-07-31,Zip Code: 98105,Single Family Residential,1595000.0,1524750.0,653.2258064516129,71.0,98.0,32.0,1.0456999885529208,0.4929577464788732
2022-06-01,2022-08-31,Zip Code: 98106,Townhouse,642500.0,654500.0,430.59039166505886,36.0,32.0,13.0,1.0057369892970127,0.5
2017-08-01,2017-10-31,Zip Code: 98115,Condo/Co-op,390000.0,481975.0,438.18569687119054,42.0,54.0,16.0,1.0438325282801704,0.619047619047619
2013-09-01,2013-11-30,Zip Code: 98136,Multi-Family (2-4 Unit),390000.0,365000.0,176.95223112128147,2.0,1.0,,0.949134199134199,0.0
2017-06-01,2017-08-31,Zip Code: 98199,Condo/Co-op,429000.0,399250.0,439.3380199179848,21.0,16.0,1.0,1.0512992594688275,0.4761904761904761
2020-02-01,2020-04-30,Zip Code: 98125,Multi-Family (2-4 Unit),1077500.0,1380000.0,598.8427519728828,2.0,1.0,2.0,1.0,0.0
2018-09-01,2018-11-30,Zip Code: 98105,Condo/Co-op,527500.0,487500.0,528.8847306355397,8.0,8.0,8.0,0.9796844946915528,0.125
2016-04-01,2016-06-30,Zip Code: 98199,Townhouse,635975.0,625000.0,414.97455860129696,14.0,5.0,,1.0377218862075035,0.5714285714285714
2020-12-01,2021-02-28,Zip Code: 98126,Townhouse,589000.0,625000.0,418.3673469387754,25.0,40.0,14.0,0.9984484505377408,0.16
2016-09-01,2016-11-30,Zip Code: 98199,Multi-Family (2-4 Unit),917500.0,775000.0,238.68279320271148,2.0,3.0,1.0,0.9875406283856988,0.0
2012-07-01,2012-09-30,Zip Code: 98105,Single Family Residential,630000.0,599950.0,258.62068965517244,65.0,82.0,29.0,1.0041046691608695,0.4
2015-01-01,2015-03-31,Zip Code: 98117,Condo/Co-op,525000.0,412461.5,477.6785714285714,5.0,6.0,1.0,0.9899580234787032,0.2
2014-09-01,2014-11-30,Zip Code: 98125,Multi-Family (2-4 Unit),570000.0,525000.0,178.125,1.0,3.0,5.0,0.9844559585492229,0.0
2022-02-01,2022-04-30,Zip Code: 98125,Multi-Family (2-4 Unit),960000.0,750000.0,514.8295760183872,2.0,1.0,,1.107638190954774,1.0
2017-07-01,2017-09-30,Zip Code: 98118,Townhouse,578000.0,641900.0,385.204081632653,25.0,18.0,6.0,1.0200987531873518,0.4
2016-01-01,2016-03-31,Zip Code: 98116,Townhouse,624950.0,609990.0,390.33693579148127,30.0,33.0,6.0,0.9969570079222791,0.1666666666666666
2017-10-01,2017-12-31,Zip Code: 98133,Condo/Co-op,300000.0,265000.0,342.14712389380526,51.0,38.0,3.0,1.025524506228064,0.6274509803921569
2019-03-01,2019-05-31,Zip Code: 98104,Condo/Co-op,674975.0,637340.0,666.9123925921972,20.0,64.0,45.0,0.9989285796203744,0.2
2013-01-01,2013-03-31,Zip Code: 98116,All Residential,380000.0,459950.0,265.65656565656565,73.0,118.0,57.0,0.9922540822235764,0.2328767123287671
2014-06-01,2014-08-31,Zip Code: 98109,Single Family Residential,926300.0,769000.0,346.59090909090907,25.0,24.0,11.0,1.0275173868858596,0.44
2013-07-01,2013-09-30,Zip Code: 98121,Townhouse,532500.0,550000.0,437.192118226601,1.0,1.0,,0.968181818181818,0.0
2023-04-01,2023-06-30,Zip Code: 98106,Townhouse,617500.0,590000.0,466.4773608791969,18.0,24.0,10.0,1.0018100881948504,0.2222222222222222
2016-12-01,2017-02-28,Zip Code: 98118,Condo/Co-op,300000.0,290000.0,366.2595419847328,5.0,6.0,,1.0510460251046023,0.2
2021-05-01,2021-07-31,Zip Code: 98109,All Residential,755000.0,723000.0,613.6066935675291,154.0,171.0,69.0,1.0184144082380555,0.3961038961038961
2021-01-01,2021-03-31,Zip Code: 98177,All Residential,849975.0,932500.0,423.4389140271493,60.0,70.0,9.0,1.0477541548799802,0.45
2020-01-01,2020-03-31,Zip Code: 98108,Townhouse,544000.0,554999.0,446.8666989536096,14.0,22.0,7.0,1.0236775669325673,0.2857142857142857
2021-04-01,2021-06-30,Zip Code: 98117,Single Family Residential,1035865.0,899000.0,541.0421345571722,210.0,219.0,24.0,1.1257825848494587,0.7761904761904762
2016-12-01,2017-02-28,Zip Code: 98107,All Residential,728500.0,719000.0,460.8294930875576,99.0,99.0,20.0,1.0247351813704877,0.4848484848484848
2013-11-01,2014-01-31,Zip Code: 98108,Multi-Family (2-4 Unit),242000.0,150000.0,147.5609756097561,1.0,1.0,2.0,0.9877551020408162,0.0
2023-08-01,2023-10-31,Zip Code: 98134,Condo/Co-op,403250.0,434999.0,424.901185770751,2.0,1.0,1.0,0.9771907216494844,0.0
2021-10-01,2021-12-31,Zip Code: 98136,Condo/Co-op,417500.0,340000.0,545.2552552552553,6.0,5.0,,1.0224793890274393,0.5
2018-08-01,2018-10-31,Zip Code: 98105,Townhouse,785000.0,780000.0,582.3754789272032,11.0,18.0,8.0,0.982308725300334,0.0909090909090909
2012-02-01,2012-04-30,Zip Code: 98118,Townhouse,194750.0,224000.0,139.86017390905863,6.0,17.0,11.0,0.9875661865886952,0.3333333333333333
2015-03-01,2015-05-31,Zip Code: 98115,Townhouse,573750.0,549900.0,370.89802443644817,14.0,17.0,2.0,1.0314599457186684,0.5714285714285714
2012-10-01,2012-12-31,Zip Code: 98106,Townhouse,155000.0,231975.0,126.83675879990552,8.0,12.0,12.0,1.0161715778354783,0.25
2020-07-01,2020-09-30,Zip Code: 98136,All Residential,734950.0,749950.0,419.7383949645948,120.0,135.0,51.0,1.0032080667845478,0.3666666666666666
2018-09-01,2018-11-30,Zip Code: 98102,Townhouse,1056000.0,949950.0,704.0,7.0,23.0,16.0,1.0077864324067327,0.2857142857142857
2012-09-01,2012-11-30,Zip Code: 98117,Single Family Residential,440000.0,449950.0,247.14828897338404,119.0,117.0,38.0,1.0074655503774912,0.4705882352941176
2021-05-01,2021-07-31,Zip Code: 98125,Multi-Family (2-4 Unit),875000.0,787475.0,275.15723270440253,1.0,2.0,,1.0,0.0
2015-12-01,2016-02-29,Zip Code: 98133,Multi-Family (2-4 Unit),749000.0,1380000.0,199.20212765957447,1.0,1.0,1.0,1.0,0.0
2016-09-01,2016-11-30,Zip Code: 98115,Townhouse,530000.0,749950.0,402.27272727272725,11.0,21.0,9.0,1.0066853739456387,0.4545454545454545
2018-10-01,2018-12-31,Zip Code: 98116,All Residential,739950.0,732000.0,444.3588636024178,108.0,100.0,46.0,0.9890562679314792,0.1666666666666666
2016-09-01,2016-11-30,Zip Code: 98178,Condo/Co-op,105500.0,115000.0,137.86764705882354,4.0,3.0,,0.9740742847751608,0.25
2020-09-01,2020-11-30,Zip Code: 98144,Multi-Family (2-4 Unit),760000.0,837475.0,317.7257525083612,1.0,2.0,2.0,0.9500593787111694,0.0
2015-03-01,2015-05-31,Zip Code: 98144,Multi-Family (2-4 Unit),759900.0,512000.0,214.90384615384616,3.0,4.0,4.0,0.8991242231363562,0.0
2012-07-01,2012-09-30,Zip Code: 98109,Condo/Co-op,270000.0,335000.0,314.0370408916419,54.0,49.0,38.0,0.9925126284401808,0.2592592592592592
2023-08-01,2023-10-31,Zip Code: 98115,Condo/Co-op,475000.0,425000.0,531.25,31.0,37.0,18.0,1.006966770626336,0.3870967741935483
2020-08-01,2020-10-31,Zip Code: 98116,All Residential,800000.0,829000.0,468.5138539042821,175.0,189.0,74.0,1.008834954913496,0.3599999999999999
2013-05-01,2013-07-31,Zip Code: 98106,Single Family Residential,265000.0,265000.0,177.77777777777777,77.0,97.0,60.0,1.0144600075582744,0.4155844155844156
2012-12-01,2013-02-28,Zip Code: 98177,Townhouse,256250.0,220000.0,197.92039355992844,2.0,1.0,1.0,1.014128728414443,0.5
2013-12-01,2014-02-28,Zip Code: 98126,Condo/Co-op,185000.0,189900.0,245.1433857539316,13.0,9.0,15.0,0.94795275534292,0.0769230769230769
2021-07-01,2021-09-30,Zip Code: 98133,Condo/Co-op,330000.0,330000.0,399.20191319835885,50.0,62.0,17.0,1.0225787391795016,0.52
2020-01-01,2020-03-31,Zip Code: 98118,Multi-Family (2-4 Unit),752500.0,1004500.0,233.3504098360656,2.0,4.0,3.0,0.981121440523312,0.5
2023-04-01,2023-06-30,Zip Code: 98107,Multi-Family (2-4 Unit),1235000.0,1275000.0,396.4088397790055,5.0,4.0,2.0,0.9737899560696563,0.0
2017-10-01,2017-12-31,Zip Code: 98118,Single Family Residential,600000.0,581900.0,319.09090909090907,125.0,98.0,28.0,1.0382124376502848,0.4719999999999999
2017-05-01,2017-07-31,Zip Code: 98104,Condo/Co-op,355000.0,531900.0,555.5555555555555,29.0,33.0,18.0,1.0778995626514136,0.7586206896551723
2018-05-01,2018-07-31,Zip Code: 98106,Condo/Co-op,320000.0,322500.0,381.4064362336114,7.0,8.0,1.0,1.0678223675980985,0.7142857142857143
2023-04-01,2023-06-30,Zip Code: 98199,Condo/Co-op,485000.0,435000.0,501.2744265080714,17.0,13.0,4.0,0.9973519606115792,0.1764705882352941
2015-09-01,2015-11-30,Zip Code: 98144,All Residential,485000.0,519950.0,331.6807139315816,139.0,123.0,31.0,1.022450638088752,0.460431654676259
2015-09-01,2015-11-30,Zip Code: 98115,Single Family Residential,650000.0,637475.0,333.1360946745562,149.0,116.0,19.0,1.0447420371888527,0.5771812080536913
2017-03-01,2017-05-31,Zip Code: 98116,Condo/Co-op,441500.0,439000.0,467.3426937077483,18.0,25.0,9.0,1.0785641408536677,0.7222222222222222
2018-11-01,2019-01-31,Zip Code: 98105,Townhouse,761000.0,700000.0,607.0866141732283,10.0,8.0,3.0,0.984652543222966,0.0
2014-03-01,2014-05-31,Zip Code: 98125,Condo/Co-op,168000.0,165000.0,168.35106382978722,19.0,27.0,12.0,0.9986660943523616,0.3157894736842105
2016-08-01,2016-10-31,Zip Code: 98102,Condo/Co-op,438000.0,439000.0,533.8078291814945,59.0,57.0,20.0,1.0146170090840092,0.3898305084745762
2022-01-01,2022-03-31,Zip Code: 98115,Condo/Co-op,531500.0,432000.0,547.5332594235033,26.0,34.0,4.0,1.056857209872022,0.5384615384615384
2023-09-01,2023-11-30,Zip Code: 98108,Townhouse,595000.0,595000.0,442.8571428571428,7.0,11.0,8.0,1.0007485152317948,0.4285714285714285
2016-04-01,2016-06-30,Zip Code: 98178,Multi-Family (2-4 Unit),350000.0,,105.10510510510512,1.0,,2.0,1.0001428775539365,1.0
2014-01-01,2014-03-31,Zip Code: 98134,All Residential,230000.0,219925.0,185.45454545454547,3.0,2.0,,1.0234787896290454,0.6666666666666666
2014-04-01,2014-06-30,Zip Code: 98107,Multi-Family (2-4 Unit),650000.0,599950.0,233.46456692913387,5.0,7.0,2.0,1.0068812209563307,0.4
2021-03-01,2021-05-31,Zip Code: 98144,Multi-Family (2-4 Unit),667649.0,,315.31531531531533,3.0,,1.0,0.8993092763963089,0.3333333333333333
2023-04-01,2023-06-30,Zip Code: 98108,Condo/Co-op,514999.0,649950.0,571.3690476190476,5.0,3.0,3.0,0.9789473684210528,0.0
2013-02-01,2013-04-30,Zip Code: 98133,Townhouse,291975.0,299950.0,222.4161073825504,16.0,35.0,19.0,0.9981342317131464,0.5
2014-08-01,2014-10-31,Zip Code: 98101,All Residential,426500.0,502300.0,521.8038302277432,50.0,56.0,27.0,0.9827132024397612,0.2399999999999999
2021-10-01,2021-12-31,Zip Code: 98102,Single Family Residential,1575000.0,1500000.0,520.5514965336876,20.0,11.0,2.0,1.0146973675976276,0.3499999999999999
2016-11-01,2017-01-31,Zip Code: 98133,Multi-Family (2-4 Unit),708000.0,649950.0,351.49456521739125,4.0,3.0,,1.0005331179321488,0.25
2022-04-01,2022-06-30,Zip Code: 98122,Condo/Co-op,485000.0,475000.0,649.452269170579,73.0,81.0,30.0,1.0125662043410122,0.410958904109589
2012-10-01,2012-12-31,Zip Code: 98112,Condo/Co-op,485000.0,256250.0,386.5248226950354,13.0,6.0,13.0,0.9583589361608376,0.1538461538461538
2022-06-01,2022-08-31,Zip Code: 98136,All Residential,877000.0,895000.0,521.5827338129496,87.0,107.0,36.0,1.034799426165398,0.5057471264367815
2019-02-01,2019-04-30,Zip Code: 98115,Multi-Family (2-4 Unit),848000.0,1061500.0,347.5409836065574,1.0,2.0,1.0,1.0241545893719808,1.0
2018-06-01,2018-08-31,Zip Code: 98117,Single Family Residential,799950.0,769000.0,434.7826086956522,157.0,157.0,48.0,1.034031874990144,0.4458598726114649
2020-09-01,2020-11-30,Zip Code: 98116,Multi-Family (2-4 Unit),1215000.0,1045000.0,497.9508196721312,1.0,6.0,7.0,1.0,0.0
2012-06-01,2012-08-31,Zip Code: 98106,Multi-Family (2-4 Unit),325000.0,457250.0,116.07142857142856,1.0,2.0,3.0,0.9285714285714286,0.0
2019-12-01,2020-02-29,Zip Code: 98125,Condo/Co-op,300000.0,324000.0,338.0588876772083,11.0,9.0,6.0,0.9885008713660604,0.2727272727272727
2012-03-01,2012-05-31,Zip Code: 98144,Single Family Residential,420000.0,447475.0,195.8041958041958,61.0,84.0,47.0,0.9990009025827946,0.3278688524590163
2019-06-01,2019-08-31,Zip Code: 98125,Single Family Residential,664000.0,677000.0,372.59615384615387,103.0,118.0,62.0,0.9986405776785248,0.3106796116504854
2022-12-01,2023-02-28,Zip Code: 98112,Townhouse,997500.0,999950.0,638.2085270324683,4.0,7.0,3.0,0.9561333553342632,0.0
2012-05-01,2012-07-31,Zip Code: 98116,All Residential,430000.0,450000.0,239.47794998502548,107.0,141.0,82.0,0.9930294266687656,0.308411214953271
2013-08-01,2013-10-31,Zip Code: 98199,All Residential,565725.0,595000.0,281.17519173546793,134.0,143.0,76.0,0.9968960997871013,0.3134328358208955
2023-07-01,2023-09-30,Zip Code: 98119,Townhouse,912499.5,999950.0,621.6311240809113,4.0,11.0,4.0,1.0085639812402116,0.25
2017-12-01,2018-02-28,Zip Code: 98117,All Residential,751000.0,700000.0,429.92021276595744,95.0,95.0,14.0,1.06714477866654,0.5894736842105261
2015-12-01,2016-02-29,Zip Code: 98115,Single Family Residential,763750.0,734750.0,339.7398691430984,86.0,90.0,30.0,1.0372744801666316,0.5581395348837209
2021-01-01,2021-03-31,Zip Code: 98126,All Residential,657000.0,634500.0,432.0054945054945,147.0,167.0,40.0,1.0321155037800147,0.4693877551020408
2022-12-01,2023-02-28,Zip Code: 98119,Single Family Residential,1285700.0,1290000.0,605.2925676199334,16.0,27.0,6.0,1.0277672146058563,0.375
2013-11-01,2014-01-31,Zip Code: 98177,All Residential,495000.0,494475.0,226.04327666151468,63.0,48.0,32.0,0.987632568024536,0.2063492063492063
2016-07-01,2016-09-30,Zip Code: 98133,All Residential,433635.0,425000.0,302.2335132632724,210.0,236.0,63.0,1.0372827230768666,0.5952380952380952
2016-11-01,2017-01-31,Zip Code: 98117,Townhouse,610000.0,590000.0,370.12617268564304,24.0,17.0,1.0,1.003876670929442,0.4166666666666666
2015-05-01,2015-07-31,Zip Code: 98105,Townhouse,536944.0,582475.0,367.68751217611526,4.0,6.0,1.0,1.0862642716561437,1.0
2018-05-01,2018-07-31,Zip Code: 98144,Condo/Co-op,390000.0,383975.0,512.6728110599079,15.0,20.0,10.0,1.0141166245147797,0.3333333333333333
2016-06-01,2016-08-31,Zip Code: 98178,Condo/Co-op,112500.0,111250.0,137.86764705882354,3.0,4.0,1.0,1.0254897204196736,0.6666666666666666
2020-07-01,2020-09-30,Zip Code: 98105,Single Family Residential,1305000.0,1325000.0,519.9234949407945,84.0,125.0,40.0,1.0238994726315267,0.369047619047619
2021-11-01,2022-01-31,Zip Code: 98115,Condo/Co-op,460000.0,539000.0,433.376587225715,30.0,25.0,3.0,1.0237946930039787,0.3666666666666666
2019-11-01,2020-01-31,Zip Code: 98108,Townhouse,560000.0,548000.0,429.44785276073617,7.0,11.0,6.0,0.9923265662197324,0.0
2012-02-01,2012-04-30,Zip Code: 98119,Condo/Co-op,262500.0,259450.0,302.126693183624,22.0,44.0,37.0,0.9883057812089076,0.2272727272727272
2016-06-01,2016-08-31,Zip Code: 98102,All Residential,497000.0,528000.0,506.1554043811112,120.0,113.0,40.0,1.0184872816300112,0.4249999999999999
2019-06-01,2019-08-31,Zip Code: 98133,Condo/Co-op,295000.0,299999.0,363.0998702983138,33.0,40.0,24.0,0.9949296378932516,0.2121212121212121
2013-03-01,2013-05-31,Zip Code: 98134,Condo/Co-op,207400.0,218800.0,177.4833759590793,2.0,1.0,1.0,0.9780487804878047,0.0
2020-03-01,2020-05-31,Zip Code: 98105,Condo/Co-op,500000.0,509000.0,496.8309955932607,10.0,9.0,6.0,0.968179596573884,0.1
2014-01-01,2014-03-31,Zip Code: 98125,All Residential,376775.0,375000.0,211.5988700564972,92.0,116.0,48.0,1.0005448393339318,0.3369565217391304
2014-06-01,2014-08-31,Zip Code: 98122,Townhouse,499999.0,500000.0,349.6551724137931,25.0,27.0,15.0,0.995416442828236,0.2399999999999999
2016-04-01,2016-06-30,Zip Code: 98115,Single Family Residential,752500.0,699000.0,355.421686746988,181.0,204.0,27.0,1.0794569821456712,0.6850828729281768
2019-08-01,2019-10-31,Zip Code: 98125,Condo/Co-op,323500.0,299000.0,352.3861870598737,18.0,21.0,8.0,0.9862298991852294,0.2777777777777777
2018-03-01,2018-05-31,Zip Code: 98178,Townhouse,546500.0,539000.0,283.4089429832634,6.0,10.0,3.0,1.0135824262037854,0.3333333333333333
2019-07-01,2019-09-30,Zip Code: 98117,All Residential,763000.0,775000.0,426.9449715370018,179.0,197.0,82.0,1.0000553304765194,0.2905027932960894
2020-04-01,2020-06-30,Zip Code: 98106,Multi-Family (2-4 Unit),730000.0,899999.0,241.72185430463577,1.0,3.0,3.0,0.9864864864864864,0.0
2020-11-01,2021-01-31,Zip Code: 98177,Multi-Family (2-4 Unit),1300000.0,,424.8366013071896,1.0,,1.0,1.0000384630178083,1.0
2017-08-01,2017-10-31,Zip Code: 98109,Townhouse,915000.0,1020500.0,620.5882352941177,11.0,18.0,5.0,1.0590997265676587,0.3636363636363636
2015-03-01,2015-05-31,Zip Code: 98112,Multi-Family (2-4 Unit),941000.0,957500.0,285.40305010893246,3.0,4.0,4.0,0.983004747360773,0.3333333333333333
2019-12-01,2020-02-29,Zip Code: 98125,Single Family Residential,687250.0,682250.0,363.4524099318402,64.0,48.0,18.0,0.999212431318727,0.328125
2018-07-01,2018-09-30,Zip Code: 98115,Townhouse,779950.0,724999.0,505.05050505050497,15.0,27.0,12.0,1.0036977382813046,0.3333333333333333
2019-08-01,2019-10-31,Zip Code: 98122,Condo/Co-op,413000.0,414950.0,651.8099372141694,40.0,41.0,26.0,0.9890713482020737,0.1499999999999999
2020-06-01,2020-08-31,Zip Code: 98106,Townhouse,517103.0,519103.0,353.6318845442572,36.0,58.0,32.0,0.9974733604229558,0.1666666666666666
2014-06-01,2014-08-31,Zip Code: 98178,Townhouse,58000.0,254500.0,51.739518287243534,1.0,2.0,,0.9747899159663864,0.0
2019-10-01,2019-12-31,Zip Code: 98105,Condo/Co-op,451000.0,372000.0,501.34819624464046,8.0,12.0,7.0,0.9710251212489392,0.0
2014-08-01,2014-10-31,Zip Code: 98106,All Residential,310000.0,317250.0,181.12244897959184,107.0,116.0,66.0,0.9983856166894922,0.3177570093457943
2019-03-01,2019-05-31,Zip Code: 98133,Single Family Residential,616250.0,600000.0,356.62790697674416,102.0,188.0,62.0,1.014421205073054,0.4019607843137255
2019-10-01,2019-12-31,Zip Code: 98117,All Residential,740000.0,750000.0,435.67251461988303,165.0,116.0,38.0,0.997853994484313,0.309090909090909
2015-05-01,2015-07-31,Zip Code: 98177,Single Family Residential,573500.0,599950.0,268.592,95.0,123.0,41.0,1.0210154616410183,0.5368421052631579
2021-08-01,2021-10-31,Zip Code: 98118,Townhouse,568500.0,629000.0,416.09379163336,34.0,44.0,24.0,0.995598627101118,0.2647058823529411
2012-04-01,2012-06-30,Zip Code: 98119,Condo/Co-op,265000.0,274000.0,296.80365296803654,33.0,46.0,32.0,0.9879044236410052,0.2121212121212121
2014-07-01,2014-09-30,Zip Code: 98177,Multi-Family (2-4 Unit),415000.0,499000.0,182.6584507042253,1.0,1.0,2.0,0.9223247027447494,0.0
2013-04-01,2013-06-30,Zip Code: 98126,Townhouse,303506.5,300000.0,224.17919580419576,12.0,15.0,7.0,1.0004291523620854,0.5
2016-03-01,2016-05-31,Zip Code: 98119,Single Family Residential,1019500.0,1019500.0,458.89150408348456,26.0,58.0,25.0,1.025704793840414,0.3461538461538461
2015-09-01,2015-11-30,Zip Code: 98116,Condo/Co-op,415000.0,359000.0,401.9607843137255,17.0,17.0,8.0,0.9860655902135969,0.2941176470588235
2018-04-01,2018-06-30,Zip Code: 98178,Single Family Residential,500000.0,480000.0,293.4519442406456,111.0,153.0,73.0,1.055339564993541,0.6216216216216216
2012-02-01,2012-04-30,Zip Code: 98115,Multi-Family (2-4 Unit),653000.0,519000.0,152.57009345794393,1.0,3.0,3.0,0.9819548872180452,0.0
2019-11-01,2020-01-31,Zip Code: 98102,Townhouse,773500.0,762250.0,637.8245140388769,30.0,30.0,6.0,0.9934143978089656,0.1
2016-07-01,2016-09-30,Zip Code: 98105,All Residential,700000.0,749950.0,438.1402439024391,92.0,126.0,40.0,1.0525173286560607,0.5760869565217391
2023-04-01,2023-06-30,Zip Code: 98119,Condo/Co-op,475000.0,435000.0,592.6588416166513,32.0,41.0,18.0,0.988949566598912,0.15625
2018-03-01,2018-05-31,Zip Code: 98146,All Residential,517000.0,550000.0,309.0306545153273,113.0,149.0,37.0,1.0477769776348052,0.6017699115044248
2023-03-01,2023-05-31,Zip Code: 98112,Single Family Residential,1516250.0,1815000.0,631.6576519249124,44.0,74.0,34.0,1.0314759989333426,0.4090909090909091
2015-04-01,2015-06-30,Zip Code: 98122,Single Family Residential,672500.0,700000.0,347.75280898876406,68.0,68.0,19.0,1.027498595714226,0.5588235294117647
2021-10-01,2021-12-31,Zip Code: 98144,Single Family Residential,885000.0,825000.0,560.9418282548477,71.0,51.0,7.0,1.0534309760787812,0.5492957746478873
2017-04-01,2017-06-30,Zip Code: 98133,Multi-Family (2-4 Unit),595000.0,504944.0,278.14421106557376,2.0,2.0,,1.0459263759773525,1.0
2015-08-01,2015-10-31,Zip Code: 98116,Townhouse,573500.0,582000.0,358.74439461883406,17.0,22.0,9.0,1.0079905410415628,0.2941176470588235
2020-04-01,2020-06-30,Zip Code: 98125,Single Family Residential,725000.0,685000.0,408.8815789473685,83.0,101.0,22.0,1.022574361814506,0.4578313253012047
2014-05-01,2014-07-31,Zip Code: 98125,Townhouse,332500.0,319000.0,238.2435256810648,12.0,14.0,5.0,1.0373428597473413,0.5833333333333333
2013-01-01,2013-03-31,Zip Code: 98177,Condo/Co-op,305000.0,149900.0,182.89251547552053,7.0,5.0,4.0,0.978691132645306,0.1428571428571428
2016-08-01,2016-10-31,Zip Code: 98146,Townhouse,210000.0,205000.0,171.70891251022076,3.0,1.0,,1.0256410256410255,0.3333333333333333
2016-11-01,2017-01-31,Zip Code: 98134,All Residential,950000.0,,657.8947368421053,1.0,,1.0,0.9547738693467336,0.0
2020-07-01,2020-09-30,Zip Code: 98116,Townhouse,699749.5,699999.0,493.1260457334077,22.0,33.0,19.0,0.9957258673540906,0.0909090909090909
2021-10-01,2021-12-31,Zip Code: 98117,Single Family Residential,986000.0,899000.0,538.7303436225975,141.0,83.0,5.0,1.0661715974445165,0.5957446808510638
2018-06-01,2018-08-31,Zip Code: 98125,Multi-Family (2-4 Unit),717500.0,640000.0,380.73988948114817,2.0,1.0,,0.996125001953247,0.5
2022-03-01,2022-05-31,Zip Code: 98105,All Residential,1215000.0,1290000.0,661.364468026713,106.0,132.0,33.0,1.0728509485453983,0.5660377358490565
2015-08-01,2015-10-31,Zip Code: 98107,Condo/Co-op,350000.0,353450.0,447.2477064220183,49.0,52.0,12.0,1.0311626937369465,0.6326530612244898
2018-06-01,2018-08-31,Zip Code: 98144,Multi-Family (2-4 Unit),675000.0,977000.0,379.2134831460674,3.0,4.0,3.0,0.9875796894922372,0.6666666666666666
2013-06-01,2013-08-31,Zip Code: 98178,All Residential,255000.0,246500.0,142.6315789473684,103.0,134.0,89.0,1.0262043855220118,0.5048543689320388
2020-11-01,2021-01-31,Zip Code: 98102,Townhouse,950000.0,929950.0,637.9393355801636,27.0,36.0,20.0,0.9810823046517456,0.037037037037037
2012-09-01,2012-11-30,Zip Code: 98118,Single Family Residential,290000.0,292250.0,158.5820895522388,93.0,130.0,97.0,0.9936573954139531,0.3548387096774193
2018-07-01,2018-09-30,Zip Code: 98112,All Residential,1045000.0,984999.0,580.4794520547945,119.0,129.0,66.0,1.0145104199161106,0.3949579831932773
2021-11-01,2022-01-31,Zip Code: 98102,Multi-Family (2-4 Unit),1612500.0,,528.4022238336959,6.0,,1.0,0.9800700782075497,0.1666666666666666
2016-03-01,2016-05-31,Zip Code: 98136,Single Family Residential,647500.0,644950.0,340.7967032967033,66.0,87.0,17.0,1.064656887424703,0.696969696969697
2023-02-01,2023-04-30,Zip Code: 98133,All Residential,721500.0,715000.0,456.0992217898833,150.0,184.0,73.0,1.0016582862956709,0.3266666666666666
2022-12-01,2023-02-28,Zip Code: 98105,All Residential,950000.0,1224500.0,553.1609195402299,55.0,48.0,28.0,0.9838398231550568,0.1818181818181818
2017-03-01,2017-05-31,Zip Code: 98117,Single Family Residential,792750.0,749000.0,414.2156862745098,120.0,160.0,16.0,1.1010695230927878,0.7583333333333333
2013-04-01,2013-06-30,Zip Code: 98115,Single Family Residential,502250.0,499925.0,258.86068371870283,144.0,212.0,76.0,1.0396709773213662,0.6041666666666666
2013-08-01,2013-10-31,Zip Code: 98108,All Residential,325500.0,359950.0,213.51474932221907,64.0,82.0,49.0,1.0057666011037527,0.359375
2020-05-01,2020-07-31,Zip Code: 98118,Single Family Residential,660775.0,670000.0,359.0091216216216,112.0,147.0,40.0,1.0172765974029176,0.4285714285714285
2013-02-01,2013-04-30,Zip Code: 98178,All Residential,229000.0,249975.0,122.66355140186916,97.0,116.0,60.0,1.0166735397398694,0.4432989690721649
2022-08-01,2022-10-31,Zip Code: 98146,All Residential,654975.0,649000.0,373.54885057471273,70.0,101.0,43.0,1.0040756354667653,0.3428571428571428
2018-03-01,2018-05-31,Zip Code: 98113,All Residential,960000.0,750000.0,500.0,1.0,1.0,,1.28,1.0
2020-04-01,2020-06-30,Zip Code: 98199,All Residential,1015000.0,985000.0,481.741573033708,111.0,139.0,41.0,0.9973157004755928,0.2792792792792792
2016-12-01,2017-02-28,Zip Code: 98122,Single Family Residential,825000.0,750000.0,413.55343179843607,49.0,36.0,8.0,1.0201645993295014,0.3673469387755102
2014-04-01,2014-06-30,Zip Code: 98122,Multi-Family (2-4 Unit),575000.0,677225.0,160.6145251396648,1.0,4.0,4.0,0.9584132011000916,0.0
2016-06-01,2016-08-31,Zip Code: 98116,Townhouse,620000.0,599000.0,407.6525767226404,31.0,35.0,16.0,1.016791894143242,0.4516129032258064
2017-10-01,2017-12-31,Zip Code: 98106,Multi-Family (2-4 Unit),527500.0,875000.0,324.8152709359606,1.0,3.0,,0.9608378870673951,0.0
2018-11-01,2019-01-31,Zip Code: 98102,Townhouse,980000.0,1097000.0,651.7241379310345,15.0,19.0,9.0,0.9803547563924546,0.1333333333333333
2021-03-01,2021-05-31,Zip Code: 98105,Single Family Residential,1200000.0,1050000.0,560.3461056931998,90.0,115.0,22.0,1.083389778632344,0.6999999999999998
2019-11-01,2020-01-31,Zip Code: 98125,Single Family Residential,685000.0,620000.0,366.6666666666666,77.0,34.0,10.0,0.9936639122783568,0.2987012987012986
2016-04-01,2016-06-30,Zip Code: 98199,Multi-Family (2-4 Unit),750000.0,714975.0,285.71428571428567,3.0,2.0,1.0,0.9700245210337864,0.6666666666666666
2022-07-01,2022-09-30,Zip Code: 98177,Townhouse,667000.0,719475.0,479.71439587980944,6.0,8.0,4.0,0.9917845086437856,0.1666666666666666
2021-03-01,2021-05-31,Zip Code: 98177,Multi-Family (2-4 Unit),657500.0,,490.6716417910448,1.0,,,0.946043165467626,0.0
2023-01-01,2023-03-31,Zip Code: 98107,All Residential,837499.5,824950.0,570.8000853390522,84.0,114.0,37.0,0.9860893222661312,0.2023809523809523
2013-02-01,2013-04-30,Zip Code: 98115,Townhouse,383500.0,375000.0,269.09010529700186,8.0,5.0,2.0,0.976056566514954,0.125
2023-05-01,2023-07-31,Zip Code: 98113,Single Family Residential,1060000.0,1035000.0,524.7524752475248,1.0,1.0,,1.0241545893719808,1.0
2020-08-01,2020-10-31,Zip Code: 98102,Single Family Residential,1600000.0,1357500.0,573.5766423357665,15.0,26.0,12.0,0.997439969028378,0.2
2012-05-01,2012-07-31,Zip Code: 98136,Single Family Residential,387250.0,399950.0,206.76492819349963,72.0,93.0,44.0,0.9853829938152056,0.2361111111111111
2021-12-01,2022-02-28,Zip Code: 98133,Single Family Residential,815000.0,795000.0,513.6986301369864,95.0,104.0,10.0,1.0736326541034924,0.6210526315789474
2012-04-01,2012-06-30,Zip Code: 98117,Condo/Co-op,182500.0,244900.0,199.88904316402812,2.0,7.0,8.0,0.9241155517551302,0.0
2014-12-01,2015-02-28,Zip Code: 98126,All Residential,420000.0,375000.0,248.14814814814807,85.0,72.0,35.0,1.0054943510929455,0.3411764705882353
2017-03-01,2017-05-31,Zip Code: 98112,Condo/Co-op,517000.0,498800.0,670.745748700992,14.0,19.0,5.0,1.0472384604918583,0.5714285714285714
2022-10-01,2022-12-31,Zip Code: 98177,Multi-Family (2-4 Unit),950000.0,,354.47761194029846,1.0,,,1.0,0.0
2014-12-01,2015-02-28,Zip Code: 98116,Multi-Family (2-4 Unit),1005000.0,,492.6470588235293,1.0,,3.0,0.9436619718309858,0.0
2022-04-01,2022-06-30,Zip Code: 98106,Single Family Residential,772000.0,749950.0,482.22539337761725,102.0,119.0,28.0,1.0767440470526295,0.6274509803921569
2019-09-01,2019-11-30,Zip Code: 98112,Condo/Co-op,516250.0,565000.0,598.5289348011677,14.0,13.0,6.0,0.9774291116631136,0.0
2013-03-01,2013-05-31,Zip Code: 98116,Single Family Residential,517000.0,539975.0,260.71428571428567,77.0,94.0,43.0,1.0058094728884366,0.4025974025974026
2015-02-01,2015-04-30,Zip Code: 98106,Townhouse,280000.0,299950.0,217.6800356506239,32.0,22.0,6.0,1.006057471748074,0.21875
2023-04-01,2023-06-30,Zip Code: 98106,Multi-Family (2-4 Unit),728000.0,1150000.0,520.0,1.0,1.0,1.0,0.9771812080536912,0.0
2017-04-01,2017-06-30,Zip Code: 98118,Single Family Residential,585000.0,555000.0,308.2758620689655,143.0,197.0,59.0,1.0848978038584665,0.6713286713286712
2020-06-01,2020-08-31,Zip Code: 98109,All Residential,817500.0,749000.0,603.5614082722418,102.0,183.0,109.0,0.9929910388177438,0.2058823529411764
2013-02-01,2013-04-30,Zip Code: 98112,Single Family Residential,930000.0,975000.0,322.9166666666667,71.0,104.0,48.0,0.9813085869871238,0.2253521126760563
2012-12-01,2013-02-28,Zip Code: 98118,Single Family Residential,245000.0,324900.0,156.99473057963624,104.0,93.0,72.0,0.9981804841826504,0.3365384615384615
2012-11-01,2013-01-31,Zip Code: 98144,Multi-Family (2-4 Unit),257000.0,539475.0,106.19469026548671,3.0,2.0,,0.911697060971514,0.3333333333333333
2012-05-01,2012-07-31,Zip Code: 98106,Single Family Residential,218750.0,230000.0,143.63286479250334,62.0,76.0,50.0,0.992128199102809,0.2419354838709677
2018-03-01,2018-05-31,Zip Code: 98177,All Residential,882500.0,849000.0,381.1764705882353,84.0,107.0,31.0,1.0677185767072943,0.619047619047619
2014-01-01,2014-03-31,Zip Code: 98133,Multi-Family (2-4 Unit),325000.0,438700.0,169.87179487179486,3.0,6.0,5.0,0.99443413729128,0.0
2014-11-01,2015-01-31,Zip Code: 98107,Condo/Co-op,305000.0,364925.0,398.6551193116224,20.0,28.0,14.0,0.9872387939489792,0.25
2016-12-01,2017-02-28,Zip Code: 98106,All Residential,422500.0,497425.0,273.4487909131432,110.0,81.0,13.0,1.0100210287426592,0.3909090909090909
2020-07-01,2020-09-30,Zip Code: 98102,Single Family Residential,1995000.0,1495000.0,559.2841163310961,15.0,19.0,15.0,1.0003252786236003,0.2666666666666666
2019-04-01,2019-06-30,Zip Code: 98136,Townhouse,644750.0,562495.0,444.55461815932426,24.0,26.0,9.0,0.9915482216423328,0.0833333333333333
2016-11-01,2017-01-31,Zip Code: 98177,Condo/Co-op,227000.0,385000.0,246.7391304347826,3.0,3.0,,0.9866666666666666,0.0
2018-03-01,2018-05-31,Zip Code: 98144,Single Family Residential,803250.0,810000.0,464.35171385991055,84.0,90.0,26.0,1.048610108571684,0.4761904761904761
2015-07-01,2015-09-30,Zip Code: 98102,Single Family Residential,1225000.0,1069000.0,421.3306110807737,22.0,19.0,9.0,0.9761961405131064,0.1818181818181818
2022-06-01,2022-08-31,Zip Code: 98116,Multi-Family (2-4 Unit),915000.0,1990000.0,564.8148148148148,1.0,1.0,1.0,0.9786096256684492,0.0
2021-09-01,2021-11-30,Zip Code: 98144,All Residential,775000.0,750000.0,524.4712990936556,157.0,165.0,43.0,1.0259179835402306,0.4394904458598726
2012-08-01,2012-10-31,Zip Code: 98105,Townhouse,419500.0,448450.0,280.6257014590348,4.0,6.0,1.0,0.9847830432531572,0.0
2012-12-01,2013-02-28,Zip Code: 98112,Condo/Co-op,326075.0,479000.0,407.32368896925857,8.0,15.0,11.0,0.9688835738221114,0.125
2022-05-01,2022-07-31,Zip Code: 98107,All Residential,975000.0,867000.0,662.3807120978736,154.0,174.0,46.0,1.0519292925211576,0.5454545454545454
2020-08-01,2020-10-31,Zip Code: 98102,Multi-Family (2-4 Unit),1500000.0,1475000.0,485.82995951417,3.0,7.0,6.0,0.9759139784946236,0.0
2017-03-01,2017-05-31,Zip Code: 98122,All Residential,690000.0,675000.0,505.9602649006623,141.0,197.0,25.0,1.0768807943629333,0.7092198581560283
2018-11-01,2019-01-31,Zip Code: 98109,Single Family Residential,1316000.0,1349000.0,569.1225165562913,17.0,11.0,7.0,0.9670828266062996,0.0588235294117647
2020-05-01,2020-07-31,Zip Code: 98112,Condo/Co-op,737250.0,681975.0,745.9699851715498,12.0,32.0,17.0,0.9795874046101796,0.1666666666666666
2023-04-01,2023-06-30,Zip Code: 98105,Single Family Residential,1365000.0,1399975.0,605.3766943321812,60.0,62.0,21.0,1.031387885439891,0.5166666666666667
2015-02-01,2015-04-30,Zip Code: 98115,Multi-Family (2-4 Unit),542500.0,615000.0,254.15331196581195,4.0,6.0,1.0,1.0,0.0
2019-05-01,2019-07-31,Zip Code: 98118,Multi-Family (2-4 Unit),801000.0,825000.0,493.201096597323,2.0,4.0,1.0,0.9695550351288056,0.0
2015-06-01,2015-08-31,Zip Code: 98119,Condo/Co-op,352500.0,359950.0,436.3868913419026,58.0,49.0,17.0,1.0085208840182731,0.3448275862068965
2023-10-01,2023-12-31,Zip Code: 98118,Single Family Residential,750500.0,812475.0,407.8304597701149,52.0,47.0,21.0,0.9977385527932092,0.3846153846153846
2016-11-01,2017-01-31,Zip Code: 98126,Townhouse,460000.0,505769.0,309.9255182459684,16.0,8.0,2.0,1.003549435329535,0.375
2019-09-01,2019-11-30,Zip Code: 98105,Condo/Co-op,442000.0,409950.0,485.9571322985957,7.0,16.0,10.0,0.9673057624270092,0.0
2014-05-01,2014-07-31,Zip Code: 98108,Townhouse,299950.0,289000.0,219.9043062200957,17.0,5.0,3.0,0.9895937228788954,0.0
2015-12-01,2016-02-29,Zip Code: 98115,Condo/Co-op,247000.0,237500.0,267.005076142132,21.0,18.0,2.0,1.0332715279959166,0.3809523809523809
2020-06-01,2020-08-31,Zip Code: 98146,Townhouse,282900.0,254475.0,266.1335841956726,1.0,2.0,1.0,0.9929799929799928,0.0
2013-02-01,2013-04-30,Zip Code: 98119,All Residential,376500.0,525000.0,320.8709353960751,74.0,127.0,60.0,0.9908499843175594,0.2297297297297297
2018-08-01,2018-10-31,Zip Code: 98112,Townhouse,839500.0,799000.0,571.0884353741496,12.0,17.0,10.0,1.011193182946364,0.4166666666666666
2017-05-01,2017-07-31,Zip Code: 98199,All Residential,827500.0,849628.5,442.03747072599526,175.0,188.0,41.0,1.0427368190223352,0.4799999999999999
2012-11-01,2013-01-31,Zip Code: 98144,Condo/Co-op,209700.0,249900.0,249.3589743589744,14.0,15.0,22.0,0.9811305924784932,0.2142857142857142
2013-01-01,2013-03-31,Zip Code: 98144,Townhouse,340000.0,349950.0,248.15602836879432,9.0,22.0,14.0,0.9988095981259318,0.5555555555555555
2021-09-01,2021-11-30,Zip Code: 98118,Single Family Residential,757000.0,793000.0,462.8571428571428,161.0,138.0,23.0,1.0419992825121511,0.5155279503105589
2013-11-01,2014-01-31,Zip Code: 98105,Townhouse,470000.0,397000.0,340.03660852937026,6.0,6.0,5.0,0.9926243889683212,0.0
2019-11-01,2020-01-31,Zip Code: 98126,Townhouse,569950.0,599975.0,365.6407563879842,30.0,14.0,8.0,0.9871833553509074,0.0333333333333333
2014-12-01,2015-02-28,Zip Code: 98199,Condo/Co-op,249950.0,244975.0,262.60504201680675,15.0,16.0,4.0,1.0029842142023342,0.4
2018-08-01,2018-10-31,Zip Code: 98126,Condo/Co-op,575873.5,354000.0,404.6586656011264,32.0,19.0,20.0,1.0008124070646225,0.1875
2023-06-01,2023-08-31,Zip Code: 98125,Single Family Residential,828500.0,805000.0,515.4040404040404,86.0,89.0,27.0,1.0237212061933068,0.4651162790697674
2023-09-01,2023-11-30,Zip Code: 98116,Multi-Family (2-4 Unit),1275000.0,975000.0,500.0,1.0,1.0,3.0,0.8528428093645484,0.0
2018-12-01,2019-02-28,Zip Code: 98105,Condo/Co-op,343500.0,409444.0,503.30578512396687,8.0,12.0,10.0,0.9546090407957812,0.0
2023-03-01,2023-05-31,Zip Code: 98112,Townhouse,987975.0,917500.0,698.1558422625556,16.0,14.0,3.0,0.9894522129641516,0.1875
2019-06-01,2019-08-31,Zip Code: 98105,Multi-Family (2-4 Unit),1800000.0,1099000.0,1343.2835820895525,1.0,5.0,3.0,1.0,0.0
2015-07-01,2015-09-30,Zip Code: 98107,Single Family Residential,688000.0,650000.0,381.1451706188548,37.0,35.0,2.0,1.0498102164265946,0.6216216216216216
2016-10-01,2016-12-31,Zip Code: 98107,All Residential,640000.0,689940.0,460.0,131.0,84.0,6.0,1.017560543395251,0.4580152671755725
2017-04-01,2017-06-30,Zip Code: 98134,Single Family Residential,904709.5,575000.0,435.3673327689657,2.0,1.0,,1.1181026583413032,0.5
2023-08-01,2023-10-31,Zip Code: 98122,Condo/Co-op,468000.0,472500.0,648.6068111455108,21.0,47.0,34.0,0.9956669686927122,0.238095238095238
2016-02-01,2016-04-30,Zip Code: 98118,Townhouse,359550.0,410900.0,240.8333333333333,16.0,34.0,11.0,1.0381759033702027,0.5
2013-03-01,2013-05-31,Zip Code: 98106,Townhouse,220000.0,247425.0,177.8783958602846,15.0,24.0,20.0,1.0264038208422237,0.4
2016-02-01,2016-04-30,Zip Code: 98105,Townhouse,564600.0,559000.0,456.49717514124296,7.0,11.0,,1.0432133236317485,0.4285714285714285
2023-12-01,2024-02-29,Zip Code: 98199,Single Family Residential,1245000.0,1220000.0,561.2244897959183,45.0,51.0,23.0,1.0189479273657154,0.3777777777777777
2012-09-01,2012-11-30,Zip Code: 98144,Condo/Co-op,237450.0,194900.0,274.16443205916886,8.0,15.0,24.0,0.9570347814584692,0.125
2015-12-01,2016-02-29,Zip Code: 98144,Condo/Co-op,299000.0,289500.0,349.53379953379954,9.0,10.0,2.0,0.9962553948608444,0.2222222222222222
2020-09-01,2020-11-30,Zip Code: 98136,Townhouse,550000.0,604000.0,445.83333333333326,17.0,26.0,10.0,0.9950195916336648,0.1764705882352941
2015-02-01,2015-04-30,Zip Code: 98118,All Residential,405250.0,380000.0,236.9422727631683,148.0,214.0,93.0,1.0336997413360032,0.5067567567567568
2019-07-01,2019-09-30,Zip Code: 98107,Multi-Family (2-4 Unit),867950.0,975000.0,357.1428571428572,5.0,5.0,5.0,0.9700923190686536,0.2
2013-11-01,2014-01-31,Zip Code: 98106,Condo/Co-op,149000.0,159900.0,146.65354330708664,4.0,3.0,4.0,0.9971451356390976,0.25
2014-12-01,2015-02-28,Zip Code: 98115,All Residential,495800.0,462475.0,291.6666666666667,121.0,116.0,42.0,1.011995061220144,0.3553719008264462
2022-03-01,2022-05-31,Zip Code: 98105,Townhouse,859975.0,925000.0,717.9054054054054,16.0,19.0,4.0,1.006318918264627,0.1875
2014-10-01,2014-12-31,Zip Code: 98104,All Residential,339000.0,264900.0,353.0006743088334,19.0,15.0,11.0,0.98524316507088,0.1052631578947368
2012-09-01,2012-11-30,Zip Code: 98144,Multi-Family (2-4 Unit),308500.0,459950.0,112.86478699320848,4.0,5.0,3.0,0.952840592338805,0.5
2020-12-01,2021-02-28,Zip Code: 98125,Multi-Family (2-4 Unit),965000.0,695000.0,348.6630942377364,2.0,1.0,2.0,0.9732765727414014,0.0
2018-02-01,2018-04-30,Zip Code: 98107,Multi-Family (2-4 Unit),1125000.0,850000.0,406.6985645933015,5.0,9.0,3.0,0.9797233807376832,0.2
2017-11-01,2018-01-31,Zip Code: 98136,Single Family Residential,740000.0,772475.0,369.82570806100216,53.0,30.0,6.0,1.0124407966436817,0.3962264150943396
2013-03-01,2013-05-31,Zip Code: 98178,Single Family Residential,250000.0,265000.0,137.19512195121953,109.0,127.0,71.0,1.0117761481755043,0.4678899082568807
2012-05-01,2012-07-31,Zip Code: 98122,Single Family Residential,568250.0,539000.0,255.63695695496213,60.0,65.0,35.0,1.0089381933770314,0.3333333333333333
2017-04-01,2017-06-30,Zip Code: 98116,Single Family Residential,788000.0,725000.0,390.7317073170732,103.0,102.0,15.0,1.0779047247440658,0.7184466019417475
2018-05-01,2018-07-31,Zip Code: 98116,Townhouse,750000.0,769990.0,511.336389280677,25.0,25.0,10.0,1.020347172605931,0.2399999999999999
2022-06-01,2022-08-31,Zip Code: 98177,Townhouse,638000.0,676226.0,487.8567787434648,6.0,12.0,5.0,1.0065993234586004,0.3333333333333333
2014-10-01,2014-12-31,Zip Code: 98109,Condo/Co-op,360000.0,360000.0,405.12820512820514,53.0,41.0,17.0,0.9877206961216504,0.2452830188679245
2019-09-01,2019-11-30,Zip Code: 98126,All Residential,582975.0,589500.0,383.3750477778136,120.0,130.0,54.0,0.9931509584815572,0.2166666666666666
2015-04-01,2015-06-30,Zip Code: 98105,Single Family Residential,847750.0,759500.0,365.8418944022919,84.0,90.0,21.0,1.0499659117183373,0.5833333333333333
2014-01-01,2014-03-31,Zip Code: 98119,Townhouse,549900.0,579925.0,402.9126213592233,9.0,8.0,5.0,0.975530153741102,0.0
2012-03-01,2012-05-31,Zip Code: 98118,Single Family Residential,249000.0,295000.0,138.24393110860404,112.0,149.0,104.0,0.9828343610095244,0.2589285714285714
2022-07-01,2022-09-30,Zip Code: 98199,Single Family Residential,1495000.0,1500000.0,625.0,81.0,87.0,41.0,1.001277711721287,0.3086419753086419
2014-05-01,2014-07-31,Zip Code: 98112,Townhouse,573000.0,530000.0,357.3391973611875,11.0,5.0,,1.018666844997452,0.5454545454545454
2013-02-01,2013-04-30,Zip Code: 98107,Single Family Residential,542000.0,524000.0,275.4334615176299,24.0,51.0,11.0,1.0465571663904278,0.5416666666666666
2020-06-01,2020-08-31,Zip Code: 98116,Single Family Residential,872500.0,899000.0,440.6503150315032,96.0,140.0,36.0,1.0121185183104509,0.4479166666666666
2017-05-01,2017-07-31,Zip Code: 98116,Single Family Residential,792500.0,725000.0,389.50149195640887,102.0,106.0,24.0,1.0654140135903407,0.676470588235294
2018-02-01,2018-04-30,Zip Code: 98104,Condo/Co-op,612500.0,681900.0,873.9776575625633,74.0,47.0,13.0,1.0184935436061742,0.2837837837837837
2012-07-01,2012-09-30,Zip Code: 98199,Multi-Family (2-4 Unit),644300.0,399950.0,171.81333333333333,1.0,1.0,2.0,0.92049432102293,0.0
2022-06-01,2022-08-31,Zip Code: 98199,Single Family Residential,1466000.0,1500000.0,651.8032786885246,95.0,111.0,40.0,1.0209399489261972,0.431578947368421
2018-02-01,2018-04-30,Zip Code: 98144,Townhouse,699975.0,719000.0,491.7029652811643,36.0,37.0,11.0,1.038615757429047,0.4722222222222222
2015-12-01,2016-02-29,Zip Code: 98126,Townhouse,405000.0,382450.0,271.97452229299364,13.0,10.0,,1.0369676546685676,0.6923076923076922
2018-08-01,2018-10-31,Zip Code: 98106,Townhouse,460000.0,522000.0,369.7183098591549,33.0,44.0,30.0,0.99757439868469,0.2121212121212121
2013-02-01,2013-04-30,Zip Code: 98199,Townhouse,454000.0,449250.0,277.7555910543131,12.0,26.0,7.0,0.9988474517987048,0.25
2016-07-01,2016-09-30,Zip Code: 98115,Multi-Family (2-4 Unit),650000.0,785000.0,236.3636363636364,1.0,3.0,1.0,1.0,0.0
2015-01-01,2015-03-31,Zip Code: 98109,All Residential,410000.0,420000.0,403.33333333333326,57.0,81.0,29.0,1.0110500138897849,0.4210526315789473
2022-08-01,2022-10-31,Zip Code: 98104,Condo/Co-op,429975.0,607425.0,612.1459694989105,22.0,38.0,43.0,0.9755546733881488,0.0454545454545454
2013-06-01,2013-08-31,Zip Code: 98133,Single Family Residential,354475.0,349725.0,211.9986062581931,138.0,166.0,78.0,1.0168247432247088,0.5
2017-05-01,2017-07-31,Zip Code: 98199,Condo/Co-op,430000.0,384725.0,439.3380199179848,30.0,22.0,1.0,1.0453395447550462,0.5333333333333333
2014-04-01,2014-06-30,Zip Code: 98109,All Residential,451000.0,445900.0,393.9003801062034,100.0,129.0,45.0,1.0093149342525254,0.39
2019-02-01,2019-04-30,Zip Code: 98178,Condo/Co-op,143500.0,379950.0,245.29914529914527,3.0,4.0,2.0,0.9862329205390648,0.3333333333333333
2020-06-01,2020-08-31,Zip Code: 98118,Multi-Family (2-4 Unit),832500.0,771500.0,246.23783079665435,2.0,2.0,1.0,1.0393939393939395,0.5
2013-01-01,2013-03-31,Zip Code: 98119,Single Family Residential,685000.0,887000.0,306.1465721040189,19.0,36.0,23.0,0.9804961046335516,0.263157894736842
2013-12-01,2014-02-28,Zip Code: 98112,Condo/Co-op,363750.0,422000.0,382.66035376094334,12.0,16.0,8.0,0.9840535348352256,0.4166666666666666
2023-12-01,2024-02-29,Zip Code: 98116,Townhouse,900000.0,857500.0,600.8010680907877,11.0,18.0,8.0,0.9902848309706676,0.0909090909090909
2020-04-01,2020-06-30,Zip Code: 98122,Townhouse,658000.0,801975.0,557.0652173913044,31.0,36.0,16.0,0.996960907022221,0.1290322580645161
2013-08-01,2013-10-31,Zip Code: 98199,Single Family Residential,685563.0,682000.0,294.9692275042445,94.0,106.0,53.0,1.00065815790376,0.351063829787234
2016-11-01,2017-01-31,Zip Code: 98146,Condo/Co-op,210000.0,99950.0,193.0894308943089,9.0,3.0,3.0,0.9832147468852032,0.2222222222222222
2013-06-01,2013-08-31,Zip Code: 98199,Multi-Family (2-4 Unit),510000.0,475000.0,211.11111111111111,3.0,3.0,2.0,0.9703691730563944,0.0
2015-07-01,2015-09-30,Zip Code: 98105,Multi-Family (2-4 Unit),807000.0,720000.0,292.6065162907268,5.0,6.0,2.0,1.0553475678388202,0.8
2016-02-01,2016-04-30,Zip Code: 98178,All Residential,328500.0,339950.0,203.787314329664,68.0,101.0,50.0,1.0490384082284876,0.6029411764705882
2021-04-01,2021-06-30,Zip Code: 98177,All Residential,1042500.0,950000.0,497.11763766959297,90.0,113.0,14.0,1.0989339432040204,0.7333333333333332
2020-12-01,2021-02-28,Zip Code: 98136,Condo/Co-op,441000.0,460000.0,478.6482433590402,8.0,10.0,3.0,0.9914081853150268,0.5
2016-05-01,2016-07-31,Zip Code: 98109,Single Family Residential,1187950.0,1095000.0,457.670053969952,32.0,35.0,10.0,1.026896309725518,0.5
2014-08-01,2014-10-31,Zip Code: 98122,Multi-Family (2-4 Unit),601500.0,562000.0,340.84103156274057,4.0,8.0,3.0,0.9944327908868484,0.25
2018-01-01,2018-03-31,Zip Code: 98107,Single Family Residential,890000.0,850000.0,493.8271604938272,21.0,31.0,5.0,1.065373617826419,0.4285714285714285
2014-10-01,2014-12-31,Zip Code: 98117,Single Family Residential,574950.0,561750.0,281.8181818181818,135.0,88.0,24.0,1.0112333277671457,0.4148148148148148
2020-11-01,2021-01-31,Zip Code: 98102,Single Family Residential,1222000.0,1395000.0,478.5478547854785,21.0,13.0,4.0,0.9661453044696068,0.1428571428571428
2012-06-01,2012-08-31,Zip Code: 98144,Condo/Co-op,230000.0,219725.0,274.3589743589744,13.0,18.0,29.0,0.9930924246992946,0.1538461538461538
2014-01-01,2014-03-31,Zip Code: 98136,Townhouse,459950.0,374950.0,283.7446020974707,9.0,7.0,4.0,0.9972597256923632,0.2222222222222222
2016-09-01,2016-11-30,Zip Code: 98178,Townhouse,186500.0,249900.0,178.10382276281496,2.0,1.0,,0.9947289913206118,0.5
2018-12-01,2019-02-28,Zip Code: 98144,Single Family Residential,804975.0,899500.0,392.7355869414216,44.0,46.0,30.0,0.991022831743101,0.2272727272727272
2022-08-01,2022-10-31,Zip Code: 98108,Townhouse,689950.0,634475.0,479.45205479452056,9.0,16.0,13.0,0.9962130140622568,0.3333333333333333
2021-12-01,2022-02-28,Zip Code: 98146,Condo/Co-op,235000.0,275000.0,302.44530244530245,3.0,2.0,,1.038415159345392,0.6666666666666666
2014-03-01,2014-05-31,Zip Code: 98105,Multi-Family (2-4 Unit),640000.0,695000.0,220.86833151280024,2.0,3.0,1.0,1.0032508127031758,0.5
2021-06-01,2021-08-31,Zip Code: 98122,Multi-Family (2-4 Unit),1225000.0,1390000.0,440.9090909090909,5.0,11.0,6.0,0.9506768159556264,0.0
2012-02-01,2012-04-30,Zip Code: 98178,Multi-Family (2-4 Unit),74000.0,,37.755102040816325,1.0,,,0.8926417370325693,0.0
2021-01-01,2021-03-31,Zip Code: 98105,All Residential,920000.0,965500.0,508.4745762711864,95.0,108.0,30.0,1.0193939134152712,0.4526315789473684
2013-04-01,2013-06-30,Zip Code: 98106,Single Family Residential,249999.5,262475.0,170.08513931888547,78.0,96.0,53.0,1.0144690602138569,0.4615384615384615
2022-09-01,2022-11-30,Zip Code: 98109,Single Family Residential,1547500.0,1475000.0,618.5974518176976,18.0,27.0,11.0,1.0078091059066498,0.4444444444444444
2012-07-01,2012-09-30,Zip Code: 98109,Single Family Residential,711750.0,711975.0,279.31700638880443,28.0,32.0,17.0,0.98765161304076,0.3214285714285714
2020-09-01,2020-11-30,Zip Code: 98118,Single Family Residential,677000.0,650000.0,360.2952458482578,144.0,124.0,41.0,1.0321998564234065,0.5555555555555555
2013-06-01,2013-08-31,Zip Code: 98112,Townhouse,438000.0,419950.0,336.9230769230769,11.0,11.0,4.0,0.995493921481448,0.1818181818181818
2013-12-01,2014-02-28,Zip Code: 98122,Single Family Residential,558850.0,597499.5,295.2425805299263,42.0,40.0,18.0,0.9795267084635854,0.3333333333333333
2016-06-01,2016-08-31,Zip Code: 98118,Condo/Co-op,308000.0,261475.0,405.8441558441559,7.0,8.0,4.0,1.044181233506135,0.7142857142857143
2012-04-01,2012-06-30,Zip Code: 98106,All Residential,215000.0,215500.0,146.9879518072289,79.0,94.0,75.0,0.9757041859197912,0.240506329113924
2018-03-01,2018-05-31,Zip Code: 98199,Multi-Family (2-4 Unit),1125000.0,1250000.0,388.96147890050327,2.0,5.0,2.0,1.0000005000005,0.5
2017-05-01,2017-07-31,Zip Code: 98107,All Residential,735000.0,699900.0,510.8561859732073,189.0,186.0,28.0,1.0730504170457793,0.619047619047619
2019-03-01,2019-05-31,Zip Code: 98112,All Residential,977500.0,1150000.0,566.81045751634,92.0,143.0,70.0,1.0060038369453017,0.4021739130434782
2012-11-01,2013-01-31,Zip Code: 98133,Single Family Residential,287500.0,325000.0,195.10606060606057,70.0,55.0,48.0,0.9998462359876316,0.3285714285714285
2017-07-01,2017-09-30,Zip Code: 98117,All Residential,745900.0,699950.0,428.5151019193572,196.0,195.0,38.0,1.0614420734778602,0.6428571428571429
2017-10-01,2017-12-31,Zip Code: 98109,Condo/Co-op,493000.0,475000.0,631.7411402157164,67.0,54.0,6.0,1.0542485011327254,0.6417910447761193
2019-05-01,2019-07-31,Zip Code: 98109,Single Family Residential,1132000.0,1429000.0,532.5757715963701,26.0,35.0,17.0,0.9725120527901202,0.1538461538461538
2017-06-01,2017-08-31,Zip Code: 98108,All Residential,560000.0,542000.0,325.9876077586207,83.0,102.0,39.0,1.0638086343747917,0.7108433734939757
2015-08-01,2015-10-31,Zip Code: 98112,Townhouse,615000.0,787475.0,407.3825503355704,11.0,10.0,4.0,1.0513668239242626,0.6363636363636364
2015-10-01,2015-12-31,Zip Code: 98119,Multi-Family (2-4 Unit),800000.0,799000.0,377.35849056603774,3.0,3.0,,1.0415936587400918,0.6666666666666666
2012-05-01,2012-07-31,Zip Code: 98115,Townhouse,355000.0,349500.0,222.19624943199693,7.0,11.0,10.0,1.0015513944966723,0.4285714285714285
2022-08-01,2022-10-31,Zip Code: 98178,Townhouse,600000.0,439000.0,340.33613445378154,3.0,3.0,2.0,0.9741837509491268,0.0
2012-10-01,2012-12-31,Zip Code: 98107,Condo/Co-op,242000.0,251900.0,312.5,27.0,21.0,13.0,0.994039955349524,0.3333333333333333
2019-07-01,2019-09-30,Zip Code: 98107,All Residential,749950.0,722500.0,507.4113914404393,136.0,166.0,90.0,0.994866776658518,0.1911764705882352
2020-03-01,2020-05-31,Zip Code: 98109,Townhouse,950000.0,904875.0,740.1787053705369,6.0,24.0,12.0,1.0035089494297753,0.3333333333333333
2012-07-01,2012-09-30,Zip Code: 98116,Single Family Residential,431000.0,477475.0,240.23191823899373,70.0,78.0,41.0,1.0017320208333462,0.2857142857142857
2016-12-01,2017-02-28,Zip Code: 98116,Single Family Residential,725000.0,649975.0,347.8260869565217,31.0,36.0,19.0,1.011639211490812,0.4193548387096774
2023-11-01,2024-01-31,Zip Code: 98144,Townhouse,685000.0,649950.0,521.8042071197411,29.0,51.0,26.0,0.9942974918830916,0.1379310344827586
2012-11-01,2013-01-31,Zip Code: 98199,Townhouse,379775.0,375000.0,259.0439276485788,10.0,2.0,2.0,0.9777010558670716,0.1
2013-04-01,2013-06-30,Zip Code: 98177,Multi-Family (2-4 Unit),495000.0,,183.3333333333333,1.0,,,0.99009900990099,0.0
2014-05-01,2014-07-31,Zip Code: 98178,Condo/Co-op,107000.0,53875.0,102.2944550669216,1.0,4.0,2.0,0.8995376208490962,0.0
2023-02-01,2023-04-30,Zip Code: 98116,Single Family Residential,1229997.0,1150000.0,574.764953271028,51.0,65.0,16.0,1.032671779145395,0.4901960784313725
2019-06-01,2019-08-31,Zip Code: 98136,All Residential,680750.0,695000.0,414.9461937026704,118.0,114.0,39.0,1.011060013729736,0.3220338983050847
2012-02-01,2012-04-30,Zip Code: 98126,Condo/Co-op,111000.0,159000.0,162.02437912964228,12.0,17.0,20.0,1.0065217097090635,0.4166666666666666
2016-03-01,2016-05-31,Zip Code: 98133,All Residential,430000.0,424900.0,283.2244008714597,215.0,235.0,41.0,1.053937512897308,0.586046511627907
2013-06-01,2013-08-31,Zip Code: 98106,Townhouse,249400.0,264700.0,171.55172413793105,21.0,20.0,26.0,1.0018697605812956,0.3333333333333333
2013-02-01,2013-04-30,Zip Code: 98108,Townhouse,265000.0,299000.0,180.2721088435374,7.0,13.0,4.0,1.0027026572055242,0.2857142857142857
2012-04-01,2012-06-30,Zip Code: 98104,Condo/Co-op,210600.0,279900.0,290.0,21.0,19.0,23.0,0.9919687633696668,0.1904761904761904
2022-03-01,2022-05-31,Zip Code: 98199,Multi-Family (2-4 Unit),1330000.0,949900.0,499.31992903607335,2.0,3.0,1.0,1.020418816015721,0.5
2018-01-01,2018-03-31,Zip Code: 98115,Condo/Co-op,425419.0,359500.0,479.9382716049384,33.0,36.0,8.0,1.1097220884467995,0.6666666666666666
2017-12-01,2018-02-28,Zip Code: 98125,Multi-Family (2-4 Unit),850000.0,782500.0,300.0,3.0,2.0,,1.0130353817504656,0.3333333333333333
2017-04-01,2017-06-30,Zip Code: 98105,Multi-Family (2-4 Unit),950500.0,876000.0,382.7635327635328,6.0,5.0,1.0,1.0870428681915063,0.8333333333333333
2023-06-01,2023-08-31,Zip Code: 98116,All Residential,970000.0,975000.0,596.4526681660193,98.0,132.0,45.0,1.024078022657961,0.4693877551020408
2022-02-01,2022-04-30,Zip Code: 98118,Single Family Residential,888500.0,799999.5,512.7462340672074,103.0,136.0,26.0,1.1127361103005833,0.6990291262135921
2022-11-01,2023-01-31,Zip Code: 98144,Single Family Residential,853250.0,812000.0,481.39600404943366,38.0,30.0,15.0,0.9910631559699324,0.2894736842105263
2015-05-01,2015-07-31,Zip Code: 98122,All Residential,555000.0,527450.0,428.9769133459836,181.0,182.0,36.0,1.0434959822178724,0.574585635359116
2019-10-01,2019-12-31,Zip Code: 98125,All Residential,599900.0,599950.0,360.6347663414276,116.0,75.0,36.0,0.994768705884126,0.3017241379310344
2021-03-01,2021-05-31,Zip Code: 98199,Townhouse,689950.0,784950.0,606.6012488849242,27.0,33.0,7.0,1.027955380388217,0.5555555555555555
2022-12-01,2023-02-28,Zip Code: 98177,Single Family Residential,930000.0,1295000.0,462.95375972342265,40.0,39.0,18.0,0.9957402751861426,0.275
2020-02-01,2020-04-30,Zip Code: 98112,All Residential,1038000.0,1127497.5,586.1903879416852,76.0,106.0,36.0,1.0244181170679725,0.4342105263157894
2018-11-01,2019-01-31,Zip Code: 98199,Condo/Co-op,462000.0,409000.0,460.29486680051536,10.0,11.0,9.0,0.975695585607752,0.0
2016-08-01,2016-10-31,Zip Code: 98199,Townhouse,600000.0,614000.0,412.0217105786834,14.0,12.0,5.0,1.0387677071479606,0.5714285714285714
2015-11-01,2016-01-31,Zip Code: 98115,Single Family Residential,700000.0,699000.0,333.1360946745562,95.0,69.0,11.0,1.040644533180925,0.5473684210526316
2017-11-01,2018-01-31,Zip Code: 98125,Townhouse,530000.0,522500.0,387.41258741258736,7.0,8.0,,1.116621474367003,0.7142857142857143
2013-06-01,2013-08-31,Zip Code: 98126,Condo/Co-op,151000.0,189950.0,217.3664859346329,14.0,17.0,16.0,0.9946050820991844,0.1428571428571428
2012-10-01,2012-12-31,Zip Code: 98102,All Residential,436000.0,389000.0,336.6058906030856,75.0,61.0,44.0,0.9874892621674746,0.2
2017-02-01,2017-04-30,Zip Code: 98115,All Residential,760000.0,705000.0,427.8996865203762,185.0,215.0,28.0,1.0704312775920202,0.5783783783783784
2012-05-01,2012-07-31,Zip Code: 98199,All Residential,515000.0,549250.0,254.2372881355932,119.0,136.0,92.0,0.9898573665796038,0.3109243697478991
2021-07-01,2021-09-30,Zip Code: 98105,Multi-Family (2-4 Unit),1225000.0,1562500.0,472.00462880541215,2.0,10.0,8.0,0.9901960784313724,0.0
2013-04-01,2013-06-30,Zip Code: 98177,Single Family Residential,471500.0,484250.0,215.0384136212625,82.0,116.0,47.0,1.0005114725286268,0.4390243902439024
2017-10-01,2017-12-31,Zip Code: 98112,Multi-Family (2-4 Unit),1351000.0,,411.94653299916456,2.0,,1.0,1.0216049382716048,0.5
2019-08-01,2019-10-31,Zip Code: 98115,Condo/Co-op,402750.0,425000.0,434.5880635483728,36.0,35.0,26.0,0.991055684151061,0.1388888888888889
2020-10-01,2020-12-31,Zip Code: 98199,Townhouse,739950.0,755000.0,509.9693251533743,19.0,23.0,7.0,0.9983378629121484,0.1578947368421052
2013-07-01,2013-09-30,Zip Code: 98102,Single Family Residential,937500.0,782499.5,322.8312793261349,18.0,24.0,14.0,1.009600069716041,0.4444444444444444
2017-04-01,2017-06-30,Zip Code: 98126,Single Family Residential,580000.0,590000.0,365.1644856468306,92.0,118.0,23.0,1.0853738732000875,0.7391304347826086
2022-09-01,2022-11-30,Zip Code: 98109,Condo/Co-op,470000.0,495000.0,639.7637795275591,35.0,49.0,35.0,0.9755423395882602,0.0571428571428571
2021-12-01,2022-02-28,Zip Code: 98112,Single Family Residential,1695000.0,1547500.0,680.5555555555555,49.0,40.0,9.0,1.0488826717760766,0.3673469387755102
2013-04-01,2013-06-30,Zip Code: 98109,Townhouse,495000.0,525000.0,359.8484848484849,9.0,15.0,6.0,1.001610995747117,0.2222222222222222
2018-06-01,2018-08-31,Zip Code: 98108,Townhouse,638000.0,632000.0,439.6662387676509,33.0,34.0,9.0,1.0029431271985183,0.2121212121212121
2017-10-01,2017-12-31,Zip Code: 98118,Multi-Family (2-4 Unit),652000.0,631950.0,274.91111829347125,4.0,2.0,1.0,0.9907135016146644,0.25
2014-05-01,2014-07-31,Zip Code: 98116,Single Family Residential,600000.0,599925.0,282.96703296703294,91.0,110.0,43.0,1.0146047632030657,0.5054945054945054
2020-10-01,2020-12-31,Zip Code: 98178,All Residential,544526.5,559500.0,302.3298565659379,112.0,78.0,18.0,1.0204748238183945,0.4642857142857143
2019-06-01,2019-08-31,Zip Code: 98177,Townhouse,309000.0,348500.0,321.5400624349636,1.0,2.0,1.0,1.0,0.0
2012-12-01,2013-02-28,Zip Code: 98107,Single Family Residential,454975.0,525000.0,229.28885630498533,18.0,15.0,11.0,0.9976271387594609,0.2222222222222222
2014-11-01,2015-01-31,Zip Code: 98109,Single Family Residential,706500.0,750000.0,329.8090534979424,16.0,16.0,8.0,1.0359228444783095,0.5
2014-05-01,2014-07-31,Zip Code: 98125,Condo/Co-op,177950.0,179900.0,170.45147793224456,20.0,19.0,9.0,0.9930565814041584,0.2
2016-10-01,2016-12-31,Zip Code: 98116,Condo/Co-op,456000.0,492000.0,449.7724927291491,30.0,20.0,5.0,0.9971748390299416,0.2999999999999999
2018-07-01,2018-09-30,Zip Code: 98178,Townhouse,220000.0,219900.0,191.05125977410947,3.0,3.0,3.0,1.0546737213403878,0.3333333333333333
2020-07-01,2020-09-30,Zip Code: 98106,Townhouse,508500.0,519950.0,354.1144414168937,41.0,67.0,30.0,0.9996878743709297,0.1951219512195122
2016-08-01,2016-10-31,Zip Code: 98177,Single Family Residential,676500.0,655600.0,299.16666666666663,72.0,93.0,40.0,1.0165512989069694,0.4305555555555555
2015-12-01,2016-02-29,Zip Code: 98136,Townhouse,502500.0,461250.0,327.21904933219406,6.0,8.0,1.0,1.0055794001907463,0.3333333333333333
2012-02-01,2012-04-30,Zip Code: 98109,Multi-Family (2-4 Unit),842500.0,1100000.0,263.45537119295653,2.0,2.0,2.0,0.9806052469247796,0.0
2020-04-01,2020-06-30,Zip Code: 98199,Single Family Residential,1195000.0,1192500.0,476.1904761904762,85.0,94.0,27.0,0.9956647575471804,0.2705882352941176
2016-02-01,2016-04-30,Zip Code: 98122,Multi-Family (2-4 Unit),735000.0,832500.0,274.914089347079,3.0,8.0,2.0,1.0166666666666666,0.3333333333333333
2015-06-01,2015-08-31,Zip Code: 98117,Single Family Residential,600000.0,598000.0,323.5066498509516,156.0,147.0,24.0,1.0545161947023451,0.641025641025641
2023-04-01,2023-06-30,Zip Code: 98134,Condo/Co-op,343000.0,357500.0,394.9203050785532,4.0,2.0,1.0,0.9901034869821936,0.25
2012-02-01,2012-04-30,Zip Code: 98119,Townhouse,405500.0,399000.0,288.3556931544548,14.0,11.0,2.0,0.9849857175597376,0.3571428571428571
2016-08-01,2016-10-31,Zip Code: 98199,Single Family Residential,911000.0,850000.0,393.7282229965157,83.0,83.0,30.0,1.011377533976528,0.4216867469879518
2021-02-01,2021-04-30,Zip Code: 98112,Multi-Family (2-4 Unit),1098900.0,1200000.0,409.2065693835655,2.0,1.0,,0.9338659420289854,0.0
2013-03-01,2013-05-31,Zip Code: 98177,Single Family Residential,459922.0,521250.0,221.9298245614035,75.0,106.0,48.0,0.9982922514319852,0.3866666666666666
2020-12-01,2021-02-28,Zip Code: 98109,Condo/Co-op,450000.0,488500.0,603.6036036036036,47.0,44.0,33.0,0.9849104328455552,0.1489361702127659
2021-06-01,2021-08-31,Zip Code: 98125,Single Family Residential,884125.0,799950.0,484.30186170212767,146.0,143.0,19.0,1.0912357001985733,0.7123287671232876
2019-04-01,2019-06-30,Zip Code: 98119,Single Family Residential,1272500.0,1259500.0,543.4021138267914,62.0,78.0,28.0,0.9989912775798434,0.3225806451612903
2012-07-01,2012-09-30,Zip Code: 98109,All Residential,390000.0,479990.0,308.67482703565724,91.0,91.0,61.0,0.9860174034844948,0.2637362637362637
2018-09-01,2018-11-30,Zip Code: 98119,Condo/Co-op,484500.0,489375.0,570.3112564936489,36.0,60.0,38.0,0.9854434019716888,0.1111111111111111
2017-07-01,2017-09-30,Zip Code: 98126,All Residential,555000.0,549500.0,366.3793103448276,171.0,167.0,43.0,1.0559742727715753,0.6023391812865497
2018-01-01,2018-03-31,Zip Code: 98122,Condo/Co-op,535500.0,519000.0,736.0436893203884,32.0,35.0,2.0,1.0847591037248197,0.71875
2014-12-01,2015-02-28,Zip Code: 98108,Single Family Residential,320000.0,330000.0,190.251572327044,41.0,48.0,35.0,1.0027887008325225,0.3414634146341463
2020-05-01,2020-07-31,Zip Code: 98119,All Residential,952500.0,899950.0,547.0449172576832,102.0,159.0,72.0,0.9995403108101903,0.2941176470588235
2023-04-01,2023-06-30,Zip Code: 98178,Townhouse,579000.0,675000.0,351.64271047227925,3.0,1.0,,0.9845164391604758,0.3333333333333333
2018-10-01,2018-12-31,Zip Code: 98119,All Residential,785000.0,799000.0,564.5254074784276,63.0,69.0,61.0,0.9824391161383876,0.1111111111111111
2012-05-01,2012-07-31,Zip Code: 98105,Multi-Family (2-4 Unit),655000.0,599900.0,231.12985001056265,4.0,5.0,3.0,0.9922069340219676,0.0
2017-03-01,2017-05-31,Zip Code: 98125,Single Family Residential,660000.0,639475.0,350.7407407407408,79.0,114.0,24.0,1.0865887760125796,0.759493670886076
2013-05-01,2013-07-31,Zip Code: 98102,Townhouse,570100.0,647000.0,363.036303630363,17.0,12.0,11.0,0.9989975556818322,0.2941176470588235
2013-12-01,2014-02-28,Zip Code: 98116,All Residential,479500.0,499000.0,286.6623753000828,78.0,75.0,56.0,0.9867800866072362,0.2435897435897435
2022-08-01,2022-10-31,Zip Code: 98133,Condo/Co-op,370000.0,364900.0,436.5808823529412,21.0,37.0,21.0,0.994378770263982,0.1904761904761904
2019-11-01,2020-01-31,Zip Code: 98136,Townhouse,601000.0,619500.0,453.23741007194246,21.0,22.0,8.0,0.997470692948688,0.1428571428571428
2013-05-01,2013-07-31,Zip Code: 98125,Single Family Residential,371500.0,380000.0,222.7111111111111,120.0,145.0,53.0,1.0245343098171344,0.525
2013-12-01,2014-02-28,Zip Code: 98146,Single Family Residential,308500.0,316750.0,171.403315093917,72.0,64.0,61.0,0.984327968089351,0.2083333333333333
2017-11-01,2018-01-31,Zip Code: 98102,Multi-Family (2-4 Unit),1789000.0,2386000.0,560.8916308203154,2.0,1.0,2.0,1.052162652162652,0.5
2023-02-01,2023-04-30,Zip Code: 98109,Multi-Family (2-4 Unit),1069000.0,885000.0,331.84252597921665,2.0,1.0,,0.975629658072464,0.0
2017-10-01,2017-12-31,Zip Code: 98178,Condo/Co-op,239500.0,187475.0,260.04343105320305,3.0,2.0,2.0,0.9866509619159796,0.0
2013-07-01,2013-09-30,Zip Code: 98118,All Residential,349975.0,325000.0,193.68376068376068,174.0,213.0,146.0,1.0158743977369349,0.4310344827586206
2019-01-01,2019-03-31,Zip Code: 98177,Townhouse,345000.0,492500.0,284.10715823929706,2.0,6.0,4.0,1.0005769549076635,0.5
2015-04-01,2015-06-30,Zip Code: 98106,All Residential,332000.0,339000.0,219.3877551020408,163.0,145.0,31.0,1.0300359020141996,0.5460122699386502
2021-05-01,2021-07-31,Zip Code: 98199,Townhouse,810000.0,789950.0,592.3566878980891,25.0,48.0,19.0,1.0409551888216113,0.52
2019-05-01,2019-07-31,Zip Code: 98107,Single Family Residential,855000.0,850000.0,489.4736842105263,75.0,71.0,18.0,1.0040682805431616,0.2933333333333333
2021-05-01,2021-07-31,Zip Code: 98105,Townhouse,833000.0,799725.0,593.0232558139535,29.0,18.0,4.0,1.0125559532194903,0.3793103448275861
2014-07-01,2014-09-30,Zip Code: 98125,Single Family Residential,429000.0,425000.0,243.4135166093929,111.0,128.0,53.0,1.0215693504521428,0.4864864864864865
2018-08-01,2018-10-31,Zip Code: 98104,All Residential,405000.0,661900.0,666.6666666666665,13.0,29.0,25.0,0.9936430440664468,0.1538461538461538
2014-02-01,2014-04-30,Zip Code: 98118,Townhouse,267000.0,229000.0,160.8649789029536,9.0,9.0,3.0,0.9737361454153056,0.0
2019-01-01,2019-03-31,Zip Code: 98136,Townhouse,565000.0,659000.0,390.40284360189565,13.0,22.0,10.0,0.9970675377197784,0.3076923076923077
2021-08-01,2021-10-31,Zip Code: 98136,Multi-Family (2-4 Unit),980000.0,1500000.0,361.648549635088,2.0,1.0,1.0,1.0106382978723405,0.5
2015-10-01,2015-12-31,Zip Code: 98116,All Residential,601000.0,624950.0,343.811394891945,101.0,95.0,29.0,1.0093285530215006,0.396039603960396
2019-10-01,2019-12-31,Zip Code: 98108,Single Family Residential,625000.0,598500.0,334.97536945812806,61.0,42.0,30.0,0.9829649853969216,0.2459016393442622
2021-11-01,2022-01-31,Zip Code: 98144,Single Family Residential,895000.0,950000.0,564.8648648648649,53.0,37.0,10.0,1.043576361561762,0.5283018867924528
2019-01-01,2019-03-31,Zip Code: 98178,Condo/Co-op,144944.0,152444.0,253.39860139860136,2.0,4.0,2.0,0.9841802986829936,0.5
2015-08-01,2015-10-31,Zip Code: 98118,Single Family Residential,410000.0,414950.0,227.82258064516128,139.0,149.0,63.0,1.016334767005995,0.4172661870503597
2012-09-01,2012-11-30,Zip Code: 98177,Townhouse,248500.0,315000.0,167.92994225619032,2.0,3.0,3.0,0.9793650793650794,0.0
2019-12-01,2020-02-29,Zip Code: 98134,All Residential,450000.0,449000.0,375.0,1.0,1.0,,1.0022271714922049,1.0
2019-08-01,2019-10-31,Zip Code: 98133,Multi-Family (2-4 Unit),710000.0,1120000.0,393.6335403726708,2.0,3.0,2.0,1.0,0.0
2021-09-01,2021-11-30,Zip Code: 98116,All Residential,815000.0,875000.0,519.6629213483145,147.0,135.0,29.0,1.0266683448922886,0.45578231292517
2019-02-01,2019-04-30,Zip Code: 98175,Condo/Co-op,340000.0,,320.45240339302546,1.0,,,0.9444444444444444,0.0
2013-06-01,2013-08-31,Zip Code: 98118,All Residential,350000.0,343725.0,194.9152542372881,161.0,238.0,150.0,1.0103490458324584,0.4161490683229813
2023-05-01,2023-07-31,Zip Code: 98107,Townhouse,820000.0,804000.0,601.4202172096909,63.0,56.0,19.0,1.0014805750134137,0.2222222222222222
2015-10-01,2015-12-31,Zip Code: 98115,Condo/Co-op,237500.0,240000.0,266.86063613941667,34.0,19.0,2.0,1.0184479181328463,0.4411764705882352
2012-12-01,2013-02-28,Zip Code: 98133,Single Family Residential,299900.0,325000.0,191.66666666666663,63.0,69.0,41.0,1.001596903550808,0.3015873015873015
2021-12-01,2022-02-28,Zip Code: 98118,Multi-Family (2-4 Unit),820000.0,1199500.0,350.4273504273504,1.0,2.0,2.0,1.0012210012210012,1.0
2023-06-01,2023-08-31,Zip Code: 98136,Townhouse,719500.0,725000.0,538.1200275512343,14.0,8.0,2.0,0.991358867923044,0.3571428571428571
2015-12-01,2016-02-29,Zip Code: 98177,Single Family Residential,665775.0,698500.0,281.3870715403215,46.0,47.0,17.0,1.0316898657460165,0.4782608695652174
2023-09-01,2023-11-30,Zip Code: 98108,Single Family Residential,677500.0,699000.0,381.4434880422556,40.0,39.0,20.0,0.9966986351262386,0.4
2021-04-01,2021-06-30,Zip Code: 98115,Single Family Residential,1092500.0,950000.0,552.4140196394818,206.0,231.0,22.0,1.0985446257638616,0.703883495145631
2021-10-01,2021-12-31,Zip Code: 98119,All Residential,825000.0,822500.0,592.9878048780488,113.0,68.0,20.0,1.0126821858144168,0.3008849557522124
2015-05-01,2015-07-31,Zip Code: 98116,All Residential,568750.0,585000.0,335.8547655068079,158.0,152.0,49.0,1.0293718328775587,0.5
2022-03-01,2022-05-31,Zip Code: 98112,Single Family Residential,2237500.0,1900000.0,767.2530273672713,60.0,69.0,15.0,1.0922926459835998,0.6333333333333333
2022-09-01,2022-11-30,Zip Code: 98105,Condo/Co-op,500000.0,537500.0,634.9206349206348,17.0,26.0,21.0,0.9844069283118996,0.1176470588235294
2018-05-01,2018-07-31,Zip Code: 98144,Multi-Family (2-4 Unit),562500.0,995000.0,325.97037793667005,2.0,3.0,2.0,0.953731343283582,0.5
2021-04-01,2021-06-30,Zip Code: 98105,All Residential,999999.5,950000.0,573.352430496333,144.0,165.0,35.0,1.05720354481086,0.5763888888888888
2013-05-01,2013-07-31,Zip Code: 98117,Condo/Co-op,235000.0,325000.0,271.7391304347826,11.0,11.0,9.0,0.9890406787370168,0.0909090909090909
2022-09-01,2022-11-30,Zip Code: 98107,Condo/Co-op,477500.0,499950.0,617.0601222826087,20.0,19.0,9.0,0.9844118818277228,0.1
2016-11-01,2017-01-31,Zip Code: 98178,Condo/Co-op,115000.0,115000.0,140.9313725490196,1.0,3.0,1.0,1.0,0.0
2023-10-01,2023-12-31,Zip Code: 98144,Townhouse,700000.0,649950.0,486.48329531886407,24.0,39.0,29.0,0.9910765302474108,0.0833333333333333
2018-12-01,2019-02-28,Zip Code: 98136,Townhouse,565000.0,615000.0,390.40284360189565,11.0,11.0,5.0,0.982887561409483,0.0909090909090909
2021-06-01,2021-08-31,Zip Code: 98107,Multi-Family (2-4 Unit),1050000.0,1160000.0,441.1764705882353,11.0,8.0,3.0,1.00031545266774,0.3636363636363636
2021-10-01,2021-12-31,Zip Code: 98106,Single Family Residential,660000.0,650000.0,436.7924528301887,88.0,63.0,2.0,1.0203565222225712,0.4886363636363636
2019-12-01,2020-02-29,Zip Code: 98134,Condo/Co-op,450000.0,449000.0,375.0,1.0,1.0,,1.0022271714922049,1.0
2016-08-01,2016-10-31,Zip Code: 98115,Townhouse,512000.0,644400.0,374.775,12.0,16.0,6.0,1.017583064832985,0.5833333333333333
2023-12-01,2024-02-29,Zip Code: 98106,Townhouse,609999.0,622450.0,415.0124069478909,11.0,16.0,7.0,0.9971084237604602,0.1818181818181818
2019-06-01,2019-08-31,Zip Code: 98107,Multi-Family (2-4 Unit),792725.0,912475.0,324.3650711424229,4.0,6.0,4.0,0.9554684577266114,0.25
2015-06-01,2015-08-31,Zip Code: 98122,All Residential,546500.0,549500.0,436.241610738255,192.0,188.0,55.0,1.0442863956371362,0.578125
2019-09-01,2019-11-30,Zip Code: 98115,Condo/Co-op,420000.0,376999.5,420.7089552238805,29.0,24.0,16.0,0.9842622552265806,0.0689655172413793
2022-08-01,2022-10-31,Zip Code: 98133,Single Family Residential,795500.0,773500.0,470.9455629759235,96.0,114.0,55.0,0.9972447958572584,0.3020833333333333
2018-09-01,2018-11-30,Zip Code: 98107,All Residential,763500.0,775000.0,542.0588235294117,92.0,147.0,63.0,0.9884056629398366,0.217391304347826
2012-10-01,2012-12-31,Zip Code: 98115,Single Family Residential,480000.0,475000.0,241.72185430463577,143.0,99.0,38.0,0.9961569397617444,0.3496503496503496
2017-05-01,2017-07-31,Zip Code: 98119,All Residential,790000.0,848900.0,520.5128205128206,145.0,133.0,30.0,1.0521350226038304,0.5517241379310344
2019-08-01,2019-10-31,Zip Code: 98177,Condo/Co-op,500000.0,319250.0,309.42821773896753,14.0,2.0,6.0,0.9945151961708468,0.0714285714285714
2016-01-01,2016-03-31,Zip Code: 98126,All Residential,463000.0,435000.0,292.5573584685518,94.0,110.0,25.0,1.0413126802157633,0.5638297872340425
2021-02-01,2021-04-30,Zip Code: 98118,Townhouse,619950.0,665000.0,401.9727891156463,54.0,43.0,16.0,1.0038571984993592,0.2407407407407407
2018-09-01,2018-11-30,Zip Code: 98119,Multi-Family (2-4 Unit),500000.0,1375000.0,236.07176581680832,3.0,5.0,3.0,0.8875986333347452,0.0
2014-02-01,2014-04-30,Zip Code: 98115,Townhouse,412500.0,435000.0,293.7997962217508,10.0,13.0,1.0,1.0230225274537754,0.5
2018-03-01,2018-05-31,Zip Code: 98116,Condo/Co-op,465500.0,437475.0,577.8765432098766,32.0,40.0,9.0,1.0536598067475345,0.59375
2015-01-01,2015-03-31,Zip Code: 98117,All Residential,560000.0,525000.0,308.81017257039053,109.0,136.0,17.0,1.029287292336745,0.4862385321100917
2013-04-01,2013-06-30,Zip Code: 98144,Multi-Family (2-4 Unit),400000.0,425000.0,147.9591836734694,5.0,11.0,5.0,1.0071926068430217,0.5999999999999999
2019-08-01,2019-10-31,Zip Code: 98119,Single Family Residential,1250000.0,1149000.0,527.5974025974026,37.0,62.0,26.0,0.9987618317455544,0.3243243243243243
2018-02-01,2018-04-30,Zip Code: 98146,Condo/Co-op,230000.0,225000.0,255.9726962457338,5.0,8.0,2.0,1.060027071868523,0.8
2021-07-01,2021-09-30,Zip Code: 98122,Townhouse,785000.0,849974.5,578.391551584078,69.0,70.0,20.0,1.0019195565930938,0.2318840579710145
2016-10-01,2016-12-31,Zip Code: 98133,Single Family Residential,508500.0,495000.0,302.3772204806687,122.0,91.0,13.0,1.0274108813500873,0.5327868852459016
2019-09-01,2019-11-30,Zip Code: 98146,All Residential,500000.0,495000.0,292.8229383474448,86.0,71.0,39.0,0.9965758957444982,0.2906976744186046
2018-07-01,2018-09-30,Zip Code: 98177,Single Family Residential,771250.0,775000.0,381.95157584932826,70.0,97.0,51.0,1.0063691418045753,0.3714285714285714
2020-05-01,2020-07-31,Zip Code: 98105,Multi-Family (2-4 Unit),1287500.0,1150000.0,373.21145530174505,4.0,7.0,3.0,0.9669117647058824,0.0
2015-07-01,2015-09-30,Zip Code: 98177,Multi-Family (2-4 Unit),743000.0,,225.1515151515152,1.0,,,1.0629470672389127,1.0
2019-08-01,2019-10-31,Zip Code: 98108,Condo/Co-op,985000.0,500800.0,303.1702062172976,1.0,5.0,5.0,0.9850049250246252,0.0
2023-07-01,2023-09-30,Zip Code: 98117,All Residential,899000.0,877450.0,568.8775510204082,149.0,158.0,79.0,1.0157119183636938,0.3557046979865771
2020-11-01,2021-01-31,Zip Code: 98104,Condo/Co-op,519000.0,585000.0,584.5843799287342,20.0,21.0,36.0,0.9631336809301454,0.05
2018-04-01,2018-06-30,Zip Code: 98108,Multi-Family (2-4 Unit),811000.0,412400.0,368.6363636363636,1.0,2.0,2.0,1.247711503253896,1.0
2017-07-01,2017-09-30,Zip Code: 98117,Single Family Residential,758050.0,700000.0,414.8015480895916,166.0,157.0,31.0,1.0580258282057178,0.6265060240963854
2015-11-01,2016-01-31,Zip Code: 98109,Multi-Family (2-4 Unit),963000.0,900000.0,454.245283018868,1.0,1.0,1.0,1.07,1.0
2018-06-01,2018-08-31,Zip Code: 98112,Multi-Family (2-4 Unit),1162500.0,1300000.0,933.4976765272584,4.0,7.0,2.0,1.00625,0.25
2012-01-01,2012-03-31,Zip Code: 98133,Condo/Co-op,79900.0,114900.0,109.3951093951094,13.0,35.0,30.0,0.9827828625029524,0.1538461538461538
2022-07-01,2022-09-30,Zip Code: 98118,All Residential,795000.0,720000.0,459.84455958549216,121.0,150.0,81.0,0.9999111730244544,0.2892561983471074
2015-09-01,2015-11-30,Zip Code: 98106,Multi-Family (2-4 Unit),382500.0,355000.0,183.1306990881459,2.0,3.0,3.0,0.9530360531309297,0.0
2018-05-01,2018-07-31,Zip Code: 98115,Condo/Co-op,449975.0,415000.0,479.3142801488879,34.0,37.0,15.0,1.0516993692924688,0.7058823529411765
2016-07-01,2016-09-30,Zip Code: 98107,Townhouse,651000.0,625000.0,462.7659574468085,37.0,43.0,10.0,1.0321320408601993,0.5405405405405405
2013-05-01,2013-07-31,Zip Code: 98118,Condo/Co-op,137000.0,190000.0,131.73076923076923,3.0,6.0,4.0,0.9712126264310325,0.0
2018-05-01,2018-07-31,Zip Code: 98177,Condo/Co-op,375600.0,299950.0,328.9302016311443,6.0,7.0,1.0,0.985627348056274,0.1666666666666666
2016-10-01,2016-12-31,Zip Code: 98125,Townhouse,420000.0,394876.0,314.37125748503,13.0,7.0,,1.0396486232079465,0.5384615384615384
2020-02-01,2020-04-30,Zip Code: 98122,Townhouse,767000.0,759000.0,597.6436152291105,44.0,50.0,14.0,1.0075136670848412,0.2954545454545454
2017-04-01,2017-06-30,Zip Code: 98115,Single Family Residential,845000.0,799000.0,418.6602870813397,159.0,187.0,30.0,1.112218463370188,0.7547169811320755
2019-07-01,2019-09-30,Zip Code: 98102,Condo/Co-op,449000.0,459000.0,650.0,81.0,85.0,54.0,0.985723298719731,0.1481481481481481
2020-04-01,2020-06-30,Zip Code: 98108,Multi-Family (2-4 Unit),450000.0,739000.0,89.89212944466638,1.0,1.0,,,0.0
2023-10-01,2023-12-31,Zip Code: 98178,Townhouse,265000.0,672000.0,230.23457862728063,1.0,3.0,3.0,1.0197014006464522,1.0
2014-04-01,2014-06-30,Zip Code: 98126,Condo/Co-op,217500.0,227500.0,265.9485134275259,14.0,28.0,15.0,0.9776635002456036,0.2857142857142857
2021-07-01,2021-09-30,Zip Code: 98112,Single Family Residential,1762500.0,1695000.0,639.8154114391843,88.0,83.0,22.0,1.0313497800372555,0.3977272727272727
2023-12-01,2024-02-29,Zip Code: 98177,Single Family Residential,1045000.0,1044000.0,527.49984423676,36.0,26.0,9.0,1.0130342938958383,0.3333333333333333
2022-01-01,2022-03-31,Zip Code: 98105,Condo/Co-op,480000.0,469500.0,598.716619134042,22.0,18.0,8.0,0.9896989483366564,0.3181818181818181
2013-07-01,2013-09-30,Zip Code: 98109,Condo/Co-op,317500.0,320000.0,369.39297903461727,60.0,81.0,45.0,0.9903697861232726,0.25
2014-10-01,2014-12-31,Zip Code: 98105,Multi-Family (2-4 Unit),1088000.0,739999.0,295.6214809645819,6.0,3.0,2.0,1.061491571904038,0.5
2013-01-01,2013-03-31,Zip Code: 98102,Condo/Co-op,275000.0,284475.0,355.3499768482791,45.0,66.0,28.0,0.998297799693641,0.3111111111111111
2012-03-01,2012-05-31,Zip Code: 98116,Multi-Family (2-4 Unit),320000.0,657500.0,183.90804597701148,1.0,2.0,3.0,0.9411764705882352,0.0
2019-04-01,2019-06-30,Zip Code: 98108,All Residential,590000.0,597000.0,355.5840115850306,100.0,136.0,69.0,1.0070329697474218,0.37
2013-09-01,2013-11-30,Zip Code: 98105,All Residential,495000.0,549000.0,297.029702970297,77.0,79.0,28.0,0.994990019931137,0.2727272727272727
2014-01-01,2014-03-31,Zip Code: 98177,Condo/Co-op,229000.0,294500.0,174.27701674277017,3.0,2.0,,0.9797979797979796,0.0
2013-05-01,2013-07-31,Zip Code: 98106,Condo/Co-op,160950.0,174995.0,210.76632653061225,3.0,5.0,2.0,0.9688279786402836,0.3333333333333333
2016-04-01,2016-06-30,Zip Code: 98177,Single Family Residential,678000.0,729500.0,283.48214285714283,87.0,114.0,32.0,1.0417436933392117,0.5057471264367815
2019-09-01,2019-11-30,Zip Code: 98108,Multi-Family (2-4 Unit),537475.0,750000.0,239.9033623005767,2.0,1.0,,0.9573170731707316,0.0
2018-07-01,2018-09-30,Zip Code: 98122,Townhouse,773000.0,759000.0,553.2255558014797,24.0,49.0,27.0,1.0073401924455148,0.4583333333333333
2021-09-01,2021-11-30,Zip Code: 98133,All Residential,720000.0,699950.0,443.88122375524887,272.0,234.0,30.0,1.0231126193049926,0.4227941176470588
2021-11-01,2022-01-31,Zip Code: 98117,Single Family Residential,999999.0,900000.0,541.7582417582418,89.0,49.0,6.0,1.0709425510166517,0.5730337078651685
2017-03-01,2017-05-31,Zip Code: 98106,All Residential,505250.0,450000.0,304.78677789038744,128.0,146.0,26.0,1.0675893550061637,0.6484375
2020-05-01,2020-07-31,Zip Code: 98118,All Residential,619950.0,657500.0,364.28571428571433,151.0,202.0,76.0,1.0109516390196014,0.390728476821192
2020-11-01,2021-01-31,Zip Code: 98102,Condo/Co-op,492500.0,523475.0,617.9831097863885,42.0,46.0,41.0,0.9855100754086206,0.0952380952380952
2022-09-01,2022-11-30,Zip Code: 98104,All Residential,352475.0,624950.0,589.4347566882777,18.0,34.0,41.0,0.9714132700990112,0.0555555555555555
2018-10-01,2018-12-31,Zip Code: 98112,Single Family Residential,1460000.0,1499900.0,513.8888888888889,43.0,37.0,24.0,0.96363993767485,0.0232558139534883
2021-02-01,2021-04-30,Zip Code: 98133,Single Family Residential,735000.0,699950.0,452.6980798940632,108.0,139.0,27.0,1.0926007956822608,0.7592592592592593
2013-07-01,2013-09-30,Zip Code: 98106,Single Family Residential,270000.0,274500.0,189.20987654320987,75.0,92.0,64.0,1.0007099329777545,0.3333333333333333
2022-10-01,2022-12-31,Zip Code: 98107,Townhouse,780000.0,779950.0,603.5870516185477,31.0,31.0,16.0,0.9918355692031664,0.032258064516129
2022-06-01,2022-08-31,Zip Code: 98109,All Residential,850000.0,748500.0,710.2539981185324,75.0,134.0,75.0,1.011673495321104,0.3733333333333333
2021-09-01,2021-11-30,Zip Code: 98177,Multi-Family (2-4 Unit),1202000.0,1202000.0,509.3220338983051,1.0,1.0,,1.0,0.0
2017-10-01,2017-12-31,Zip Code: 98175,All Residential,610000.0,499000.0,420.6896551724138,1.0,1.0,,1.222444889779559,1.0
2014-12-01,2015-02-28,Zip Code: 98122,Condo/Co-op,296000.0,295000.0,434.2523860021209,32.0,33.0,14.0,0.9869834804917876,0.3125
2012-08-01,2012-10-31,Zip Code: 98106,Townhouse,168750.0,249975.0,124.05228758169936,14.0,14.0,16.0,0.9825445356228598,0.1428571428571428
2017-12-01,2018-02-28,Zip Code: 98119,Townhouse,899950.0,1019500.0,583.3529758397171,9.0,10.0,5.0,1.0057215813870208,0.2222222222222222
2016-03-01,2016-05-31,Zip Code: 98133,Multi-Family (2-4 Unit),469000.0,449950.0,192.90123456790124,3.0,3.0,1.0,1.0084327764518697,0.3333333333333333
2018-04-01,2018-06-30,Zip Code: 98146,Condo/Co-op,235000.0,227500.0,255.9726962457338,9.0,8.0,2.0,1.059723102665848,0.7777777777777777
2023-07-01,2023-09-30,Zip Code: 98177,Townhouse,609950.0,625000.0,538.7693648537052,4.0,1.0,1.0,0.9960353434625472,0.25
2012-05-01,2012-07-31,Zip Code: 98117,Condo/Co-op,500000.0,234950.0,353.125,3.0,6.0,5.0,0.929061548386778,0.0
2012-05-01,2012-07-31,Zip Code: 98133,All Residential,276000.0,289450.0,175.15923566878982,157.0,182.0,92.0,1.0013210838949331,0.3184713375796178
2012-03-01,2012-05-31,Zip Code: 98133,Condo/Co-op,91000.0,119900.0,113.62168502078885,26.0,31.0,30.0,0.9803081693713888,0.1923076923076923
2022-09-01,2022-11-30,Zip Code: 98105,Townhouse,860000.0,889950.0,573.3333333333334,7.0,7.0,4.0,0.9946598798007996,0.4285714285714285
2014-02-01,2014-04-30,Zip Code: 98122,Multi-Family (2-4 Unit),506250.0,699000.0,225.0420001442065,4.0,3.0,3.0,0.934899733902134,0.0
2012-03-01,2012-05-31,Zip Code: 98146,Single Family Residential,249000.0,239000.0,132.57575757575756,59.0,89.0,81.0,0.9946024947758114,0.2372881355932203
2016-04-01,2016-06-30,Zip Code: 98144,Single Family Residential,635000.0,627000.0,340.7643312101911,75.0,98.0,23.0,1.0429123949187733,0.52
2014-05-01,2014-07-31,Zip Code: 98121,All Residential,351750.0,449000.0,470.0046362492354,100.0,164.0,83.0,0.9914193930193272,0.25
2018-08-01,2018-10-31,Zip Code: 98119,Multi-Family (2-4 Unit),875000.0,1272500.0,326.3692162417375,4.0,4.0,,0.9156989750010588,0.0
2023-07-01,2023-09-30,Zip Code: 98119,All Residential,869000.0,900000.0,610.8312342569269,57.0,99.0,58.0,0.9895036269009608,0.2105263157894736
2016-12-01,2017-02-28,Zip Code: 98125,Single Family Residential,578000.0,555000.0,305.7291666666667,59.0,44.0,11.0,1.02831412850469,0.423728813559322
2020-02-01,2020-04-30,Zip Code: 98108,Townhouse,544000.0,544999.5,452.5656839768101,16.0,20.0,6.0,1.0223085679545725,0.3125
2018-08-01,2018-10-31,Zip Code: 98118,All Residential,565000.0,599000.0,363.6363636363636,129.0,180.0,107.0,0.9909060075439906,0.3100775193798449
2019-03-01,2019-05-31,Zip Code: 98177,Condo/Co-op,778500.0,971456.0,343.88465646137416,10.0,18.0,15.0,0.9941144467854868,0.2
2015-04-01,2015-06-30,Zip Code: 98125,Single Family Residential,470000.0,450000.0,284.61538461538464,119.0,131.0,30.0,1.0414596717362323,0.6302521008403361
2021-12-01,2022-02-28,Zip Code: 98104,Condo/Co-op,409950.0,447475.0,672.5352112676056,27.0,44.0,35.0,0.9982830777401688,0.2592592592592592
2019-06-01,2019-08-31,Zip Code: 98122,All Residential,797800.0,754975.0,557.288101968953,138.0,154.0,84.0,1.0029570476258547,0.2463768115942029
2020-01-01,2020-03-31,Zip Code: 98105,Single Family Residential,987500.0,994758.5,479.4456535654846,36.0,60.0,17.0,1.0171599458166765,0.4166666666666666
2016-12-01,2017-02-28,Zip Code: 98115,Condo/Co-op,331100.0,289500.0,338.1294964028777,27.0,20.0,2.0,1.0372231482122831,0.4814814814814814
2018-08-01,2018-10-31,Zip Code: 98125,Condo/Co-op,317500.0,349950.0,371.25154418242334,22.0,34.0,16.0,1.00642887896494,0.2727272727272727
2022-03-01,2022-05-31,Zip Code: 98125,All Residential,850000.0,849999.0,500.78864353312304,177.0,179.0,26.0,1.1006830449495508,0.6610169491525423
2019-01-01,2019-03-31,Zip Code: 98125,All Residential,615250.0,649998.0,371.47489363494674,78.0,87.0,44.0,0.9907791441099668,0.282051282051282
2021-01-01,2021-03-31,Zip Code: 98144,Single Family Residential,868000.0,875000.0,499.8074701578745,50.0,53.0,8.0,1.05342437143854,0.52
2016-02-01,2016-04-30,Zip Code: 98199,Single Family Residential,840000.0,869000.0,362.4134092033647,56.0,77.0,28.0,1.038056999564141,0.4464285714285714
2019-08-01,2019-10-31,Zip Code: 98108,Single Family Residential,599000.0,599990.0,326.0869565217392,59.0,65.0,50.0,0.9939605083764884,0.2542372881355932
2018-11-01,2019-01-31,Zip Code: 98144,All Residential,705000.0,689000.0,447.998595505618,99.0,85.0,66.0,0.9825544107824562,0.1313131313131313
2020-08-01,2020-10-31,Zip Code: 98133,Condo/Co-op,296500.0,288975.0,373.25345815285726,44.0,50.0,22.0,0.9926565703706018,0.2954545454545454
2021-07-01,2021-09-30,Zip Code: 98108,Condo/Co-op,550000.0,428800.0,375.5215577190542,3.0,18.0,,1.0234920634920637,0.3333333333333333
2012-02-01,2012-04-30,Zip Code: 98106,Townhouse,170000.0,216000.0,131.57894736842104,13.0,17.0,14.0,0.9889831457231406,0.2307692307692307
2020-02-01,2020-04-30,Zip Code: 98177,Condo/Co-op,630000.0,525000.0,290.0894188898719,2.0,5.0,4.0,0.9875048750487504,0.0
2013-03-01,2013-05-31,Zip Code: 98116,All Residential,448725.0,497888.0,267.6195891921698,108.0,149.0,85.0,1.0004405019253586,0.3425925925925926
2022-04-01,2022-06-30,Zip Code: 98199,All Residential,1260000.0,1192000.0,634.7342055634135,142.0,194.0,63.0,1.0786086236211263,0.6267605633802817
2014-01-01,2014-03-31,Zip Code: 98108,Single Family Residential,345000.0,309000.0,200.763358778626,39.0,59.0,31.0,1.000580643389958,0.282051282051282
2018-08-01,2018-10-31,Zip Code: 98126,Single Family Residential,645000.0,625000.0,371.22375832053245,75.0,110.0,68.0,0.9957719700164585,0.2399999999999999
2012-01-01,2012-03-31,Zip Code: 98122,All Residential,307500.0,466500.0,248.65250475586555,70.0,106.0,82.0,0.9680335250071748,0.1571428571428571
2020-10-01,2020-12-31,Zip Code: 98144,All Residential,753250.0,699000.0,476.72371209586186,152.0,122.0,59.0,1.0112210720201318,0.3026315789473684
2019-10-01,2019-12-31,Zip Code: 98136,Condo/Co-op,337500.0,420000.0,478.1772038319097,6.0,7.0,4.0,1.0007356866847852,0.5
2021-11-01,2022-01-31,Zip Code: 98118,Condo/Co-op,347500.0,,521.5906353187931,8.0,,,0.9608005816955956,0.125
2020-11-01,2021-01-31,Zip Code: 98126,Townhouse,589000.0,625000.0,390.4761904761905,21.0,31.0,12.0,1.0012463725068632,0.238095238095238
2015-05-01,2015-07-31,Zip Code: 98107,Townhouse,580000.0,552475.0,405.6728232189973,39.0,38.0,4.0,1.050580303872754,0.5641025641025641
2019-01-01,2019-03-31,Zip Code: 98108,Townhouse,578000.0,599475.0,438.2978723404256,15.0,20.0,9.0,0.9854278297620652,0.0
2017-02-01,2017-04-30,Zip Code: 98178,Townhouse,129950.0,139999.0,115.92328278322924,1.0,3.0,1.0,1.0833680700291788,1.0
2016-06-01,2016-08-31,Zip Code: 98178,Townhouse,239500.0,237470.0,201.26050420168065,4.0,4.0,,1.0043842071691371,0.25
2014-11-01,2015-01-31,Zip Code: 98118,Townhouse,250000.0,297475.0,179.3400286944046,3.0,6.0,2.0,0.9971791804803852,0.6666666666666666
2020-12-01,2021-02-28,Zip Code: 98122,Townhouse,798000.0,800000.0,536.4454976303317,45.0,45.0,12.0,0.9994094901745568,0.2222222222222222
2022-04-01,2022-06-30,Zip Code: 98118,Townhouse,807495.0,699000.0,526.3959075391169,38.0,50.0,23.0,1.023512714822939,0.3947368421052631
2023-08-01,2023-10-31,Zip Code: 98136,Multi-Family (2-4 Unit),896000.0,1300000.0,378.05907172995774,1.0,3.0,2.0,1.055359246171967,1.0
2016-08-01,2016-10-31,Zip Code: 98144,Single Family Residential,619944.0,619000.0,354.052452215143,76.0,91.0,31.0,1.0225281135944082,0.4342105263157894
2023-10-01,2023-12-31,Zip Code: 98119,All Residential,1195000.0,1180000.0,582.4647455548743,53.0,47.0,35.0,0.9908719035467856,0.1320754716981132
2015-02-01,2015-04-30,Zip Code: 98109,All Residential,418975.0,429500.0,428.4320542751922,74.0,111.0,36.0,1.0081674419778226,0.4189189189189189
2018-08-01,2018-10-31,Zip Code: 98102,Multi-Family (2-4 Unit),1525000.0,2250000.0,837.9120879120878,3.0,6.0,4.0,0.9498607242339832,0.0
2013-08-01,2013-10-31,Zip Code: 98146,Condo/Co-op,247000.0,236000.0,244.85329853583096,6.0,7.0,8.0,0.9844827332183604,0.0
2016-04-01,2016-06-30,Zip Code: 98108,Multi-Family (2-4 Unit),343950.0,550000.0,140.2707301980198,2.0,3.0,1.0,1.060130260521042,0.5
2018-04-01,2018-06-30,Zip Code: 98108,Townhouse,705000.0,629000.0,470.43010752688167,19.0,39.0,18.0,1.0467460551963683,0.4736842105263157
2014-10-01,2014-12-31,Zip Code: 98178,Single Family Residential,284000.0,259000.0,167.92035700617788,96.0,79.0,54.0,0.9931309464904972,0.3229166666666666
2021-04-01,2021-06-30,Zip Code: 98146,Condo/Co-op,320000.0,315000.0,309.0332805071316,13.0,19.0,6.0,1.0546533458626122,0.5384615384615384
2015-05-01,2015-07-31,Zip Code: 98136,Townhouse,418500.0,414500.0,317.4478363655052,16.0,12.0,3.0,1.0290502335965963,0.6875
2022-03-01,2022-05-31,Zip Code: 98108,All Residential,730000.0,750000.0,467.34478125848864,94.0,97.0,20.0,1.0633974431043838,0.6914893617021277
2023-09-01,2023-11-30,Zip Code: 98105,Condo/Co-op,420000.0,477500.0,570.5996131528046,11.0,19.0,17.0,0.9926966651123152,0.2727272727272727
2021-09-01,2021-11-30,Zip Code: 98117,Single Family Residential,971000.0,925000.0,533.9251321917568,168.0,149.0,12.0,1.0592023085443885,0.5654761904761904
2017-11-01,2018-01-31,Zip Code: 98102,Condo/Co-op,450000.0,438500.0,637.6219054763691,43.0,44.0,10.0,1.0270117585924192,0.5116279069767442
2017-07-01,2017-09-30,Zip Code: 98109,All Residential,630000.0,636999.5,571.3740458015267,103.0,117.0,35.0,1.0496109268840994,0.5048543689320388
2019-08-01,2019-10-31,Zip Code: 98144,Multi-Family (2-4 Unit),1267500.0,1500000.0,361.0453964194373,2.0,3.0,2.0,0.9519190600522192,0.0
2013-06-01,2013-08-31,Zip Code: 98107,Townhouse,462000.0,468000.0,311.96581196581195,37.0,41.0,2.0,1.0209159166036614,0.5675675675675675
2020-07-01,2020-09-30,Zip Code: 98118,Condo/Co-op,376000.0,330000.0,423.6006051437216,11.0,11.0,3.0,0.9905433030380628,0.2727272727272727
2017-12-01,2018-02-28,Zip Code: 98199,Multi-Family (2-4 Unit),650000.0,,367.2316384180791,1.0,,,1.0007698229407236,1.0
2023-08-01,2023-10-31,Zip Code: 98105,Condo/Co-op,458750.0,490000.0,677.1928493811829,10.0,24.0,19.0,0.9976290530894468,0.2999999999999999
2019-06-01,2019-08-31,Zip Code: 98125,Townhouse,499000.0,525000.0,386.46616541353376,7.0,11.0,9.0,0.9974709506240536,0.1428571428571428
2019-08-01,2019-10-31,Zip Code: 98177,All Residential,737925.0,749950.0,333.8648356625259,96.0,82.0,51.0,1.0001521147925312,0.2395833333333333
2021-01-01,2021-03-31,Zip Code: 98102,Condo/Co-op,495000.0,465000.0,621.4953271028037,59.0,105.0,61.0,0.9851784749350688,0.1016949152542372
2022-03-01,2022-05-31,Zip Code: 98106,Single Family Residential,763500.0,740000.0,498.0613744946711,92.0,113.0,18.0,1.1001987420299548,0.6739130434782608
2012-09-01,2012-11-30,Zip Code: 98115,Single Family Residential,469000.0,495000.0,250.0,139.0,155.0,48.0,0.9979110640790978,0.3669064748201438
2020-03-01,2020-05-31,Zip Code: 98106,Condo/Co-op,335975.0,299950.0,346.7750022889704,2.0,3.0,2.0,1.0254237288135593,0.5
2019-04-01,2019-06-30,Zip Code: 98115,All Residential,789000.0,775000.0,458.1046235543415,222.0,315.0,119.0,1.01097875384637,0.3693693693693693
2023-02-01,2023-04-30,Zip Code: 98178,Townhouse,497000.0,579500.0,387.86532312039856,2.0,1.0,,0.9658617762964948,0.0
2015-11-01,2016-01-31,Zip Code: 98133,Single Family Residential,447000.0,425000.0,250.41186161449752,103.0,68.0,25.0,1.0375155566375809,0.6504854368932039
2017-07-01,2017-09-30,Zip Code: 98122,Single Family Residential,930000.0,917000.0,471.4714714714714,61.0,68.0,15.0,1.0832496483106333,0.6229508196721311
2018-10-01,2018-12-31,Zip Code: 98109,Townhouse,865000.0,994950.0,598.5915492957746,11.0,11.0,7.0,0.984259753034832,0.0909090909090909
2014-03-01,2014-05-31,Zip Code: 98104,Condo/Co-op,279000.0,384000.0,404.7619047619048,19.0,20.0,18.0,0.96002033640723,0.1578947368421052
2022-04-01,2022-06-30,Zip Code: 98117,Multi-Family (2-4 Unit),1330000.0,1275000.0,436.23670585763847,4.0,5.0,4.0,1.0357187121610196,1.0
2022-02-01,2022-04-30,Zip Code: 98107,Townhouse,980000.0,926750.0,659.264399722415,71.0,70.0,4.0,1.0616408900751244,0.5211267605633803
2023-05-01,2023-07-31,Zip Code: 98115,Condo/Co-op,450000.0,492500.0,499.2867332382312,31.0,38.0,13.0,1.0059146937343324,0.3225806451612903
2013-11-01,2014-01-31,Zip Code: 98109,All Residential,426000.0,356997.5,350.3562945368171,81.0,60.0,44.0,0.9898648106077136,0.2962962962962962
2013-06-01,2013-08-31,Zip Code: 98133,Condo/Co-op,143500.0,171225.0,169.84191655801823,30.0,40.0,20.0,0.9898075995133032,0.3666666666666666
2022-03-01,2022-05-31,Zip Code: 98178,All Residential,726000.0,699000.0,384.95575221238937,83.0,117.0,22.0,1.1034383883219303,0.7710843373493976
2020-09-01,2020-11-30,Zip Code: 98116,Townhouse,675000.0,725000.0,470.70453896495326,22.0,17.0,4.0,0.9957052770557658,0.0909090909090909
2021-09-01,2021-11-30,Zip Code: 98115,Townhouse,754000.0,748950.0,595.0413223140496,29.0,21.0,8.0,1.0062859731071565,0.2758620689655172
2012-10-01,2012-12-31,Zip Code: 98136,Townhouse,355000.0,425000.0,216.46341463414635,7.0,7.0,6.0,0.9810715590603007,0.1428571428571428
2012-06-01,2012-08-31,Zip Code: 98119,Single Family Residential,655000.0,629000.0,290.09584664536743,41.0,41.0,27.0,0.9924498477102291,0.3658536585365853
2020-06-01,2020-08-31,Zip Code: 98102,Condo/Co-op,475000.0,479950.0,635.3166986564299,71.0,113.0,69.0,0.9946965206337816,0.1690140845070422
2012-12-01,2013-02-28,Zip Code: 98126,Condo/Co-op,158000.0,129950.0,219.3251533742332,11.0,8.0,3.0,0.9895218309808456,0.2727272727272727
2014-10-01,2014-12-31,Zip Code: 98105,Condo/Co-op,335000.0,349000.0,320.9136822773186,17.0,11.0,3.0,0.9762241814748008,0.4705882352941176
2015-05-01,2015-07-31,Zip Code: 98116,Condo/Co-op,328437.5,378000.0,378.9353352569895,34.0,39.0,16.0,0.9956637414537836,0.3235294117647059
2018-01-01,2018-03-31,Zip Code: 98126,Single Family Residential,715000.0,629475.0,398.9690721649485,59.0,82.0,18.0,1.0417007177721824,0.5423728813559322
2019-07-01,2019-09-30,Zip Code: 98125,Single Family Residential,660000.0,699950.0,362.4595469255663,111.0,105.0,61.0,0.9975541046741948,0.2612612612612612
2023-12-01,2024-02-29,Zip Code: 98115,All Residential,920000.0,899000.0,552.5810175557481,112.0,143.0,41.0,1.0204099640307067,0.3571428571428571
2015-08-01,2015-10-31,Zip Code: 98119,Condo/Co-op,375050.0,379900.0,439.2407382915041,52.0,51.0,11.0,1.0143140473886756,0.4615384615384615
2014-11-01,2015-01-31,Zip Code: 98125,All Residential,395000.0,399000.0,243.2173893960674,110.0,73.0,29.0,0.9950720816304368,0.2727272727272727
2021-09-01,2021-11-30,Zip Code: 98109,All Residential,725000.0,671974.5,645.5844759470137,109.0,104.0,43.0,1.0120761756551968,0.3486238532110091
2019-10-01,2019-12-31,Zip Code: 98118,All Residential,560000.0,575000.0,384.61538461538464,139.0,97.0,48.0,0.9908950881341032,0.2014388489208633
2015-01-01,2015-03-31,Zip Code: 98117,Townhouse,449000.0,439000.0,314.632359012468,16.0,16.0,4.0,1.0138503343407388,0.4375
2017-06-01,2017-08-31,Zip Code: 98178,Townhouse,353000.0,254950.0,224.85688864331647,2.0,1.0,,1.047164957373418,1.0
2017-04-01,2017-06-30,Zip Code: 98125,Townhouse,503300.0,429900.0,359.55056179775283,19.0,21.0,1.0,1.1278539589635508,0.894736842105263
2021-02-01,2021-04-30,Zip Code: 98199,Single Family Residential,1424000.0,1301000.0,547.6923076923077,109.0,113.0,24.0,1.05784563523972,0.5229357798165137
2018-05-01,2018-07-31,Zip Code: 98125,Townhouse,550000.0,499000.0,426.3565891472868,17.0,19.0,3.0,1.0711651682437489,0.6470588235294118
2013-05-01,2013-07-31,Zip Code: 98117,Single Family Residential,465000.0,485000.0,253.78486055776887,189.0,192.0,38.0,1.0265218769222493,0.5925925925925924
2012-05-01,2012-07-31,Zip Code: 98118,Single Family Residential,282431.0,294790.0,160.42444029850745,123.0,140.0,111.0,0.9983587841257504,0.3089430894308943
2022-10-01,2022-12-31,Zip Code: 98108,Townhouse,657000.0,597450.0,465.87926509186354,11.0,14.0,4.0,0.9888310289421156,0.0909090909090909
2022-10-01,2022-12-31,Zip Code: 98102,All Residential,802500.0,645000.0,614.7365528030739,44.0,35.0,33.0,0.9670283036542356,0.0454545454545454
2018-09-01,2018-11-30,Zip Code: 98177,Condo/Co-op,537500.0,646750.0,338.2183908045977,2.0,8.0,3.0,0.9902985609916836,0.5
2012-11-01,2013-01-31,Zip Code: 98109,Townhouse,877500.0,525000.0,335.2524972253052,2.0,5.0,3.0,0.9607816021096396,0.0
2023-12-01,2024-02-29,Zip Code: 98125,Condo/Co-op,435000.0,544000.0,505.85556278464543,11.0,18.0,8.0,0.9959716932642212,0.2727272727272727
2015-12-01,2016-02-29,Zip Code: 98133,Townhouse,396444.0,379950.0,301.93333333333334,6.0,11.0,2.0,1.031975393136331,0.8333333333333333
2013-08-01,2013-10-31,Zip Code: 98144,Townhouse,372000.0,369475.0,283.33333333333326,35.0,34.0,15.0,0.9989529768937516,0.2857142857142857
2020-04-01,2020-06-30,Zip Code: 98112,Condo/Co-op,600000.0,729000.0,775.6818173170946,14.0,21.0,14.0,0.9929873715435864,0.2142857142857142
2021-01-01,2021-03-31,Zip Code: 98105,Townhouse,739000.0,785000.0,496.5517241379311,21.0,13.0,5.0,1.0018499427897594,0.4285714285714285
2014-04-01,2014-06-30,Zip Code: 98146,All Residential,285000.0,289000.0,177.8245406046236,107.0,145.0,77.0,0.9906104495857394,0.2710280373831775
2022-06-01,2022-08-31,Zip Code: 98116,Condo/Co-op,637475.0,660000.0,541.5936425357368,24.0,51.0,19.0,0.9922284551305912,0.2083333333333333
2019-07-01,2019-09-30,Zip Code: 98104,Condo/Co-op,579000.0,610000.0,581.0126582278481,17.0,27.0,49.0,0.9937096239926844,0.3529411764705882
2022-03-01,2022-05-31,Zip Code: 98102,Multi-Family (2-4 Unit),1600000.0,1672500.0,589.3617021276596,3.0,4.0,4.0,1.0595744680851065,0.3333333333333333
2018-05-01,2018-07-31,Zip Code: 98104,Condo/Co-op,735950.0,599000.0,778.3117809311055,24.0,27.0,21.0,1.0131431522611236,0.25
2019-10-01,2019-12-31,Zip Code: 98112,Single Family Residential,1592500.0,1325000.0,570.0004375027344,64.0,38.0,23.0,0.9823737939289962,0.21875
2022-04-01,2022-06-30,Zip Code: 98177,Townhouse,655000.0,693452.0,509.88553590010406,5.0,9.0,6.0,1.1028318607454033,1.0
2017-11-01,2018-01-31,Zip Code: 98119,Townhouse,912475.0,989950.0,545.0104085349988,6.0,5.0,2.0,1.0059242202032344,0.3333333333333333
2019-02-01,2019-04-30,Zip Code: 98119,Townhouse,764060.0,899950.0,579.887266205483,18.0,23.0,15.0,0.9895347615467628,0.1666666666666666
2016-06-01,2016-08-31,Zip Code: 98122,Multi-Family (2-4 Unit),1005000.0,950000.0,322.5,5.0,5.0,3.0,1.075382979376638,0.5999999999999999
2020-11-01,2021-01-31,Zip Code: 98126,All Residential,630500.0,650000.0,411.0975609756098,144.0,121.0,29.0,1.0090795493768805,0.3611111111111111
2016-03-01,2016-05-31,Zip Code: 98106,Multi-Family (2-4 Unit),442500.0,355000.0,205.81245985870265,2.0,4.0,1.0,0.9970682302771856,0.5
2016-10-01,2016-12-31,Zip Code: 98108,Single Family Residential,440000.0,434950.0,288.5375494071146,55.0,36.0,17.0,1.0220234421544905,0.4545454545454545
2018-12-01,2019-02-28,Zip Code: 98118,All Residential,585000.0,585000.0,357.40740740740733,99.0,80.0,61.0,0.9832004975529606,0.1616161616161616
2020-03-01,2020-05-31,Zip Code: 98125,Multi-Family (2-4 Unit),775000.0,,324.26778242677824,1.0,,2.0,1.0,0.0
2023-05-01,2023-07-31,Zip Code: 98177,All Residential,1035000.0,1074500.0,503.1545741324921,87.0,76.0,12.0,1.0254441468910802,0.4712643678160919
2020-12-01,2021-02-28,Zip Code: 98177,Multi-Family (2-4 Unit),1300000.0,,424.8366013071896,1.0,,,1.0000384630178083,1.0
2015-07-01,2015-09-30,Zip Code: 98133,Condo/Co-op,174000.0,194950.0,240.66390041493776,55.0,49.0,13.0,1.008887389231143,0.3454545454545454
2021-06-01,2021-08-31,Zip Code: 98178,All Residential,611000.0,599950.0,360.4651162790698,115.0,124.0,29.0,1.068352804760609,0.7130434782608694
2017-02-01,2017-04-30,Zip Code: 98109,Townhouse,1009900.0,999000.0,707.4252534443617,14.0,9.0,2.0,1.0181498179300374,0.3571428571428571
2018-04-01,2018-06-30,Zip Code: 98125,Single Family Residential,720500.0,675000.0,414.85103132161953,104.0,135.0,44.0,1.0772389009990224,0.7115384615384615
2021-03-01,2021-05-31,Zip Code: 98125,Multi-Family (2-4 Unit),875000.0,875000.0,275.15723270440253,1.0,1.0,1.0,1.0,0.0
2013-08-01,2013-10-31,Zip Code: 98177,All Residential,470000.0,454250.0,215.18987341772151,93.0,92.0,53.0,0.9896682392292068,0.2688172043010752
2012-05-01,2012-07-31,Zip Code: 98106,Condo/Co-op,87500.0,140000.0,117.13520749665328,5.0,3.0,4.0,0.9459193708252448,0.2
2020-01-01,2020-03-31,Zip Code: 98126,All Residential,600000.0,625000.0,410.37735849056605,111.0,144.0,44.0,1.0123003758556404,0.3873873873873873
2018-11-01,2019-01-31,Zip Code: 98126,Single Family Residential,630000.0,647000.0,351.92203573362207,65.0,56.0,36.0,0.98990149077747,0.1692307692307692
2020-04-01,2020-06-30,Zip Code: 98133,Single Family Residential,635000.0,640000.0,392.1905476850425,112.0,125.0,25.0,1.0252889015452082,0.5
2021-02-01,2021-04-30,Zip Code: 98177,All Residential,965000.0,987000.0,462.406015037594,74.0,94.0,15.0,1.080176271560483,0.6621621621621621
2016-03-01,2016-05-31,Zip Code: 98133,Condo/Co-op,197250.0,227500.0,264.1678453559642,42.0,48.0,13.0,1.032341960170333,0.4047619047619047
2021-09-01,2021-11-30,Zip Code: 98118,All Residential,699450.0,699999.5,462.5877524061144,220.0,188.0,41.0,1.0290867165085145,0.45
2017-04-01,2017-06-30,Zip Code: 98108,Multi-Family (2-4 Unit),1110000.0,1200000.0,244.49339207048456,1.0,1.0,1.0,0.925,0.0
2017-06-01,2017-08-31,Zip Code: 98125,All Residential,637000.0,588000.0,359.41083432186633,167.0,183.0,37.0,1.0895822512024596,0.7365269461077844
2020-08-01,2020-10-31,Zip Code: 98118,All Residential,666500.0,643950.0,386.881335718545,194.0,244.0,86.0,1.0259716554386524,0.4896907216494845
2019-11-01,2020-01-31,Zip Code: 98125,Multi-Family (2-4 Unit),850000.0,889000.0,268.0921052631579,5.0,3.0,2.0,0.9682171928251944,0.2
2017-04-01,2017-06-30,Zip Code: 98102,Townhouse,988000.0,924990.0,617.0212765957447,15.0,23.0,7.0,1.002392083251309,0.2
2013-11-01,2014-01-31,Zip Code: 98105,Multi-Family (2-4 Unit),800750.0,587500.0,225.995470324274,2.0,4.0,2.0,0.9950006559097468,0.5
2015-07-01,2015-09-30,Zip Code: 98113,Single Family Residential,567500.0,499975.0,411.29539733908666,2.0,2.0,,1.1500722302478057,0.5
2021-06-01,2021-08-31,Zip Code: 98105,Single Family Residential,1214878.5,1089000.0,534.8837209302326,92.0,87.0,12.0,1.0593394975860555,0.4891304347826087
2012-01-01,2012-03-31,Zip Code: 98107,Condo/Co-op,221750.0,225000.0,278.4691584117206,20.0,29.0,19.0,0.9890127638826955,0.2999999999999999
2020-06-01,2020-08-31,Zip Code: 98117,Townhouse,719950.0,699900.0,481.4814814814815,31.0,33.0,9.0,1.0058908572238554,0.2903225806451613
2018-10-01,2018-12-31,Zip Code: 98119,Condo/Co-op,480000.0,534900.0,564.5254074784276,29.0,27.0,27.0,0.9813381443967216,0.0689655172413793
2016-03-01,2016-05-31,Zip Code: 98109,Single Family Residential,1435000.0,1456944.0,462.5,21.0,40.0,12.0,1.0449046323477829,0.3809523809523809
2017-07-01,2017-09-30,Zip Code: 98116,Single Family Residential,749000.0,722497.5,386.7403314917127,89.0,108.0,30.0,1.0355232864715154,0.5617977528089888
2015-10-01,2015-12-31,Zip Code: 98116,Condo/Co-op,325500.0,319900.0,407.0779531324725,18.0,15.0,8.0,0.9873892920896704,0.1666666666666666
2022-12-01,2023-02-28,Zip Code: 98119,Condo/Co-op,543197.5,497499.5,612.7176502547017,16.0,16.0,12.0,0.9790442957623736,0.0
2015-08-01,2015-10-31,Zip Code: 98177,Single Family Residential,600000.0,599494.5,283.09178743961354,99.0,86.0,25.0,1.0183085451894074,0.4545454545454545
2019-11-01,2020-01-31,Zip Code: 98125,Townhouse,478000.0,574950.0,360.8044164037855,17.0,14.0,7.0,0.992988214593434,0.1764705882352941
2016-11-01,2017-01-31,Zip Code: 98115,Condo/Co-op,310000.0,299000.0,297.029702970297,29.0,17.0,,1.0009979399557312,0.3103448275862069
2013-01-01,2013-03-31,Zip Code: 98177,All Residential,444000.0,499936.0,217.74193548387092,53.0,66.0,38.0,1.0079711975621148,0.3018867924528301
2016-03-01,2016-05-31,Zip Code: 98112,Multi-Family (2-4 Unit),1445000.0,990000.0,418.2344428364689,1.0,2.0,1.0,0.996551724137931,0.0
2014-11-01,2015-01-31,Zip Code: 98126,Condo/Co-op,171000.0,200000.0,268.4684684684685,15.0,7.0,9.0,0.9941878813819904,0.3333333333333333
2017-03-01,2017-05-31,Zip Code: 98136,Single Family Residential,753750.0,699950.0,347.1083212909441,76.0,98.0,23.0,1.0532131366655797,0.6184210526315789
2020-05-01,2020-07-31,Zip Code: 98116,Condo/Co-op,642500.0,660000.0,592.1309283773122,24.0,52.0,30.0,0.9860648110277312,0.125
2015-11-01,2016-01-31,Zip Code: 98106,Townhouse,337300.5,395900.0,236.906867803384,22.0,23.0,7.0,1.0196668771476525,0.5454545454545454
2018-11-01,2019-01-31,Zip Code: 98122,Townhouse,752500.0,699950.0,544.3266892375184,28.0,34.0,14.0,0.986437986602784,0.0357142857142857
2012-12-01,2013-02-28,Zip Code: 98102,Single Family Residential,638500.0,799950.0,280.5032980304719,14.0,15.0,11.0,0.9776051367885796,0.1428571428571428
2023-01-01,2023-03-31,Zip Code: 98199,Condo/Co-op,445000.0,547500.0,558.3036661498286,12.0,12.0,6.0,0.976392444607827,0.0833333333333333
2023-08-01,2023-10-31,Zip Code: 98115,Townhouse,800000.0,825000.0,608.2249426166794,19.0,16.0,6.0,0.9944833812533996,0.2105263157894736
2012-11-01,2013-01-31,Zip Code: 98133,Townhouse,242475.0,269725.0,184.21052631578948,14.0,12.0,7.0,1.0143414479679738,0.4285714285714285
2022-06-01,2022-08-31,Zip Code: 98125,Condo/Co-op,380000.0,402475.0,412.9593810444874,17.0,28.0,10.0,1.004609445939131,0.3529411764705882
2020-05-01,2020-07-31,Zip Code: 98118,Townhouse,539000.0,659945.0,384.5679012345679,29.0,38.0,26.0,0.9871167596659418,0.2413793103448276
2023-12-01,2024-02-29,Zip Code: 98199,Condo/Co-op,430750.0,375000.0,542.6841848156017,8.0,6.0,2.0,0.9818820477091112,0.25
2013-09-01,2013-11-30,Zip Code: 98119,Condo/Co-op,277450.0,302500.0,346.0,28.0,43.0,29.0,0.988678923504273,0.2857142857142857
2021-06-01,2021-08-31,Zip Code: 98177,All Residential,1055000.0,969950.0,482.4483043837882,112.0,111.0,19.0,1.0654841116749572,0.5892857142857143
2017-05-01,2017-07-31,Zip Code: 98177,Single Family Residential,755000.0,709000.0,356.08308605341244,89.0,109.0,36.0,1.0547430130108717,0.6629213483146067
2021-09-01,2021-11-30,Zip Code: 98177,Single Family Residential,1108600.0,1062500.0,487.2448979591837,81.0,66.0,5.0,1.058714453082146,0.5185185185185184
2019-12-01,2020-02-29,Zip Code: 98109,Single Family Residential,1100000.0,1655775.0,547.945205479452,11.0,12.0,9.0,0.9626345220688098,0.1818181818181818
2017-05-01,2017-07-31,Zip Code: 98118,Townhouse,562495.0,575000.0,354.78395061728395,34.0,29.0,7.0,1.0329507504124102,0.3823529411764705
2012-09-01,2012-11-30,Zip Code: 98112,All Residential,830000.0,867500.0,331.32462686567163,95.0,79.0,54.0,0.9725594732746664,0.1894736842105263
2017-11-01,2018-01-31,Zip Code: 98126,Multi-Family (2-4 Unit),878000.0,1165000.0,522.55457236002,2.0,2.0,1.0,1.0008695652173911,0.5
2020-10-01,2020-12-31,Zip Code: 98199,All Residential,1009500.0,935000.0,492.063657166632,122.0,109.0,37.0,0.9988183715360842,0.2950819672131147
2021-12-01,2022-02-28,Zip Code: 98146,Multi-Family (2-4 Unit),550000.0,,295.6989247311828,1.0,,,0.9482758620689656,0.0
2016-12-01,2017-02-28,Zip Code: 98125,Condo/Co-op,237000.0,274950.0,296.34300126103403,15.0,7.0,,1.0144827009311643,0.3333333333333333
2015-05-01,2015-07-31,Zip Code: 98115,Townhouse,479500.0,579900.0,386.3537383780067,18.0,19.0,2.0,1.0217449348464982,0.4444444444444444
2012-09-01,2012-11-30,Zip Code: 98126,Single Family Residential,319950.0,356660.5,204.6979865771812,73.0,76.0,43.0,0.993624567281638,0.273972602739726
2018-10-01,2018-12-31,Zip Code: 98108,Multi-Family (2-4 Unit),417450.0,601500.0,177.8688806380638,2.0,2.0,1.0,1.014955752212389,0.5
2017-09-01,2017-11-30,Zip Code: 98104,Condo/Co-op,542500.0,615000.0,615.7281553398059,25.0,23.0,10.0,1.0280485000650146,0.44
2021-11-01,2022-01-31,Zip Code: 98105,Condo/Co-op,450000.0,497475.0,509.933774834437,19.0,8.0,3.0,0.9661630870267212,0.1052631578947368
2013-09-01,2013-11-30,Zip Code: 98116,Multi-Family (2-4 Unit),607500.0,549995.0,272.9895104895105,4.0,1.0,3.0,0.9774074542585608,0.25
2018-06-01,2018-08-31,Zip Code: 98133,All Residential,585500.0,575000.0,384.2872144919927,186.0,272.0,114.0,1.0231066633418475,0.4946236559139785
2013-04-01,2013-06-30,Zip Code: 98199,Townhouse,455000.0,449950.0,277.8856825749168,21.0,23.0,6.0,0.99704452748627,0.1904761904761904
2021-08-01,2021-10-31,Zip Code: 98115,Single Family Residential,1100000.0,997475.0,539.9759903961585,186.0,174.0,13.0,1.0681505830599196,0.5913978494623656
2020-05-01,2020-07-31,Zip Code: 98125,Condo/Co-op,335000.0,344500.0,347.604844166425,16.0,21.0,8.0,0.993708505701194,0.1875
2017-05-01,2017-07-31,Zip Code: 98105,Townhouse,844000.0,839000.0,512.3689197725837,8.0,13.0,4.0,1.0111531664212077,0.125
2022-04-01,2022-06-30,Zip Code: 98116,Townhouse,960000.0,912000.0,601.3071895424837,21.0,24.0,9.0,1.0350339782702715,0.5714285714285714
2020-06-01,2020-08-31,Zip Code: 98136,All Residential,738950.0,750000.0,426.02647431832594,120.0,141.0,48.0,1.0029973228561575,0.3666666666666666
2014-07-01,2014-09-30,Zip Code: 98134,All Residential,228000.0,199500.0,198.2608695652174,1.0,2.0,2.0,0.9559748427672956,0.0
2016-05-01,2016-07-31,Zip Code: 98105,Condo/Co-op,386614.0,374950.0,488.1644026471613,16.0,22.0,7.0,1.083222272684086,0.6875
2018-12-01,2019-02-28,Zip Code: 98109,All Residential,820000.0,694210.0,599.2271105826396,51.0,75.0,73.0,0.9784848647752172,0.1372549019607843
2019-09-01,2019-11-30,Zip Code: 98136,Townhouse,601000.0,599950.0,442.3495286439449,15.0,23.0,9.0,0.9927046901319918,0.2
2019-09-01,2019-11-30,Zip Code: 98107,Condo/Co-op,435000.0,467000.0,569.2729766803841,23.0,28.0,16.0,0.984416290943716,0.0434782608695652
2018-11-01,2019-01-31,Zip Code: 98115,Townhouse,682500.0,715000.0,461.30252100840335,6.0,7.0,5.0,0.9880437210104476,0.0
2023-02-01,2023-04-30,Zip Code: 98108,Condo/Co-op,502459.5,499950.0,601.78747848537,4.0,5.0,1.0,1.0024850049700098,0.25
2023-02-01,2023-04-30,Zip Code: 98102,Condo/Co-op,522450.0,525000.0,601.6846867377342,34.0,57.0,26.0,0.9893192320709228,0.0588235294117647
2020-11-01,2021-01-31,Zip Code: 98136,Townhouse,598000.0,569950.0,454.5048701298701,23.0,33.0,7.0,0.9955284626881318,0.1739130434782608
2014-07-01,2014-09-30,Zip Code: 98115,All Residential,528500.0,500000.0,290.7608695652174,206.0,258.0,77.0,1.019518912028232,0.4563106796116505
2016-02-01,2016-04-30,Zip Code: 98116,Single Family Residential,717500.0,724800.0,357.0525966484155,52.0,75.0,18.0,1.04705421792065,0.5961538461538461
2018-07-01,2018-09-30,Zip Code: 98125,Multi-Family (2-4 Unit),635000.0,3200000.0,524.7933884297521,1.0,1.0,1.0,0.9921875,0.0
2013-01-01,2013-03-31,Zip Code: 98133,All Residential,279975.0,294725.0,189.70884618153028,102.0,152.0,73.0,0.9970299564650902,0.3431372549019607
2019-07-01,2019-09-30,Zip Code: 98118,Townhouse,535000.0,494375.0,435.483870967742,17.0,24.0,17.0,0.9900458537765006,0.0588235294117647
2017-11-01,2018-01-31,Zip Code: 98146,Single Family Residential,485000.0,450000.0,279.8126297388834,66.0,59.0,18.0,1.0164656273267216,0.4848484848484848
2023-09-01,2023-11-30,Zip Code: 98133,Townhouse,690000.0,675000.0,463.9011280690113,25.0,24.0,16.0,0.9945961777750522,0.08
2018-02-01,2018-04-30,Zip Code: 98175,All Residential,492500.0,319500.0,546.9684603276395,2.0,1.0,,1.1526079488722942,1.0
2023-02-01,2023-04-30,Zip Code: 98146,Condo/Co-op,285000.0,360000.0,371.3301716350497,6.0,13.0,6.0,1.0005994397759104,0.1666666666666666
2017-06-01,2017-08-31,Zip Code: 98118,Single Family Residential,585000.0,565900.0,320.1145958986731,175.0,201.0,59.0,1.0587563293407705,0.5999999999999999
2017-05-01,2017-07-31,Zip Code: 98109,Townhouse,907444.0,904388.0,601.4635346756152,12.0,14.0,4.0,1.0331065127893235,0.6666666666666666
2020-07-01,2020-09-30,Zip Code: 98146,Townhouse,301450.0,254475.0,283.7259258078175,2.0,2.0,,1.029912233529503,0.5
2019-10-01,2019-12-31,Zip Code: 98178,Multi-Family (2-4 Unit),460000.0,524950.0,287.5,3.0,3.0,2.0,0.9122454150769316,0.3333333333333333
2018-05-01,2018-07-31,Zip Code: 98106,Townhouse,500000.0,475000.0,378.1512605042017,27.0,37.0,15.0,1.0324193859479782,0.4814814814814814
2018-09-01,2018-11-30,Zip Code: 98108,Multi-Family (2-4 Unit),581900.0,565000.0,180.04331683168317,3.0,3.0,,1.0242269117313365,0.6666666666666666
2022-03-01,2022-05-31,Zip Code: 98126,Townhouse,756000.0,685000.0,510.02183908045976,28.0,31.0,3.0,1.0692822290063515,0.8214285714285714
2014-06-01,2014-08-31,Zip Code: 98178,All Residential,262500.0,279990.0,163.58066848786757,80.0,131.0,92.0,1.0004874708031908,0.325
2015-03-01,2015-05-31,Zip Code: 98136,Multi-Family (2-4 Unit),533500.0,912000.0,189.18439716312056,1.0,2.0,1.0,0.9971962616822428,0.0
2022-04-01,2022-06-30,Zip Code: 98105,Townhouse,880000.0,920000.0,717.9054054054054,17.0,15.0,4.0,1.006627151769505,0.1764705882352941
2019-05-01,2019-07-31,Zip Code: 98178,Townhouse,479950.0,230000.0,271.0050818746471,2.0,3.0,3.0,1.0001041883725776,0.5
2021-10-01,2021-12-31,Zip Code: 98146,Townhouse,365000.0,,298.93529893529893,1.0,,,1.0488505747126438,1.0
2017-05-01,2017-07-31,Zip Code: 98126,Multi-Family (2-4 Unit),1225000.0,1060000.0,374.6177370030581,1.0,3.0,,1.1556603773584906,1.0
2012-02-01,2012-04-30,Zip Code: 98136,Condo/Co-op,243750.0,154900.0,192.27038703870383,6.0,5.0,3.0,0.94769219636717,0.0
2018-01-01,2018-03-31,Zip Code: 98175,All Residential,492500.0,422200.0,546.9684603276395,2.0,2.0,,1.1526079488722942,1.0
2018-02-01,2018-04-30,Zip Code: 98102,Multi-Family (2-4 Unit),1800000.0,2042500.0,565.7097288676237,2.0,6.0,3.0,1.0,0.0
2013-05-01,2013-07-31,Zip Code: 98177,Condo/Co-op,149000.0,337450.0,175.2941176470588,5.0,6.0,4.0,0.9897744750166848,0.2
2019-09-01,2019-11-30,Zip Code: 98146,Condo/Co-op,226000.0,247500.0,255.9726962457338,7.0,9.0,4.0,0.9978723621918996,0.1428571428571428
2018-04-01,2018-06-30,Zip Code: 98125,All Residential,666500.0,599950.0,421.27771456911137,154.0,194.0,59.0,1.0818403819289777,0.7207792207792207
2020-11-01,2021-01-31,Zip Code: 98199,Condo/Co-op,575000.0,434995.0,465.21035598705504,9.0,13.0,11.0,1.0005004965882414,0.4444444444444444
2012-03-01,2012-05-31,Zip Code: 98175,Single Family Residential,209000.0,,200.96153846153845,1.0,,,1.0,0.0
2015-09-01,2015-11-30,Zip Code: 98107,Single Family Residential,680000.0,650000.0,338.4259259259259,28.0,33.0,7.0,1.0841395818598412,0.75
2017-04-01,2017-06-30,Zip Code: 98194,All Residential,600000.0,,666.6666666666665,1.0,,,0.96,0.0
2020-11-01,2021-01-31,Zip Code: 98144,Single Family Residential,808000.0,809450.0,429.4117647058824,59.0,38.0,9.0,1.0215506415150315,0.4067796610169491
2020-03-01,2020-05-31,Zip Code: 98116,Single Family Residential,864975.0,850000.0,443.56120826709054,56.0,75.0,25.0,1.0269038755511224,0.5535714285714286
2015-09-01,2015-11-30,Zip Code: 98125,Townhouse,403575.0,349950.0,262.20472440944883,9.0,7.0,3.0,1.0730045858688595,0.8888888888888888
2014-12-01,2015-02-28,Zip Code: 98117,Condo/Co-op,530000.0,412461.5,500.4721435316336,3.0,4.0,1.0,0.9850307344545346,0.0
2021-08-01,2021-10-31,Zip Code: 98133,Condo/Co-op,336500.0,332500.0,401.7093480975959,50.0,44.0,8.0,1.0236881014083667,0.5799999999999998
2018-07-01,2018-09-30,Zip Code: 98115,All Residential,835000.0,775000.0,443.0769230769231,201.0,280.0,118.0,1.014052667364448,0.4129353233830845
2022-11-01,2023-01-31,Zip Code: 98116,Townhouse,775000.0,762500.0,552.0,9.0,12.0,7.0,0.997280667045201,0.3333333333333333
2021-05-01,2021-07-31,Zip Code: 98108,All Residential,695000.0,650000.0,444.9484518665872,107.0,144.0,49.0,1.07027529286692,0.719626168224299
2019-09-01,2019-11-30,Zip Code: 98199,Condo/Co-op,447750.0,467000.0,447.10606102856735,16.0,10.0,8.0,0.9771460841279794,0.1875
2016-06-01,2016-08-31,Zip Code: 98113,Single Family Residential,520000.0,520000.0,460.17699115044246,1.0,1.0,,1.0,0.0
2022-06-01,2022-08-31,Zip Code: 98125,Townhouse,649990.0,643975.0,468.8862645348837,20.0,24.0,9.0,1.0105839327787425,0.4
2022-02-01,2022-04-30,Zip Code: 98104,Condo/Co-op,409950.0,598000.0,642.3076923076923,37.0,65.0,37.0,1.0101741709800691,0.3243243243243243
2013-09-01,2013-11-30,Zip Code: 98144,Townhouse,373500.0,369950.0,274.2840711199019,32.0,27.0,11.0,0.9969424703714392,0.1875
2020-06-01,2020-08-31,Zip Code: 98108,Multi-Family (2-4 Unit),739000.0,704990.0,208.16901408450704,1.0,2.0,2.0,1.0,0.0
2022-10-01,2022-12-31,Zip Code: 98118,Single Family Residential,700000.0,699000.0,400.58479532163744,63.0,55.0,29.0,0.9835117415308462,0.2539682539682539
2016-01-01,2016-03-31,Zip Code: 98104,All Residential,444375.5,399000.0,477.1553398058253,18.0,31.0,20.0,1.0168076206317098,0.5
2019-02-01,2019-04-30,Zip Code: 98106,Townhouse,515000.0,549450.0,344.6666666666667,41.0,50.0,30.0,0.9924843534767372,0.1463414634146341
2017-12-01,2018-02-28,Zip Code: 98102,Condo/Co-op,442500.0,450000.0,627.8319216246555,46.0,50.0,9.0,1.0462059938215835,0.608695652173913
2023-11-01,2024-01-31,Zip Code: 98106,Condo/Co-op,630000.0,430000.0,431.41249369623074,6.0,5.0,,1.0007514696123492,0.5
2021-12-01,2022-02-28,Zip Code: 98116,Townhouse,849950.0,922490.0,529.9367794719226,21.0,16.0,4.0,1.0109442509653523,0.3333333333333333
2014-09-01,2014-11-30,Zip Code: 98117,All Residential,549000.0,549000.0,281.9548872180451,167.0,150.0,46.0,1.0067359764304644,0.3772455089820359
2019-02-01,2019-04-30,Zip Code: 98144,Condo/Co-op,394500.0,375000.0,464.93702959733946,12.0,19.0,8.0,1.0188074493245782,0.5833333333333333
2013-08-01,2013-10-31,Zip Code: 98106,Multi-Family (2-4 Unit),525000.0,329700.0,152.4390243902439,1.0,4.0,5.0,1.0,0.0
2020-05-01,2020-07-31,Zip Code: 98118,Multi-Family (2-4 Unit),832500.0,825000.0,246.23783079665435,2.0,3.0,2.0,1.0393939393939395,0.5
2012-09-01,2012-11-30,Zip Code: 98106,All Residential,205000.0,259970.0,131.25,69.0,90.0,61.0,0.9871794556791694,0.3188405797101449
2014-02-01,2014-04-30,Zip Code: 98134,Condo/Co-op,199000.0,239950.0,183.94024276377212,3.0,1.0,,1.016071382221638,0.3333333333333333
2012-01-01,2012-03-31,Zip Code: 98115,Multi-Family (2-4 Unit),653000.0,630000.0,152.57009345794393,1.0,1.0,2.0,0.9819548872180452,0.0
2020-03-01,2020-05-31,Zip Code: 98144,Single Family Residential,834000.0,799444.0,417.4496738773404,48.0,76.0,26.0,1.0279721363015104,0.4583333333333333
2019-02-01,2019-04-30,Zip Code: 98146,Townhouse,450000.0,449900.0,258.62068965517244,3.0,3.0,,0.9819120245419344,0.3333333333333333
2021-02-01,2021-04-30,Zip Code: 98115,Townhouse,796000.0,769950.0,597.0216675234668,32.0,47.0,17.0,1.014177532918471,0.34375
2017-12-01,2018-02-28,Zip Code: 98122,Single Family Residential,991000.0,865555.0,450.9803921568628,26.0,29.0,6.0,1.0742420262932195,0.5
2016-09-01,2016-11-30,Zip Code: 98108,All Residential,415000.0,450000.0,290.72847682119203,83.0,65.0,22.0,1.022767020098154,0.4216867469879518
2014-11-01,2015-01-31,Zip Code: 98102,All Residential,515000.0,462500.0,399.9363495718062,64.0,48.0,26.0,1.0125691033149102,0.328125
2019-06-01,2019-08-31,Zip Code: 98125,All Residential,608000.0,600000.0,370.0,133.0,161.0,85.0,0.996865152488145,0.2857142857142857
2013-11-01,2014-01-31,Zip Code: 98144,All Residential,396250.0,415000.0,253.82252207863152,106.0,79.0,48.0,0.9921925764305328,0.320754716981132
2014-11-01,2015-01-31,Zip Code: 98136,Single Family Residential,540000.0,489499.5,267.77402896642525,42.0,36.0,20.0,0.9972096884544452,0.238095238095238
2014-07-01,2014-09-30,Zip Code: 98121,All Residential,377450.0,497250.0,499.9632352941177,82.0,126.0,69.0,0.988748750199728,0.0975609756097561
2020-08-01,2020-10-31,Zip Code: 98115,Multi-Family (2-4 Unit),1042500.0,997500.0,359.0885188431201,4.0,4.0,3.0,0.9613941207894549,0.25
2022-04-01,2022-06-30,Zip Code: 98178,All Residential,735000.0,692000.0,374.5318352059925,95.0,126.0,39.0,1.0848867492219665,0.7263157894736842
2022-09-01,2022-11-30,Zip Code: 98177,Single Family Residential,1250000.0,1150000.0,483.8709677419354,57.0,70.0,23.0,0.9980436740607096,0.3157894736842105
2021-11-01,2022-01-31,Zip Code: 98177,Single Family Residential,1100000.0,877000.0,487.2448979591837,55.0,26.0,1.0,1.058928216482412,0.5272727272727272
2023-05-01,2023-07-31,Zip Code: 98107,Multi-Family (2-4 Unit),1207500.0,1599950.0,463.0692847543676,2.0,5.0,1.0,0.9707956448911224,0.0
2018-09-01,2018-11-30,Zip Code: 98106,Townhouse,490000.0,522000.0,369.17906865098416,27.0,32.0,27.0,0.992287359484171,0.1481481481481481
2014-11-01,2015-01-31,Zip Code: 98126,Townhouse,350000.0,369900.0,222.43589743589743,7.0,7.0,7.0,0.9925770169275296,0.2857142857142857
2022-02-01,2022-04-30,Zip Code: 98117,Multi-Family (2-4 Unit),1300000.0,1142500.0,515.0753768844221,3.0,6.0,1.0,1.0274278743028742,1.0
2012-12-01,2013-02-28,Zip Code: 98122,Condo/Co-op,262475.0,260450.0,325.9532595325953,32.0,34.0,23.0,0.9834388231459044,0.21875
2018-12-01,2019-02-28,Zip Code: 98109,Condo/Co-op,470000.0,499950.0,608.2214765100671,25.0,49.0,52.0,0.9830742248137648,0.16
2013-04-01,2013-06-30,Zip Code: 98119,All Residential,527250.0,575000.0,322.8458942632171,112.0,153.0,75.0,0.996434073083338,0.2857142857142857
2014-11-01,2015-01-31,Zip Code: 98104,All Residential,329500.0,264900.0,348.79530614132227,14.0,15.0,9.0,0.9794778257850671,0.0714285714285714
2023-08-01,2023-10-31,Zip Code: 98112,Condo/Co-op,735000.0,582500.0,796.5299684542586,13.0,14.0,10.0,1.0079213966864025,0.3076923076923077
2021-05-01,2021-07-31,Zip Code: 98102,Single Family Residential,1660000.0,1537000.0,557.6347659763846,30.0,38.0,14.0,1.001424392518339,0.2333333333333333
2012-10-01,2012-12-31,Zip Code: 98125,Townhouse,229800.0,244400.0,181.69565217391303,9.0,8.0,6.0,1.0302800237033911,0.2222222222222222
2012-06-01,2012-08-31,Zip Code: 98118,Condo/Co-op,142000.0,169900.0,200.0,5.0,3.0,6.0,0.976603486614484,0.0
2023-01-01,2023-03-31,Zip Code: 98109,Townhouse,1312500.0,1350000.0,655.4255666251715,22.0,21.0,5.0,0.9839980569384232,0.0909090909090909
2020-08-01,2020-10-31,Zip Code: 98146,All Residential,565000.0,539950.0,336.2068965517241,121.0,125.0,48.0,1.0199989897011623,0.4628099173553719
2020-04-01,2020-06-30,Zip Code: 98118,Condo/Co-op,338800.0,309750.0,381.9057638156424,6.0,6.0,2.0,1.0122136453205677,0.5
2017-08-01,2017-10-31,Zip Code: 98146,Townhouse,286000.0,274975.0,219.7437712756156,8.0,6.0,3.0,0.9810681149807342,0.25
2018-07-01,2018-09-30,Zip Code: 98119,All Residential,870000.0,767000.0,554.0540540540541,95.0,152.0,107.0,1.0031230601995664,0.2842105263157894
2019-10-01,2019-12-31,Zip Code: 98177,Condo/Co-op,796495.0,370000.0,297.2491866311742,8.0,4.0,3.0,0.9803550009970652,0.0
2014-01-01,2014-03-31,Zip Code: 98112,Single Family Residential,810500.0,995000.0,315.62071055493163,44.0,61.0,26.0,1.0181236461463172,0.4545454545454545
2017-10-01,2017-12-31,Zip Code: 98144,Townhouse,699950.0,699950.0,477.7070063694268,59.0,45.0,5.0,1.0276122524938445,0.4576271186440678
2023-07-01,2023-09-30,Zip Code: 98112,Multi-Family (2-4 Unit),2050000.0,1700000.0,895.1965065502183,1.0,3.0,1.0,0.911111111111111,0.0
2020-01-01,2020-03-31,Zip Code: 98126,Multi-Family (2-4 Unit),619000.0,659000.0,418.2432432432432,1.0,2.0,2.0,1.0,0.0
2019-12-01,2020-02-29,Zip Code: 98199,All Residential,884950.0,939250.0,467.9354406574439,84.0,82.0,36.0,0.9963999402891572,0.2976190476190476
2013-06-01,2013-08-31,Zip Code: 98109,Condo/Co-op,322500.0,317000.0,372.01738714683023,62.0,78.0,44.0,0.9970019014279244,0.3064516129032258
2016-02-01,2016-04-30,Zip Code: 98144,All Residential,525000.0,549999.0,357.37704918032784,99.0,153.0,44.0,1.0526959692466864,0.5151515151515151
2017-09-01,2017-11-30,Zip Code: 98178,Condo/Co-op,115750.0,239500.0,189.35220537435004,4.0,1.0,2.0,0.9758454126144168,0.0
2013-07-01,2013-09-30,Zip Code: 98178,Townhouse,165000.0,175000.0,138.65546218487395,1.0,1.0,1.0,1.0770234986945173,1.0
2018-06-01,2018-08-31,Zip Code: 98116,Condo/Co-op,541387.5,585000.0,545.1166852933911,32.0,27.0,9.0,1.0153566624353678,0.5
2020-09-01,2020-11-30,Zip Code: 98102,Multi-Family (2-4 Unit),1500000.0,1487500.0,485.82995951417,3.0,4.0,5.0,0.9759139784946236,0.0
2022-04-01,2022-06-30,Zip Code: 98199,Condo/Co-op,413000.0,419950.0,532.7102803738318,32.0,35.0,9.0,1.0343504283689375,0.5
2014-03-01,2014-05-31,Zip Code: 98144,All Residential,415750.0,419950.0,273.9797731137224,116.0,174.0,77.0,1.0055255232788234,0.396551724137931
2012-09-01,2012-11-30,Zip Code: 98199,Single Family Residential,571500.0,594000.0,251.1599511599512,70.0,62.0,48.0,0.9869034605921256,0.2857142857142857
2023-05-01,2023-07-31,Zip Code: 98108,Multi-Family (2-4 Unit),803000.0,975000.0,357.9166666666667,3.0,3.0,3.0,0.9928717433335684,0.3333333333333333
2020-10-01,2020-12-31,Zip Code: 98144,Multi-Family (2-4 Unit),760000.0,837475.0,317.7257525083612,1.0,4.0,3.0,0.9500593787111694,0.0
2022-04-01,2022-06-30,Zip Code: 98107,Condo/Co-op,559950.0,508000.0,681.5578465063002,47.0,42.0,11.0,1.0274410653068613,0.574468085106383
2023-01-01,2023-03-31,Zip Code: 98146,All Residential,645000.0,667000.0,368.69131602208097,60.0,72.0,18.0,1.0066011308382918,0.3333333333333333
2013-10-01,2013-12-31,Zip Code: 98199,Townhouse,402500.0,494975.0,274.3694946685211,6.0,6.0,5.0,0.983532231392582,0.0
2023-02-01,2023-04-30,Zip Code: 98178,Single Family Residential,620000.0,624975.0,351.2562814070352,43.0,44.0,15.0,0.9927009240208796,0.3488372093023255
2021-12-01,2022-02-28,Zip Code: 98115,Multi-Family (2-4 Unit),1782500.0,1895000.0,404.39932318104906,4.0,5.0,3.0,0.9487131634925212,0.0
2017-11-01,2018-01-31,Zip Code: 98117,Single Family Residential,752000.0,699975.0,412.7373197933945,86.0,54.0,6.0,1.046188235897895,0.5232558139534884
2012-01-01,2012-03-31,Zip Code: 98109,Condo/Co-op,199000.0,274900.0,281.8667857294272,33.0,61.0,52.0,0.9756032216210584,0.1515151515151515
2013-06-01,2013-08-31,Zip Code: 98116,Condo/Co-op,369500.0,376950.0,360.44176706827307,37.0,40.0,30.0,0.9893273539157796,0.1621621621621621
2019-11-01,2020-01-31,Zip Code: 98105,All Residential,805000.0,899950.0,469.90950226244337,68.0,40.0,26.0,0.9795549261398488,0.1470588235294117
2021-12-01,2022-02-28,Zip Code: 98119,Single Family Residential,1250000.0,1300000.0,628.0193236714975,23.0,25.0,4.0,1.0383089406438706,0.3478260869565217
2018-01-01,2018-03-31,Zip Code: 98117,Condo/Co-op,615000.0,449950.0,586.4197530864197,5.0,5.0,2.0,1.0088950706973876,0.2
2012-04-01,2012-06-30,Zip Code: 98106,Condo/Co-op,70990.0,140000.0,94.52729693741678,5.0,5.0,4.0,0.939367364273238,0.2
2015-08-01,2015-10-31,Zip Code: 98108,Townhouse,451500.0,375000.0,306.3236763236763,12.0,12.0,4.0,1.0228786315834046,0.4166666666666666
2018-01-01,2018-03-31,Zip Code: 98106,Multi-Family (2-4 Unit),766000.0,650000.0,299.04454444661843,2.0,3.0,,1.1472846372512668,1.0
2012-12-01,2013-02-28,Zip Code: 98119,Single Family Residential,705000.0,899950.0,296.05263157894734,21.0,19.0,17.0,0.9760352681501638,0.2857142857142857
2013-12-01,2014-02-28,Zip Code: 98136,All Residential,474500.0,437500.0,268.2772083943387,41.0,50.0,25.0,0.9905264795024968,0.1951219512195122
2023-03-01,2023-05-31,Zip Code: 98177,Single Family Residential,1112500.0,1388000.0,558.7349397590361,57.0,65.0,20.0,1.0343231238345003,0.4561403508771929
2019-05-01,2019-07-31,Zip Code: 98115,Townhouse,713380.0,695000.0,481.3430123727344,24.0,25.0,17.0,0.9985444231887034,0.1666666666666666
2012-06-01,2012-08-31,Zip Code: 98175,Townhouse,281000.0,285000.0,203.4757422157857,2.0,1.0,,1.0131530196369023,0.5
2017-08-01,2017-10-31,Zip Code: 98113,Single Family Residential,697000.0,695000.0,357.43589743589746,1.0,1.0,,1.0028776978417266,1.0
2019-02-01,2019-04-30,Zip Code: 98105,Townhouse,704500.0,776500.0,568.2042339592181,8.0,8.0,6.0,0.97512272558395,0.0
2020-01-01,2020-03-31,Zip Code: 98125,Multi-Family (2-4 Unit),850000.0,1380000.0,268.0921052631579,5.0,1.0,2.0,0.9869550826933112,0.2
2014-07-01,2014-09-30,Zip Code: 98107,Condo/Co-op,300000.0,341750.0,402.4147727272728,31.0,44.0,19.0,0.9945625469728124,0.1935483870967741
2022-10-01,2022-12-31,Zip Code: 98144,Townhouse,750000.0,673950.0,520.1258389261745,43.0,32.0,26.0,0.9897924646614052,0.1860465116279069
2016-08-01,2016-10-31,Zip Code: 98136,Single Family Residential,657500.0,619500.0,334.467546821888,62.0,72.0,18.0,1.0351428234500928,0.5
2021-12-01,2022-02-28,Zip Code: 98133,Multi-Family (2-4 Unit),1425000.0,935000.0,450.9493670886076,1.0,1.0,2.0,0.9531772575250836,0.0
2013-11-01,2014-01-31,Zip Code: 98125,All Residential,371650.0,362475.0,209.3023255813953,105.0,68.0,48.0,0.9987515957766916,0.3333333333333333
2022-04-01,2022-06-30,Zip Code: 98119,All Residential,891000.0,997440.0,663.5040745052387,133.0,174.0,63.0,1.0499123757943185,0.593984962406015
2013-04-01,2013-06-30,Zip Code: 98133,Condo/Co-op,155000.0,136750.0,189.50749464668093,21.0,36.0,15.0,1.0001901628809076,0.4761904761904761
2023-10-01,2023-12-31,Zip Code: 98117,Condo/Co-op,715000.0,589425.0,604.842440099932,12.0,12.0,8.0,1.0003414304727625,0.25
2014-10-01,2014-12-31,Zip Code: 98105,Townhouse,545900.0,534975.0,384.0,7.0,4.0,1.0,0.9898301399224426,0.1428571428571428
2020-03-01,2020-05-31,Zip Code: 98104,Condo/Co-op,642475.0,627500.0,632.409972299169,12.0,14.0,31.0,1.0115466609998585,0.3333333333333333
2017-10-01,2017-12-31,Zip Code: 98106,All Residential,507500.0,539000.0,347.90759493670885,116.0,109.0,15.0,1.0171234081396556,0.4568965517241379
2020-12-01,2021-02-28,Zip Code: 98117,All Residential,819000.0,825000.0,509.5108695652174,141.0,136.0,24.0,1.0324514566985137,0.3829787234042553
2012-03-01,2012-05-31,Zip Code: 98119,Condo/Co-op,245000.0,269000.0,291.1575083022001,24.0,49.0,31.0,0.9968273238840588,0.2083333333333333
2015-12-01,2016-02-29,Zip Code: 98117,All Residential,640750.0,629000.0,332.8351424786417,96.0,89.0,16.0,1.0407039146635428,0.4791666666666666
2017-08-01,2017-10-31,Zip Code: 98133,All Residential,560000.0,545000.0,351.2396694214876,241.0,253.0,51.0,1.037545509167621,0.5560165975103734
2021-06-01,2021-08-31,Zip Code: 98144,All Residential,735000.0,750000.0,543.1654676258993,185.0,186.0,47.0,1.0412233016577863,0.4702702702702703
2012-04-01,2012-06-30,Zip Code: 98121,Condo/Co-op,309000.0,329000.0,398.5196229029246,72.0,99.0,65.0,0.9742359769002812,0.1388888888888889
2016-02-01,2016-04-30,Zip Code: 98119,Condo/Co-op,322465.0,359950.0,477.657935285054,29.0,55.0,15.0,1.0488990947548107,0.6551724137931034
2014-05-01,2014-07-31,Zip Code: 98105,Condo/Co-op,273750.0,275000.0,336.7692441317612,16.0,22.0,6.0,0.9950671592104152,0.1875
2013-04-01,2013-06-30,Zip Code: 98104,Condo/Co-op,288000.0,349000.0,289.0625,11.0,23.0,18.0,0.9950597674596098,0.2727272727272727
2021-11-01,2022-01-31,Zip Code: 98102,All Residential,807975.0,719450.0,632.1689582559147,108.0,66.0,21.0,0.9977873888562684,0.2314814814814814
2018-10-01,2018-12-31,Zip Code: 98136,Single Family Residential,745000.0,799475.0,376.7736757624398,58.0,30.0,14.0,0.9837151405557202,0.1034482758620689
2012-05-01,2012-07-31,Zip Code: 98112,Townhouse,483000.0,484950.0,397.85831960461286,3.0,3.0,2.0,0.986641502541255,0.0
2017-08-01,2017-10-31,Zip Code: 98125,All Residential,600000.0,565000.0,364.7058823529412,163.0,175.0,32.0,1.0526732337916205,0.6257668711656442
2014-04-01,2014-06-30,Zip Code: 98125,Condo/Co-op,171000.0,174450.0,167.49821810406272,17.0,22.0,6.0,0.9998072680306876,0.2941176470588235
2019-05-01,2019-07-31,Zip Code: 98136,All Residential,705000.0,666750.0,414.5077720207254,117.0,128.0,41.0,1.0158302378407338,0.4017094017094017
2014-10-01,2014-12-31,Zip Code: 98133,Multi-Family (2-4 Unit),451750.0,474500.0,210.39408685394088,2.0,4.0,4.0,0.9868673542816022,0.5
2016-01-01,2016-03-31,Zip Code: 98109,Townhouse,812500.0,799950.0,551.2570245489501,10.0,9.0,1.0,1.0135447846507213,0.5
2021-05-01,2021-07-31,Zip Code: 98199,All Residential,1165100.0,997200.0,575.2840909090909,183.0,224.0,59.0,1.054195544923008,0.5519125683060108
2019-08-01,2019-10-31,Zip Code: 98112,Townhouse,835000.0,752000.0,613.4453781512605,11.0,18.0,11.0,1.008104655079349,0.2727272727272727
2014-10-01,2014-12-31,Zip Code: 98177,Townhouse,156000.0,,124.40191387559808,1.0,,2.0,0.9230769230769232,0.0
2021-09-01,2021-11-30,Zip Code: 98116,Multi-Family (2-4 Unit),1330000.0,1200000.0,518.8810287547257,2.0,1.0,2.0,0.9272335482888188,0.0
2015-04-01,2015-06-30,Zip Code: 98109,All Residential,462000.0,477000.0,422.52329717494194,130.0,152.0,38.0,1.0267752378487962,0.5230769230769231
2020-12-01,2021-02-28,Zip Code: 98125,All Residential,670000.0,674995.0,406.5985130111524,117.0,90.0,31.0,1.0224917987443505,0.4017094017094017
2017-08-01,2017-10-31,Zip Code: 98115,All Residential,765000.0,699970.0,427.77777777777777,219.0,220.0,45.0,1.0536494139416477,0.6027397260273972
2022-05-01,2022-07-31,Zip Code: 98133,All Residential,809750.0,759500.0,499.5507487520799,232.0,258.0,87.0,1.0458222310601266,0.5431034482758621
2023-06-01,2023-08-31,Zip Code: 98102,All Residential,639950.0,585000.0,649.0068751015025,58.0,81.0,66.0,0.989647687476949,0.2068965517241379
2019-09-01,2019-11-30,Zip Code: 98108,Condo/Co-op,985000.0,502800.0,303.1702062172976,1.0,5.0,5.0,0.9850049250246252,0.0
2017-04-01,2017-06-30,Zip Code: 98112,Townhouse,703613.5,729000.0,489.543295019157,12.0,9.0,1.0,1.0337498328294037,0.3333333333333333
2012-08-01,2012-10-31,Zip Code: 98177,All Residential,460000.0,444500.0,198.9180577352928,72.0,80.0,62.0,0.9757539894442104,0.1111111111111111
2022-06-01,2022-08-31,Zip Code: 98107,Townhouse,895000.0,879000.0,631.9488817891374,45.0,61.0,14.0,1.0066092318727786,0.2888888888888888
2023-08-01,2023-10-31,Zip Code: 98125,Townhouse,659000.0,654500.0,445.22292993630566,5.0,6.0,3.0,1.0149539963197056,0.4
2012-10-01,2012-12-31,Zip Code: 98106,Multi-Family (2-4 Unit),343000.0,426900.0,124.27536231884058,1.0,1.0,2.0,0.982808022922636,0.0
2013-08-01,2013-10-31,Zip Code: 98133,Multi-Family (2-4 Unit),353400.0,325000.0,190.24340440458,4.0,7.0,3.0,1.007072270640014,0.25
2023-08-01,2023-10-31,Zip Code: 98125,Condo/Co-op,356500.0,354950.0,440.18754275164525,12.0,14.0,5.0,0.9742697525651502,0.0833333333333333
2017-01-01,2017-03-31,Zip Code: 98125,Condo/Co-op,267475.0,279975.0,309.7665375689793,12.0,8.0,,1.0550269083491284,0.5
2012-06-01,2012-08-31,Zip Code: 98177,All Residential,419922.0,499500.0,187.36263736263737,83.0,77.0,73.0,0.986431759681156,0.253012048192771
2020-04-01,2020-06-30,Zip Code: 98122,All Residential,785000.0,731900.0,556.3757459505541,109.0,158.0,65.0,1.0038958369884037,0.2293577981651376
2020-10-01,2020-12-31,Zip Code: 98106,Single Family Residential,606500.0,595000.0,347.2413793103448,112.0,65.0,15.0,1.0047030300862707,0.3571428571428571
2022-01-01,2022-03-31,Zip Code: 98116,All Residential,938000.0,932500.0,602.5963682701497,90.0,141.0,30.0,1.0702608751433305,0.5555555555555555
2020-03-01,2020-05-31,Zip Code: 98146,All Residential,565000.0,539500.0,311.704834605598,57.0,100.0,41.0,1.0138031806211465,0.4385964912280701
2017-06-01,2017-08-31,Zip Code: 98178,All Residential,435000.0,449000.0,252.40963855421683,109.0,132.0,52.0,1.0519214433511055,0.5963302752293577
2021-09-01,2021-11-30,Zip Code: 98119,Single Family Residential,1390000.0,1295000.0,611.8012422360248,43.0,41.0,10.0,1.02896823431715,0.3720930232558139
2012-05-01,2012-07-31,Zip Code: 98146,Townhouse,119099.5,,64.1188909084233,2.0,,,0.926473510116324,0.0
2014-01-01,2014-03-31,Zip Code: 98144,Single Family Residential,477750.0,450000.0,252.55115974219856,62.0,48.0,18.0,1.0031716510558175,0.4032258064516128
2016-01-01,2016-03-31,Zip Code: 98146,All Residential,419950.0,389975.0,207.72357723577235,75.0,92.0,35.0,1.0103192347838434,0.4533333333333333
2013-09-01,2013-11-30,Zip Code: 98178,Single Family Residential,242500.0,239450.0,152.89256198347107,75.0,72.0,77.0,0.9881279508014028,0.2666666666666666
2020-05-01,2020-07-31,Zip Code: 98178,Townhouse,521485.0,560990.0,288.51559176728506,8.0,1.0,3.0,0.9788507422474224,0.125
2019-09-01,2019-11-30,Zip Code: 98125,Condo/Co-op,287500.0,299000.0,352.70089873274924,18.0,16.0,9.0,0.9888782428728116,0.1666666666666666
2016-11-01,2017-01-31,Zip Code: 98136,Single Family Residential,620000.0,599950.0,329.03225806451616,49.0,25.0,13.0,1.0147142283816772,0.4081632653061224
2015-07-01,2015-09-30,Zip Code: 98144,Multi-Family (2-4 Unit),560700.0,724500.0,178.73817966903073,2.0,4.0,4.0,1.1532491652754593,0.5
2013-02-01,2013-04-30,Zip Code: 98136,Single Family Residential,456925.0,495000.0,237.4643303014089,48.0,69.0,23.0,1.0031638480999934,0.3333333333333333
2022-01-01,2022-03-31,Zip Code: 98107,Condo/Co-op,460000.0,469900.0,639.7058823529412,39.0,49.0,5.0,1.0196742628782671,0.5384615384615384
2017-09-01,2017-11-30,Zip Code: 98104,All Residential,542500.0,615000.0,615.7281553398059,25.0,23.0,10.0,1.0280485000650144,0.44
2012-08-01,2012-10-31,Zip Code: 98116,Multi-Family (2-4 Unit),275000.0,275000.0,202.2058823529412,1.0,1.0,,1.0,0.0
2014-03-01,2014-05-31,Zip Code: 98115,Condo/Co-op,210000.0,249900.0,206.3492063492064,25.0,35.0,12.0,1.0228285105856951,0.52
2021-12-01,2022-02-28,Zip Code: 98117,Townhouse,779950.0,815000.0,586.2068965517242,49.0,45.0,9.0,1.0183467892723106,0.346938775510204
2023-11-01,2024-01-31,Zip Code: 98105,Townhouse,982500.0,749950.0,650.2439446366782,4.0,7.0,5.0,1.0055387678952623,0.75
2012-08-01,2012-10-31,Zip Code: 98133,Townhouse,249950.0,244475.0,195.23288416471377,18.0,22.0,12.0,1.0019048078897532,0.1666666666666666
2015-08-01,2015-10-31,Zip Code: 98108,Multi-Family (2-4 Unit),434999.5,360000.0,172.70045628056783,2.0,2.0,1.0,0.9409345614035088,0.0
2012-02-01,2012-04-30,Zip Code: 98105,All Residential,520000.0,577000.0,262.56581834137774,58.0,92.0,43.0,0.9838567696407124,0.3448275862068965
2016-01-01,2016-03-31,Zip Code: 98122,All Residential,652100.0,619950.0,429.3714996888612,106.0,139.0,37.0,1.0326802364214696,0.5
2021-10-01,2021-12-31,Zip Code: 98133,Single Family Residential,780000.0,749950.0,464.43514644351467,145.0,103.0,2.0,1.0371666825531802,0.496551724137931
2019-01-01,2019-03-31,Zip Code: 98106,Single Family Residential,535000.0,594925.0,338.29499323410016,63.0,84.0,45.0,0.9879909713358828,0.3174603174603174
2016-01-01,2016-03-31,Zip Code: 98106,Condo/Co-op,228000.0,230000.0,126.66666666666669,1.0,3.0,1.0,1.0363636363636364,1.0
2018-05-01,2018-07-31,Zip Code: 98108,Single Family Residential,568000.0,570000.0,373.4549878345499,66.0,85.0,31.0,1.0469512262333036,0.5606060606060606
2017-08-01,2017-10-31,Zip Code: 98115,Single Family Residential,810000.0,750000.0,409.1954022988506,153.0,152.0,28.0,1.0595555587663437,0.6078431372549019
2019-11-01,2020-01-31,Zip Code: 98199,Condo/Co-op,544000.0,359000.0,421.05263157894734,7.0,7.0,4.0,0.977820043486116,0.1428571428571428
2019-09-01,2019-11-30,Zip Code: 98115,Townhouse,689880.0,749900.0,480.9778103796076,26.0,31.0,17.0,0.9952799426537922,0.0384615384615384
2017-01-01,2017-03-31,Zip Code: 98109,Condo/Co-op,500000.0,465000.0,574.1758241758241,46.0,56.0,13.0,1.0524123264461407,0.5869565217391304
2022-01-01,2022-03-31,Zip Code: 98105,Townhouse,850000.0,870000.0,643.939393939394,7.0,15.0,2.0,1.015394265913823,0.1428571428571428
2016-07-01,2016-09-30,Zip Code: 98105,Multi-Family (2-4 Unit),1650000.0,917500.0,,1.0,4.0,1.0,1.0,0.0
2021-10-01,2021-12-31,Zip Code: 98126,All Residential,672050.0,699950.0,462.70752895752895,144.0,75.0,4.0,1.0307184626987864,0.4930555555555555
2023-10-01,2023-12-31,Zip Code: 98144,Condo/Co-op,632500.0,686975.0,623.733804475854,15.0,10.0,7.0,1.008022282951656,0.2666666666666666
2014-07-01,2014-09-30,Zip Code: 98119,All Residential,527500.0,599500.0,365.1744130786048,108.0,111.0,61.0,1.0005711855909687,0.2777777777777777
2017-05-01,2017-07-31,Zip Code: 98177,Multi-Family (2-4 Unit),803600.0,699000.0,382.6666666666666,1.0,1.0,,1.1496423462088698,1.0
2020-01-01,2020-03-31,Zip Code: 98125,Townhouse,497000.0,579950.0,369.4029850746269,13.0,19.0,13.0,0.9926435973764424,0.0769230769230769
2014-08-01,2014-10-31,Zip Code: 98102,All Residential,406000.0,459950.0,394.52388797364085,97.0,91.0,36.0,0.9883909522233716,0.1752577319587628
2014-06-01,2014-08-31,Zip Code: 98115,Single Family Residential,589000.0,548800.0,288.989426271403,172.0,185.0,37.0,1.030130586593754,0.5348837209302325
2020-09-01,2020-11-30,Zip Code: 98108,All Residential,637500.0,625000.0,403.6050156739812,111.0,105.0,42.0,1.0162104703311312,0.4324324324324324
2012-01-01,2012-03-31,Zip Code: 98177,Townhouse,200000.0,205000.0,151.285930408472,1.0,3.0,3.0,0.9756097560975608,0.0
2016-08-01,2016-10-31,Zip Code: 98136,All Residential,590000.0,569225.0,339.6,91.0,104.0,23.0,1.025553423381945,0.4505494505494505
2015-03-01,2015-05-31,Zip Code: 98109,Single Family Residential,812500.0,962000.0,426.97827790967176,18.0,30.0,7.0,1.014887432293932,0.3888888888888889
2021-09-01,2021-11-30,Zip Code: 98144,Townhouse,717500.0,729500.0,519.6458679609068,58.0,60.0,23.0,1.0080623647873528,0.3275862068965517
2020-01-01,2020-03-31,Zip Code: 98102,Townhouse,769750.0,882475.0,635.348009963622,32.0,34.0,14.0,0.9981488195638936,0.21875
2015-03-01,2015-05-31,Zip Code: 98117,Single Family Residential,575000.0,565000.0,328.22014051522245,142.0,153.0,17.0,1.0604495892048826,0.6830985915492958
2019-12-01,2020-02-29,Zip Code: 98107,Single Family Residential,890000.0,959950.0,502.3086963130382,28.0,33.0,7.0,1.0230874447274134,0.25
2022-05-01,2022-07-31,Zip Code: 98104,All Residential,405000.0,583500.0,721.5189873417721,35.0,64.0,43.0,0.9809311253474398,0.0285714285714285
2020-01-01,2020-03-31,Zip Code: 98133,Condo/Co-op,292000.0,300000.0,376.2996693685843,34.0,38.0,17.0,0.9908459625710568,0.2941176470588235
2017-02-01,2017-04-30,Zip Code: 98117,Condo/Co-op,612000.0,389000.0,546.4285714285713,6.0,7.0,2.0,1.0140780475919573,0.3333333333333333
2012-09-01,2012-11-30,Zip Code: 98122,Single Family Residential,510000.0,589500.0,256.6158781074579,49.0,53.0,30.0,1.0017309115300823,0.3061224489795918
2019-06-01,2019-08-31,Zip Code: 98119,All Residential,950000.0,895000.0,581.3953488372093,131.0,113.0,72.0,0.99315982619768,0.2900763358778625
2013-08-01,2013-10-31,Zip Code: 98122,Condo/Co-op,260000.0,265000.0,411.9607404562649,46.0,32.0,15.0,0.9999758371176852,0.3695652173913043
2013-04-01,2013-06-30,Zip Code: 98133,Multi-Family (2-4 Unit),452750.0,447475.0,136.94620253164558,4.0,8.0,5.0,0.9826538086263816,0.25
2016-02-01,2016-04-30,Zip Code: 98112,Townhouse,782500.0,799950.0,537.2500933648699,12.0,16.0,2.0,1.041023421431406,0.5833333333333333
2015-05-01,2015-07-31,Zip Code: 98175,All Residential,380000.0,375000.0,342.3423423423424,1.0,1.0,,1.0133333333333334,1.0
2019-12-01,2020-02-29,Zip Code: 98144,Single Family Residential,759500.0,925000.0,418.84917950403,42.0,31.0,14.0,0.9880166193718396,0.2619047619047619
2023-09-01,2023-11-30,Zip Code: 98116,Single Family Residential,1055000.0,992000.0,548.5270230360305,58.0,64.0,21.0,1.008142926724207,0.3275862068965517
2022-09-01,2022-11-30,Zip Code: 98107,Multi-Family (2-4 Unit),685000.0,1200000.0,570.8333333333334,1.0,3.0,3.0,0.9319727891156462,0.0
2016-02-01,2016-04-30,Zip Code: 98136,Townhouse,456550.0,433725.0,342.7051273338059,10.0,12.0,1.0,1.0690828929123248,1.0
2023-02-01,2023-04-30,Zip Code: 98177,Townhouse,619000.0,629950.0,524.0793201133145,7.0,11.0,4.0,1.0119648463254076,0.5714285714285714
2023-05-01,2023-07-31,Zip Code: 98118,Condo/Co-op,535000.0,379000.0,563.1578947368421,13.0,13.0,6.0,1.004855634801903,0.4615384615384615
2016-03-01,2016-05-31,Zip Code: 98146,Townhouse,207000.0,,165.3738148858676,4.0,,1.0,1.0424711180620412,0.75
2013-09-01,2013-11-30,Zip Code: 98125,Single Family Residential,414950.0,417000.0,228.47682119205297,99.0,96.0,42.0,0.9975926014262774,0.3636363636363636
2020-06-01,2020-08-31,Zip Code: 98133,Multi-Family (2-4 Unit),806500.0,784500.0,350.68218098373745,2.0,6.0,5.0,0.9069217391304348,0.0
2016-06-01,2016-08-31,Zip Code: 98115,Condo/Co-op,288500.0,279000.0,306.3677300379256,46.0,49.0,6.0,1.0288937315952262,0.5217391304347825
2017-08-01,2017-10-31,Zip Code: 98118,Condo/Co-op,380000.0,359500.0,387.0967741935484,9.0,6.0,,1.0729118557031494,0.6666666666666666
2018-09-01,2018-11-30,Zip Code: 98119,Single Family Residential,1175000.0,1049000.0,523.3952702702702,22.0,26.0,21.0,1.0032292679779902,0.2272727272727272
2015-02-01,2015-04-30,Zip Code: 98106,All Residential,323000.0,329900.0,209.72222222222223,117.0,115.0,36.0,1.0169219154109796,0.4273504273504273
2014-04-01,2014-06-30,Zip Code: 98101,Condo/Co-op,510000.0,595000.0,509.9403080917232,46.0,68.0,31.0,0.9826394132261695,0.2608695652173913
2016-11-01,2017-01-31,Zip Code: 98105,Single Family Residential,799500.0,799000.0,416.02564102564094,64.0,36.0,11.0,1.0214105447983397,0.46875
2014-12-01,2015-02-28,Zip Code: 98112,All Residential,825000.0,1050000.0,398.157625383828,63.0,61.0,34.0,1.0126073232462487,0.3492063492063491
2017-12-01,2018-02-28,Zip Code: 98178,All Residential,450000.0,500000.0,267.7732942039618,107.0,84.0,30.0,1.0190695091998692,0.4018691588785046
2013-03-01,2013-05-31,Zip Code: 98106,Condo/Co-op,214950.0,129444.0,198.76327737597904,2.0,2.0,,0.9857142857142857,0.0
2023-11-01,2024-01-31,Zip Code: 98122,Multi-Family (2-4 Unit),1415000.0,1395000.0,423.1158320687911,3.0,2.0,2.0,0.9277360269446844,0.0
2016-04-01,2016-06-30,Zip Code: 98106,Condo/Co-op,231050.0,235000.0,259.9592959710549,4.0,5.0,1.0,1.0316510309083848,0.5
2017-07-01,2017-09-30,Zip Code: 98144,Condo/Co-op,362000.0,374500.0,442.2670599556504,16.0,13.0,5.0,1.0349572207120363,0.4375
2017-02-01,2017-04-30,Zip Code: 98134,All Residential,1442209.5,487495.0,742.8927318301453,2.0,2.0,2.0,1.0898007715488505,0.5
2018-03-01,2018-05-31,Zip Code: 98112,All Residential,1258750.0,1272500.0,623.6743815992131,106.0,128.0,37.0,1.0549098443817806,0.5471698113207547
2020-07-01,2020-09-30,Zip Code: 98144,Townhouse,690000.0,699475.0,514.7058823529412,69.0,74.0,41.0,1.008733581827896,0.3043478260869565
2013-03-01,2013-05-31,Zip Code: 98108,All Residential,275000.0,299980.0,178.88933440256616,70.0,89.0,34.0,0.9977327524239812,0.3142857142857142
2019-01-01,2019-03-31,Zip Code: 98115,Townhouse,659475.0,711880.0,465.4721503445009,10.0,32.0,14.0,0.9847651743158726,0.0
2022-03-01,2022-05-31,Zip Code: 98125,Townhouse,799000.0,617475.0,471.6981132075472,43.0,20.0,6.0,1.032989816294654,0.3255813953488372
2018-06-01,2018-08-31,Zip Code: 98106,Townhouse,480000.0,499974.5,357.9881656804734,31.0,46.0,20.0,1.006918653396939,0.3870967741935483
2021-07-01,2021-09-30,Zip Code: 98118,All Residential,748995.0,699990.0,436.5271068169619,188.0,243.0,81.0,1.0416360252314678,0.5053191489361702
2019-06-01,2019-08-31,Zip Code: 98115,Condo/Co-op,403000.0,427000.0,459.9358974358975,49.0,59.0,29.0,0.9978728033179052,0.2244897959183673
2019-10-01,2019-12-31,Zip Code: 98106,All Residential,545000.0,549000.0,338.6363636363636,115.0,109.0,55.0,0.9919504046375418,0.217391304347826
2014-09-01,2014-11-30,Zip Code: 98102,Multi-Family (2-4 Unit),950000.0,897499.5,395.83333333333326,1.0,2.0,1.0,0.9793824529716008,0.0
2023-08-01,2023-10-31,Zip Code: 98109,Single Family Residential,1675000.0,1590000.0,604.6931407942238,23.0,27.0,11.0,1.0007063023968843,0.3043478260869565
2017-04-01,2017-06-30,Zip Code: 98108,Condo/Co-op,410000.0,400000.0,273.41490545050056,2.0,1.0,,1.0,0.0
2021-10-01,2021-12-31,Zip Code: 98178,All Residential,620586.0,599475.0,349.39205361416947,101.0,76.0,12.0,1.038025926734913,0.5247524752475247
2020-07-01,2020-09-30,Zip Code: 98107,Single Family Residential,925000.0,925000.0,527.8688524590164,71.0,71.0,14.0,1.0310939078457235,0.5070422535211268
2015-12-01,2016-02-29,Zip Code: 98119,Condo/Co-op,375000.0,314925.0,393.22105263157897,27.0,26.0,11.0,1.0165343103548574,0.4814814814814814
2023-05-01,2023-07-31,Zip Code: 98133,All Residential,737750.0,730000.0,460.21330445269047,174.0,185.0,70.0,1.010817748615195,0.3563218390804597
2017-03-01,2017-05-31,Zip Code: 98105,All Residential,840000.0,824995.0,454.770533756154,102.0,131.0,25.0,1.0937988815384043,0.6568627450980392
2012-03-01,2012-05-31,Zip Code: 98144,Multi-Family (2-4 Unit),233750.0,325000.0,115.72726981553708,2.0,5.0,4.0,0.9922844380273428,0.5
2013-05-01,2013-07-31,Zip Code: 98125,All Residential,345000.0,350000.0,210.6094890510949,152.0,194.0,82.0,1.0230736406704486,0.5
2018-06-01,2018-08-31,Zip Code: 98106,Single Family Residential,580475.0,569000.0,362.4842171717172,90.0,111.0,49.0,1.0319718910885,0.511111111111111
2013-06-01,2013-08-31,Zip Code: 98109,All Residential,407000.0,404950.0,351.9107874837692,106.0,130.0,67.0,1.0060029394605683,0.3679245283018867
2015-04-01,2015-06-30,Zip Code: 98108,Townhouse,300000.0,424850.0,285.71428571428567,3.0,9.0,2.0,1.0226556737116048,0.6666666666666666
2012-10-01,2012-12-31,Zip Code: 98106,Condo/Co-op,110000.0,,118.11023622047244,3.0,,,0.9374467387741724,0.0
2020-02-01,2020-04-30,Zip Code: 98117,Single Family Residential,882000.0,879500.0,456.25,89.0,120.0,30.0,1.054313036684853,0.6741573033707865
2015-06-01,2015-08-31,Zip Code: 98112,Single Family Residential,1228500.0,1165000.0,428.99539262820514,70.0,58.0,27.0,1.0264246228101404,0.4428571428571428
2014-09-01,2014-11-30,Zip Code: 98126,Condo/Co-op,251250.0,180000.0,262.9114017043785,14.0,13.0,8.0,0.9946418063158846,0.2142857142857142
2020-01-01,2020-03-31,Zip Code: 98125,Single Family Residential,700000.0,700000.0,363.4259259259259,63.0,79.0,20.0,1.0104381421774686,0.4126984126984126
2018-12-01,2019-02-28,Zip Code: 98178,Single Family Residential,461000.0,549750.0,267.21290878414766,66.0,42.0,30.0,0.9790114632185696,0.1666666666666666
2016-03-01,2016-05-31,Zip Code: 98112,All Residential,949000.0,850000.0,493.5897435897436,131.0,165.0,44.0,1.0267004584082335,0.4961832061068702
2013-11-01,2014-01-31,Zip Code: 98108,Townhouse,301800.0,284000.0,245.92592592592592,7.0,11.0,8.0,0.9926020562725774,0.1428571428571428
2014-07-01,2014-09-30,Zip Code: 98133,Townhouse,327000.0,319950.0,228.19291379132764,22.0,33.0,15.0,1.0021113399497716,0.4090909090909091
2016-07-01,2016-09-30,Zip Code: 98106,Multi-Family (2-4 Unit),605000.0,549950.0,194.2215088282504,1.0,1.0,2.0,1.008501416902817,1.0
2020-10-01,2020-12-31,Zip Code: 98102,Single Family Residential,1355000.0,1300000.0,564.0933074992079,22.0,18.0,6.0,0.9730171531048613,0.1818181818181818
2019-10-01,2019-12-31,Zip Code: 98107,Townhouse,696250.0,749950.0,511.2697757806507,66.0,37.0,9.0,0.99190512129781,0.1666666666666666
2016-05-01,2016-07-31,Zip Code: 98108,All Residential,452000.0,416500.0,297.8938089256799,102.0,104.0,25.0,1.053367168936408,0.5490196078431373
2021-06-01,2021-08-31,Zip Code: 98125,Condo/Co-op,350000.0,343050.0,406.487232574189,20.0,30.0,9.0,1.0176549656471263,0.45
2013-11-01,2014-01-31,Zip Code: 98117,Multi-Family (2-4 Unit),539650.0,622475.0,233.78778467908904,2.0,2.0,1.0,0.9493846201827898,0.5
2021-02-01,2021-04-30,Zip Code: 98144,All Residential,662000.0,691725.0,512.5661375661375,155.0,178.0,52.0,1.02203827861772,0.3806451612903225
2016-03-01,2016-05-31,Zip Code: 98115,All Residential,660000.0,672450.0,362.3595505617977,199.0,252.0,41.0,1.0791783420659755,0.6884422110552763
2022-10-01,2022-12-31,Zip Code: 98109,Townhouse,912500.0,1079500.0,666.0988074957411,12.0,18.0,11.0,0.9616278817619012,0.0833333333333333
2017-10-01,2017-12-31,Zip Code: 98133,Townhouse,535500.0,604950.0,376.3101277994124,22.0,22.0,1.0,1.038854888426215,0.4090909090909091
2014-06-01,2014-08-31,Zip Code: 98101,All Residential,523000.0,535000.0,585.7294994675185,53.0,69.0,28.0,0.9879809842379804,0.3018867924528301
2012-08-01,2012-10-31,Zip Code: 98115,Condo/Co-op,174500.0,195000.0,190.53422850997947,34.0,35.0,24.0,0.9679712707708906,0.0294117647058823
2019-10-01,2019-12-31,Zip Code: 98126,Townhouse,569950.0,594975.0,344.2211055276382,27.0,24.0,11.0,0.9865151683123884,0.0
2014-03-01,2014-05-31,Zip Code: 98125,Multi-Family (2-4 Unit),565000.0,524975.0,142.71280626420813,3.0,6.0,5.0,0.9055463603374218,0.0
2012-05-01,2012-07-31,Zip Code: 98102,Multi-Family (2-4 Unit),420000.0,692000.0,170.04048582995952,1.0,2.0,5.0,1.037037037037037,1.0
2020-04-01,2020-06-30,Zip Code: 98122,Single Family Residential,1248300.0,1125000.0,511.7243867243867,45.0,68.0,25.0,1.0149921909761903,0.3111111111111111
2013-01-01,2013-03-31,Zip Code: 98106,All Residential,215975.0,236250.0,147.80403605600188,66.0,100.0,51.0,0.9823726140135725,0.2575757575757575
2021-11-01,2022-01-31,Zip Code: 98107,All Residential,786000.0,849975.0,596.8641114982578,147.0,112.0,12.0,1.0201118602610524,0.3537414965986394
2019-06-01,2019-08-31,Zip Code: 98133,All Residential,557500.0,563000.0,357.1428571428572,211.0,221.0,116.0,0.9998475451069674,0.3033175355450237
2013-10-01,2013-12-31,Zip Code: 98119,Townhouse,639950.0,389950.0,332.88948069241013,9.0,10.0,13.0,0.9782742959360512,0.0
2013-04-01,2013-06-30,Zip Code: 98115,Condo/Co-op,183000.0,179888.0,204.54545454545453,29.0,35.0,19.0,1.0055530550269964,0.4137931034482758
2012-09-01,2012-11-30,Zip Code: 98102,Townhouse,592000.0,760000.0,391.7252672935721,8.0,13.0,13.0,0.9929595092181976,0.125
2013-08-01,2013-10-31,Zip Code: 98122,Townhouse,519000.0,519950.0,305.0254452926209,25.0,24.0,9.0,0.9977960837604352,0.12
2016-08-01,2016-10-31,Zip Code: 98144,All Residential,549950.0,549950.0,379.44998302416735,150.0,154.0,56.0,1.0196869106774058,0.4133333333333333
2013-06-01,2013-08-31,Zip Code: 98146,Condo/Co-op,115000.0,277500.0,106.48148148148148,9.0,12.0,11.0,0.9640509847137686,0.1111111111111111
2022-07-01,2022-09-30,Zip Code: 98146,Condo/Co-op,337200.0,329400.0,324.5744680851064,4.0,11.0,8.0,0.9908765363314714,0.0
2021-09-01,2021-11-30,Zip Code: 98117,All Residential,926760.0,875000.0,547.85522307634,230.0,223.0,25.0,1.0451710810007666,0.4826086956521739
2014-07-01,2014-09-30,Zip Code: 98125,Condo/Co-op,177000.0,191225.0,196.8627059257438,24.0,22.0,9.0,0.9999883575912604,0.2083333333333333
2014-01-01,2014-03-31,Zip Code: 98106,Condo/Co-op,165000.0,163700.0,162.4015748031496,3.0,6.0,3.0,0.9730244423643232,0.3333333333333333
2019-11-01,2020-01-31,Zip Code: 98116,Single Family Residential,948150.0,869950.0,417.91068751338616,40.0,36.0,20.0,1.0065769711631485,0.275
2014-10-01,2014-12-31,Zip Code: 98144,Condo/Co-op,242000.0,199950.0,309.8006644518273,16.0,13.0,9.0,0.98427714555855,0.125
2016-11-01,2017-01-31,Zip Code: 98144,All Residential,599000.0,639925.0,377.99631223110015,109.0,84.0,34.0,1.0175966674161014,0.3302752293577981
2015-11-01,2016-01-31,Zip Code: 98126,Single Family Residential,535000.0,550000.0,288.19277108433727,75.0,53.0,20.0,1.020343581952502,0.4666666666666666
2018-03-01,2018-05-31,Zip Code: 98105,Multi-Family (2-4 Unit),1400000.0,1185000.0,471.38047138047136,1.0,2.0,,0.9824561403508772,0.0
2019-09-01,2019-11-30,Zip Code: 98101,All Residential,625450.0,735000.0,725.8256880733945,32.0,51.0,46.0,0.9826599816275206,0.03125
2019-01-01,2019-03-31,Zip Code: 98108,All Residential,593000.0,598950.0,340.14204545454544,43.0,85.0,50.0,1.0031100222720872,0.2325581395348837
2018-06-01,2018-08-31,Zip Code: 98133,Single Family Residential,622500.0,622000.0,375.2079619726678,128.0,174.0,73.0,1.026958680967422,0.5390625
2013-09-01,2013-11-30,Zip Code: 98106,All Residential,277450.0,279000.0,186.59533008848075,78.0,115.0,95.0,0.9928381202256008,0.2948717948717948
2019-02-01,2019-04-30,Zip Code: 98144,Townhouse,654000.0,664499.5,463.4831460674157,47.0,48.0,20.0,0.997697728768807,0.1702127659574468
2019-05-01,2019-07-31,Zip Code: 98105,Condo/Co-op,470000.0,525000.0,514.3651529193697,19.0,17.0,13.0,0.997810055167248,0.3684210526315789
2022-01-01,2022-03-31,Zip Code: 98126,Single Family Residential,880000.0,812000.0,553.5085560687513,60.0,76.0,6.0,1.1297090734544344,0.75
2022-11-01,2023-01-31,Zip Code: 98107,Townhouse,780000.0,829999.0,583.4536934091169,28.0,37.0,13.0,0.9880557071064237,0.0714285714285714
2015-03-01,2015-05-31,Zip Code: 98109,All Residential,415000.0,422500.0,420.7699194270367,93.0,142.0,37.0,1.0128935507543133,0.4623655913978494
2014-06-01,2014-08-31,Zip Code: 98133,Multi-Family (2-4 Unit),464000.0,515000.0,194.14225941422595,3.0,6.0,5.0,0.9560724474970188,0.0
2019-12-01,2020-02-29,Zip Code: 98199,Multi-Family (2-4 Unit),1248500.0,,342.05479452054794,1.0,,,0.9988,0.0
2012-03-01,2012-05-31,Zip Code: 98112,Townhouse,569995.0,484950.0,356.246875,13.0,5.0,2.0,0.9940293242149364,0.2307692307692307
2014-06-01,2014-08-31,Zip Code: 98115,Townhouse,434000.0,454925.0,320.8874458874459,12.0,18.0,6.0,1.0114370342312564,0.4166666666666666
2012-01-01,2012-03-31,Zip Code: 98175,All Residential,250000.0,209000.0,180.50541516245488,4.0,1.0,,0.9852941176470588,0.0
2012-07-01,2012-09-30,Zip Code: 98133,Townhouse,241475.0,249950.0,195.23288416471377,18.0,24.0,13.0,0.9988799928228652,0.2222222222222222
2023-10-01,2023-12-31,Zip Code: 98116,All Residential,799000.0,798950.0,562.6529363784665,80.0,66.0,36.0,1.004898483900187,0.2999999999999999
2017-11-01,2018-01-31,Zip Code: 98109,Multi-Family (2-4 Unit),1117500.0,1117500.0,325.5949582664384,2.0,2.0,2.0,1.0,0.0
2015-04-01,2015-06-30,Zip Code: 98136,Townhouse,417750.0,400000.0,311.41425389755005,16.0,17.0,2.0,1.0229676914473147,0.625
2013-05-01,2013-07-31,Zip Code: 98109,Single Family Residential,677500.0,799000.0,302.90910519059986,28.0,35.0,15.0,1.0194960395106611,0.5
2023-01-01,2023-03-31,Zip Code: 98112,Condo/Co-op,455000.0,721500.0,783.0805278086077,8.0,16.0,9.0,0.9911111103802972,0.125
2023-03-01,2023-05-31,Zip Code: 98117,Townhouse,833500.0,809900.0,585.9375,29.0,44.0,21.0,1.005706500231838,0.3793103448275861
2016-11-01,2017-01-31,Zip Code: 98102,All Residential,582000.0,593500.0,529.9085598171196,74.0,52.0,14.0,1.011139792828886,0.4054054054054054
2016-11-01,2017-01-31,Zip Code: 98109,Condo/Co-op,450000.0,444500.0,543.7589670014347,53.0,42.0,8.0,1.0278063926417873,0.4339622641509434
2021-10-01,2021-12-31,Zip Code: 98112,Townhouse,821500.0,774000.0,673.8544249117272,20.0,19.0,2.0,1.0178353837666774,0.3499999999999999
2013-01-01,2013-03-31,Zip Code: 98118,Multi-Family (2-4 Unit),363000.0,369000.0,189.0625,3.0,3.0,1.0,0.9728395996377868,0.3333333333333333
2023-04-01,2023-06-30,Zip Code: 98118,Multi-Family (2-4 Unit),750000.0,1050000.0,315.12605042016804,1.0,2.0,1.0,1.0,0.0
2018-12-01,2019-02-28,Zip Code: 98108,Single Family Residential,528700.0,549500.0,313.3659152283668,36.0,23.0,22.0,0.99568398291711,0.3333333333333333
2023-05-01,2023-07-31,Zip Code: 98199,Single Family Residential,1317500.0,1300000.0,618.0868838763575,70.0,83.0,26.0,1.0188185143652362,0.4714285714285714
2017-12-01,2018-02-28,Zip Code: 98177,Condo/Co-op,1080000.0,587475.0,326.5837431298814,9.0,2.0,1.0,1.0156256537801358,0.4444444444444444
2022-10-01,2022-12-31,Zip Code: 98119,All Residential,900000.0,922000.0,581.9881053525913,65.0,48.0,26.0,0.9796099740710904,0.1692307692307692
2023-01-01,2023-03-31,Zip Code: 98178,Townhouse,415000.0,579500.0,348.7394957983193,1.0,1.0,1.0,0.9325863653626189,0.0
2016-04-01,2016-06-30,Zip Code: 98119,Multi-Family (2-4 Unit),1051700.0,950000.0,322.1568290517513,6.0,5.0,2.0,1.0271767541948933,0.1666666666666666
2015-06-01,2015-08-31,Zip Code: 98102,All Residential,445000.0,575000.0,457.516339869281,109.0,111.0,35.0,1.0142264442866338,0.4036697247706422
2012-11-01,2013-01-31,Zip Code: 98107,Single Family Residential,460000.0,426975.0,250.6184668989547,32.0,10.0,5.0,1.0078878736885064,0.46875
2015-08-01,2015-10-31,Zip Code: 98106,Townhouse,321269.0,307500.0,225.4359591100421,25.0,30.0,13.0,1.0176731327560369,0.5999999999999999
2022-05-01,2022-07-31,Zip Code: 98146,Multi-Family (2-4 Unit),1080000.0,798713.0,417.7377892030848,3.0,5.0,2.0,1.011340893929286,0.3333333333333333
2012-11-01,2013-01-31,Zip Code: 98115,Single Family Residential,472900.0,475000.0,236.76470588235293,115.0,88.0,36.0,0.997482940069942,0.3478260869565217
2021-01-01,2021-03-31,Zip Code: 98194,All Residential,687000.0,,540.5192761605035,1.0,,3.0,0.982832618025751,0.0
2017-12-01,2018-02-28,Zip Code: 98125,Townhouse,578500.0,520000.0,393.8101532487918,6.0,6.0,,1.120441406772256,0.8333333333333333
2023-11-01,2024-01-31,Zip Code: 98144,Multi-Family (2-4 Unit),910000.0,1225557.5,441.5084820583969,2.0,2.0,2.0,0.9381883368467536,0.0
2014-10-01,2014-12-31,Zip Code: 98106,Condo/Co-op,174225.0,159875.0,179.61340206185568,3.0,4.0,2.0,0.9955760676300304,0.3333333333333333
2023-03-01,2023-05-31,Zip Code: 98136,Single Family Residential,1075000.0,1150000.0,557.3770491803278,43.0,47.0,7.0,1.0249093736657011,0.4651162790697674
2021-08-01,2021-10-31,Zip Code: 98126,Single Family Residential,745000.0,725000.0,478.9272030651341,95.0,113.0,21.0,1.0448944947958507,0.6105263157894736
2022-02-01,2022-04-30,Zip Code: 98106,Condo/Co-op,260000.0,349950.0,365.5098714460575,8.0,5.0,1.0,1.0168681595297413,0.75
2022-10-01,2022-12-31,Zip Code: 98118,Multi-Family (2-4 Unit),705000.0,1324975.0,409.8837209302326,1.0,2.0,2.0,1.0072148010572184,1.0
2017-01-01,2017-03-31,Zip Code: 98126,All Residential,526250.0,514995.0,342.365256694525,90.0,114.0,28.0,1.0386324271265768,0.5555555555555555
2012-04-01,2012-06-30,Zip Code: 98126,Single Family Residential,328800.0,327000.0,210.08,71.0,92.0,55.0,0.991386961908432,0.4084507042253521
2013-09-01,2013-11-30,Zip Code: 98117,Townhouse,395000.0,399950.0,248.6187845303868,19.0,20.0,3.0,0.9989938554514212,0.3157894736842105
2022-01-01,2022-03-31,Zip Code: 98109,Townhouse,1392500.0,1049000.0,784.313725490196,8.0,11.0,3.0,1.0330836451567016,0.375
2016-06-01,2016-08-31,Zip Code: 98115,Single Family Residential,758100.0,695000.0,354.6653543307086,190.0,187.0,34.0,1.0650422471847618,0.626315789473684
2014-11-01,2015-01-31,Zip Code: 98115,Multi-Family (2-4 Unit),736000.0,736000.0,276.59574468085106,3.0,1.0,2.0,0.981962766369136,0.0
2018-12-01,2019-02-28,Zip Code: 98107,Townhouse,756500.0,764500.0,504.2122351332878,34.0,32.0,16.0,0.9922235211254462,0.2352941176470588
2013-08-01,2013-10-31,Zip Code: 98199,Condo/Co-op,237000.0,242000.0,231.76291793313067,25.0,22.0,13.0,0.9851975943699884,0.28
2012-08-01,2012-10-31,Zip Code: 98104,All Residential,210000.0,399000.0,285.9375,23.0,19.0,17.0,0.9784969945913232,0.0869565217391304
2022-05-01,2022-07-31,Zip Code: 98118,Townhouse,802000.0,676500.0,524.2555358834543,32.0,52.0,21.0,1.0114754483877153,0.25
2018-06-01,2018-08-31,Zip Code: 98126,All Residential,585000.0,599975.0,391.48936170212767,157.0,182.0,94.0,1.0186668608086908,0.3694267515923566
2015-06-01,2015-08-31,Zip Code: 98105,Condo/Co-op,264500.0,305000.0,370.0189753320682,17.0,19.0,6.0,1.0127067440601347,0.4705882352941176
2016-08-01,2016-10-31,Zip Code: 98107,Condo/Co-op,387500.0,379000.0,508.5670689338119,50.0,49.0,6.0,1.0216677686989453,0.52
2015-07-01,2015-09-30,Zip Code: 98109,Multi-Family (2-4 Unit),704000.0,1350000.0,307.4235807860262,1.0,1.0,1.0,1.091642115056598,1.0
2014-11-01,2015-01-31,Zip Code: 98106,Single Family Residential,313500.0,349000.0,185.52236842105265,54.0,53.0,33.0,0.9893100872308638,0.2222222222222222
2020-11-01,2021-01-31,Zip Code: 98105,Multi-Family (2-4 Unit),995000.0,1187500.0,390.1960784313725,3.0,2.0,3.0,0.9358873499230516,0.0
2018-01-01,2018-03-31,Zip Code: 98126,Multi-Family (2-4 Unit),1217500.0,1180000.0,511.22516468131306,2.0,3.0,,1.0456521739130435,0.5
2014-11-01,2015-01-31,Zip Code: 98109,Condo/Co-op,329000.0,334950.0,395.7770448548813,43.0,38.0,22.0,0.981897423644244,0.2325581395348837
2016-01-01,2016-03-31,Zip Code: 98112,Condo/Co-op,502475.0,329950.0,565.1649958228905,16.0,27.0,9.0,1.0202102963100832,0.5625
2015-09-01,2015-11-30,Zip Code: 98115,Townhouse,545500.0,539000.0,401.3150583909161,12.0,10.0,1.0,1.0186216102039083,0.4166666666666666
2019-03-01,2019-05-31,Zip Code: 98125,Condo/Co-op,375000.0,369500.0,354.25531914893617,17.0,25.0,9.0,0.9861850393940452,0.2352941176470588
2015-03-01,2015-05-31,Zip Code: 98107,Single Family Residential,641975.0,638950.0,374.4281045751634,50.0,69.0,11.0,1.0483699237868722,0.62
2023-04-01,2023-06-30,Zip Code: 98116,Single Family Residential,1079500.0,1137250.0,580.7689669364796,60.0,76.0,23.0,1.0379031015744171,0.5333333333333333
2022-09-01,2022-11-30,Zip Code: 98105,All Residential,1142475.0,1085000.0,577.6289553532728,76.0,81.0,46.0,0.9796013766471005,0.1973684210526315
2018-11-01,2019-01-31,Zip Code: 98106,Single Family Residential,538500.0,549950.0,330.3511372057231,56.0,59.0,40.0,0.9826293778389118,0.2142857142857142
2021-10-01,2021-12-31,Zip Code: 98122,Townhouse,789950.0,825000.0,620.4586330935252,65.0,47.0,6.0,1.011183056974997,0.2615384615384615
2021-08-01,2021-10-31,Zip Code: 98109,Condo/Co-op,525000.0,565000.0,620.1550387596899,77.0,82.0,43.0,0.9909451487484487,0.2467532467532467
2014-07-01,2014-09-30,Zip Code: 98144,Multi-Family (2-4 Unit),426000.0,537499.5,184.319589079651,4.0,2.0,7.0,1.0015528672142893,0.5
2023-02-01,2023-04-30,Zip Code: 98144,Condo/Co-op,355000.0,440500.0,623.1771261259915,10.0,12.0,7.0,0.9956081920102235,0.1
2015-04-01,2015-06-30,Zip Code: 98178,Single Family Residential,280000.0,324900.0,174.80569948186528,91.0,107.0,50.0,1.0096860804253711,0.4395604395604395
2014-09-01,2014-11-30,Zip Code: 98199,Condo/Co-op,206250.0,234900.0,275.7429670307521,14.0,11.0,3.0,0.9927421104288696,0.1428571428571428
2016-06-01,2016-08-31,Zip Code: 98115,Townhouse,607500.0,518000.0,425.8241758241758,12.0,10.0,1.0,1.0422360221786693,0.6666666666666666
2014-12-01,2015-02-28,Zip Code: 98125,Condo/Co-op,167500.0,210000.0,196.0179744592899,8.0,13.0,5.0,0.9829141566130412,0.0
2017-07-01,2017-09-30,Zip Code: 98115,Townhouse,818475.0,694000.0,518.9863806056137,22.0,18.0,2.0,1.0326825756191198,0.6363636363636364
2015-05-01,2015-07-31,Zip Code: 98125,All Residential,418000.0,419000.0,260.2523659305993,171.0,175.0,37.0,1.0290705100615638,0.543859649122807
2012-09-01,2012-11-30,Zip Code: 98107,Townhouse,400000.0,404950.0,277.37226277372264,21.0,19.0,6.0,0.9984769718841096,0.3333333333333333
2014-03-01,2014-05-31,Zip Code: 98102,Multi-Family (2-4 Unit),695000.0,599950.0,294.49152542372883,1.0,3.0,,1.0,0.0
2012-03-01,2012-05-31,Zip Code: 98133,All Residential,238500.0,275000.0,159.26541885062977,158.0,169.0,100.0,0.9963563383776916,0.2721518987341772
2014-08-01,2014-10-31,Zip Code: 98126,Townhouse,336000.0,385000.0,225.08461798824572,14.0,15.0,8.0,0.9983676357023836,0.2142857142857142
2021-09-01,2021-11-30,Zip Code: 98177,Townhouse,675000.0,650000.0,548.872180451128,5.0,5.0,,1.0232949365068666,0.4
2015-01-01,2015-03-31,Zip Code: 98146,Condo/Co-op,155584.0,129987.5,150.46808510638297,4.0,4.0,2.0,0.9757632935585115,0.0
2019-10-01,2019-12-31,Zip Code: 98199,Multi-Family (2-4 Unit),1200000.0,,402.6845637583893,3.0,,,0.967148546293316,0.3333333333333333
2014-06-01,2014-08-31,Zip Code: 98112,Townhouse,573000.0,532000.0,404.2386185243328,7.0,7.0,2.0,1.021819693497638,0.2857142857142857
2015-10-01,2015-12-31,Zip Code: 98194,Condo/Co-op,875000.0,,473.74120194910665,1.0,,,0.9722222222222222,0.0
2017-03-01,2017-05-31,Zip Code: 98116,All Residential,691750.0,685000.0,410.4623481497905,148.0,155.0,34.0,1.063907719525313,0.6554054054054053
2022-02-01,2022-04-30,Zip Code: 98133,Condo/Co-op,372450.0,360000.0,456.8474664004584,34.0,43.0,6.0,1.0771467959532774,0.6470588235294118
2019-06-01,2019-08-31,Zip Code: 98106,Condo/Co-op,290000.0,329888.0,283.7573385518591,2.0,5.0,1.0,0.9716981132075472,0.0
2015-05-01,2015-07-31,Zip Code: 98109,Condo/Co-op,350000.0,378880.0,433.2983193277311,89.0,93.0,25.0,1.0162232466698535,0.4719101123595505
2015-08-01,2015-10-31,Zip Code: 98118,Condo/Co-op,270500.0,215000.0,325.70679372552127,8.0,7.0,5.0,1.004702383081741,0.375
2013-04-01,2013-06-30,Zip Code: 98116,Condo/Co-op,330000.0,369000.0,341.6435826408125,21.0,43.0,28.0,0.9785574541236624,0.0952380952380952
2016-03-01,2016-05-31,Zip Code: 98117,Condo/Co-op,525000.0,627200.0,495.75070821529744,1.0,4.0,2.0,0.9562841530054644,0.0
2018-11-01,2019-01-31,Zip Code: 98177,Single Family Residential,740500.0,825000.0,317.0272286460276,45.0,35.0,28.0,0.9691067324096052,0.2222222222222222
2019-11-01,2020-01-31,Zip Code: 98117,All Residential,740000.0,709950.0,435.67251461988303,139.0,91.0,32.0,0.993680666189566,0.2517985611510791
2022-09-01,2022-11-30,Zip Code: 98133,Townhouse,717500.0,659900.0,498.546866333888,17.0,37.0,35.0,0.9840870537404584,0.0588235294117647
2012-10-01,2012-12-31,Zip Code: 98177,Single Family Residential,510000.0,425000.0,199.4094488188977,66.0,37.0,35.0,0.9758334727108584,0.1666666666666666
2021-02-01,2021-04-30,Zip Code: 98136,Condo/Co-op,407500.0,415000.0,495.9546925566343,14.0,14.0,3.0,0.9995320399592796,0.3571428571428571
2020-08-01,2020-10-31,Zip Code: 98108,All Residential,629950.0,627475.0,380.4311760612387,100.0,134.0,59.0,1.0176388095388358,0.4099999999999999
2016-09-01,2016-11-30,Zip Code: 98102,Multi-Family (2-4 Unit),1400000.0,1622000.0,418.6602870813397,3.0,2.0,1.0,1.0259173723376958,0.3333333333333333
2016-07-01,2016-09-30,Zip Code: 98117,Condo/Co-op,377500.0,375000.0,402.9733167501903,8.0,9.0,3.0,1.0667776464232483,0.625
2015-09-01,2015-11-30,Zip Code: 98178,Single Family Residential,335000.0,319975.0,187.5,73.0,88.0,39.0,1.014063875690167,0.4657534246575342
2023-05-01,2023-07-31,Zip Code: 98146,Condo/Co-op,367500.0,439000.0,349.53703703703707,6.0,7.0,2.0,0.9910910345692951,0.0
2013-04-01,2013-06-30,Zip Code: 98119,Townhouse,529950.0,550000.0,348.6513157894737,15.0,19.0,6.0,0.9845984656816776,0.1333333333333333
2020-10-01,2020-12-31,Zip Code: 98116,Condo/Co-op,642750.0,747000.0,513.6151558985046,22.0,15.0,17.0,0.9860997058747067,0.2272727272727272
2019-05-01,2019-07-31,Zip Code: 98102,Condo/Co-op,462750.0,449975.0,679.1696530503136,78.0,106.0,62.0,0.9938609760137256,0.2307692307692307
2018-12-01,2019-02-28,Zip Code: 98115,All Residential,700000.0,725000.0,420.660940266212,120.0,102.0,63.0,0.9855065560004912,0.2
2014-09-01,2014-11-30,Zip Code: 98126,Multi-Family (2-4 Unit),643500.0,595000.0,178.75,1.0,1.0,,0.9491472424580774,0.0
2014-12-01,2015-02-28,Zip Code: 98199,Single Family Residential,719000.0,729000.0,313.50247885680955,57.0,51.0,27.0,1.007452438233,0.3684210526315789
2023-08-01,2023-10-31,Zip Code: 98126,Single Family Residential,764500.0,855000.0,487.8472222222222,54.0,59.0,21.0,1.0041417967634687,0.4259259259259259
2013-07-01,2013-09-30,Zip Code: 98199,All Residential,550000.0,574975.0,278.57142857142856,147.0,162.0,74.0,0.9967836304184536,0.2721088435374149
2022-06-01,2022-08-31,Zip Code: 98146,Condo/Co-op,390000.0,329900.0,352.99806576402324,9.0,9.0,4.0,1.0779373446963496,0.7777777777777777
2013-08-01,2013-10-31,Zip Code: 98102,Multi-Family (2-4 Unit),1165000.0,1200000.0,324.5987434231081,2.0,1.0,2.0,0.9833333333333332,0.0
2019-07-01,2019-09-30,Zip Code: 98178,Condo/Co-op,165000.0,223000.0,243.006993006993,5.0,4.0,1.0,1.0044785931434956,0.4
2013-06-01,2013-08-31,Zip Code: 98108,Multi-Family (2-4 Unit),315000.0,,127.3764258555133,3.0,,,0.964433761008958,0.0
2017-04-01,2017-06-30,Zip Code: 98102,Condo/Co-op,465000.0,469200.0,607.9664570230608,75.0,80.0,4.0,1.068602306607258,0.6266666666666667
2019-09-01,2019-11-30,Zip Code: 98146,Single Family Residential,520000.0,499950.0,304.9996186914152,78.0,60.0,34.0,0.9964138156555078,0.2948717948717948
2014-02-01,2014-04-30,Zip Code: 98117,All Residential,545500.0,524950.0,275.027808676307,132.0,151.0,35.0,1.031678269743562,0.5606060606060606
2018-09-01,2018-11-30,Zip Code: 98109,Townhouse,1029000.0,959000.0,623.971099323212,10.0,17.0,13.0,0.9906337086316472,0.0
2012-05-01,2012-07-31,Zip Code: 98116,Condo/Co-op,283675.0,266750.0,281.6965514529511,22.0,32.0,30.0,0.9676290136995812,0.0909090909090909
2018-09-01,2018-11-30,Zip Code: 98106,Condo/Co-op,290750.0,285000.0,334.15733192579125,6.0,6.0,2.0,0.9882530974977054,0.1666666666666666
2018-09-01,2018-11-30,Zip Code: 98133,Single Family Residential,599000.0,599975.0,351.5625,100.0,116.0,58.0,0.9892740561755932,0.22
2015-03-01,2015-05-31,Zip Code: 98199,Single Family Residential,830000.0,759000.0,337.96296296296293,81.0,105.0,27.0,1.0424841957516493,0.6419753086419752
2020-02-01,2020-04-30,Zip Code: 98144,Single Family Residential,837500.0,799000.0,437.1222506075145,38.0,59.0,23.0,1.0236052282766284,0.5263157894736841
2020-01-01,2020-03-31,Zip Code: 98117,Townhouse,659950.0,639475.0,467.3866855524079,43.0,28.0,9.0,0.9952265267629278,0.2325581395348837
2017-12-01,2018-02-28,Zip Code: 98178,Townhouse,311000.0,424450.0,311.0,1.0,2.0,1.0,1.0727837185236289,1.0
2022-03-01,2022-05-31,Zip Code: 98116,Multi-Family (2-4 Unit),1022500.0,1350000.0,477.94779477947793,4.0,1.0,1.0,1.017470954649385,0.5
2020-12-01,2021-02-28,Zip Code: 98199,Condo/Co-op,458000.0,410000.0,485.0,11.0,15.0,9.0,1.0028358559707196,0.3636363636363636
2020-01-01,2020-03-31,Zip Code: 98133,All Residential,545000.0,572000.0,382.6666666666666,133.0,172.0,61.0,1.005935302227331,0.3834586466165413
2018-09-01,2018-11-30,Zip Code: 98102,Condo/Co-op,500000.0,527000.0,623.9520958083832,49.0,70.0,28.0,0.9871658957132112,0.1632653061224489
2016-02-01,2016-04-30,Zip Code: 98115,Single Family Residential,800000.0,709500.0,367.7801042983565,118.0,182.0,43.0,1.0799895785584834,0.6949152542372881
2014-10-01,2014-12-31,Zip Code: 98133,All Residential,324901.0,347050.0,218.25396825396825,193.0,152.0,85.0,0.993987103022398,0.2694300518134715
2019-08-01,2019-10-31,Zip Code: 98108,All Residential,580000.0,598000.0,334.7639484978541,71.0,83.0,65.0,0.9927040102855376,0.2253521126760563
2019-09-01,2019-11-30,Zip Code: 98109,Condo/Co-op,483500.0,509500.0,600.5147182225287,38.0,44.0,28.0,0.9905721341402468,0.1052631578947368
2012-07-01,2012-09-30,Zip Code: 98106,All Residential,210000.0,240000.0,131.43564356435644,75.0,97.0,73.0,0.9956711120958002,0.3466666666666666
2020-04-01,2020-06-30,Zip Code: 98119,Condo/Co-op,475000.0,525000.0,541.2054120541205,23.0,35.0,24.0,0.9929230389573864,0.3478260869565217
2019-06-01,2019-08-31,Zip Code: 98107,Townhouse,747450.0,720000.0,500.9686038744155,56.0,47.0,25.0,0.9925071359218496,0.125
2013-01-01,2013-03-31,Zip Code: 98107,Condo/Co-op,263000.0,289475.0,312.64261913173,24.0,24.0,7.0,0.9845460312671936,0.2916666666666666
2013-10-01,2013-12-31,Zip Code: 98119,Condo/Co-op,281250.0,306200.0,341.5902279538643,36.0,32.0,30.0,0.9814862892699036,0.1944444444444444
2021-03-01,2021-05-31,Zip Code: 98136,Condo/Co-op,385000.0,377000.0,491.9093851132686,13.0,12.0,3.0,1.0048016123693728,0.2307692307692307
2012-10-01,2012-12-31,Zip Code: 98118,Multi-Family (2-4 Unit),189000.0,245000.0,112.5,1.0,2.0,4.0,1.0502917477076965,1.0
2014-04-01,2014-06-30,Zip Code: 98108,Single Family Residential,325000.0,349950.0,185.07462686567163,65.0,73.0,32.0,1.0055904262908844,0.4461538461538461
2019-07-01,2019-09-30,Zip Code: 98122,Condo/Co-op,425000.0,420000.0,656.7819435466495,50.0,50.0,26.0,0.9868354612838324,0.1
2018-10-01,2018-12-31,Zip Code: 98133,Townhouse,568500.0,612475.0,358.2620320855615,16.0,12.0,11.0,0.980083363437962,0.0625
2022-01-01,2022-03-31,Zip Code: 98102,All Residential,825000.0,775000.0,667.6767676767677,97.0,119.0,31.0,1.0106183450587785,0.3298969072164948
2017-05-01,2017-07-31,Zip Code: 98133,Condo/Co-op,285000.0,279950.0,359.1954022988506,47.0,55.0,12.0,1.0696169320904074,0.6595744680851063
2014-02-01,2014-04-30,Zip Code: 98126,Condo/Co-op,208500.0,199000.0,302.41914045192726,10.0,25.0,19.0,0.9804990920140988,0.1
2023-08-01,2023-10-31,Zip Code: 98133,Single Family Residential,780000.0,775000.0,446.0431654676259,69.0,93.0,35.0,1.007434112115139,0.4057971014492753
2023-06-01,2023-08-31,Zip Code: 98125,All Residential,750000.0,749975.0,497.1428571428572,113.0,118.0,37.0,1.0189653486606989,0.4513274336283185
2021-12-01,2022-02-28,Zip Code: 98104,All Residential,409950.0,447475.0,672.5352112676056,27.0,44.0,35.0,0.9982830777401688,0.2592592592592592
2018-04-01,2018-06-30,Zip Code: 98126,Single Family Residential,677499.5,675000.0,403.62439747868007,110.0,164.0,48.0,1.0546198594992424,0.6999999999999998
2015-06-01,2015-08-31,Zip Code: 98177,All Residential,573500.0,589000.0,260.5263157894737,131.0,111.0,33.0,1.02098902935804,0.5114503816793892
2017-04-01,2017-06-30,Zip Code: 98119,Townhouse,744950.0,829950.0,549.3079584775087,19.0,12.0,5.0,1.0165525769856325,0.5789473684210527
2012-09-01,2012-11-30,Zip Code: 98177,All Residential,505000.0,412500.0,200.0,75.0,68.0,54.0,0.9794965823734966,0.1466666666666666
2014-01-01,2014-03-31,Zip Code: 98115,Townhouse,394000.0,422250.0,293.7997962217508,8.0,12.0,2.0,1.0123542313262204,0.5
2014-01-01,2014-03-31,Zip Code: 98144,Multi-Family (2-4 Unit),515000.0,737000.0,185.9205776173285,1.0,2.0,1.0,0.9716981132075472,0.0
2014-08-01,2014-10-31,Zip Code: 98126,Condo/Co-op,191000.0,205000.0,253.4690101757632,21.0,15.0,10.0,1.0057550047475885,0.238095238095238
2012-06-01,2012-08-31,Zip Code: 98102,Townhouse,589950.0,685000.0,393.3,5.0,13.0,8.0,0.996479432371882,0.2
2020-06-01,2020-08-31,Zip Code: 98112,Single Family Residential,1550000.0,1575000.0,579.0161079669134,87.0,121.0,44.0,1.0322071221868732,0.4137931034482758
2018-04-01,2018-06-30,Zip Code: 98118,Single Family Residential,690000.0,599000.0,371.4859437751004,135.0,169.0,68.0,1.0882391048362974,0.6518518518518519
2018-09-01,2018-11-30,Zip Code: 98122,Multi-Family (2-4 Unit),1272500.0,1094000.0,511.5764170040487,2.0,2.0,1.0,0.9618618618618618,0.0
2022-02-01,2022-04-30,Zip Code: 98101,Condo/Co-op,750000.0,719900.0,841.5448798988621,81.0,115.0,55.0,0.9995353303974996,0.2716049382716049
2016-08-01,2016-10-31,Zip Code: 98117,Condo/Co-op,372500.0,375000.0,368.5464398979692,6.0,7.0,3.0,1.073547835108147,0.5
2018-09-01,2018-11-30,Zip Code: 98105,Multi-Family (2-4 Unit),1200000.0,1495000.0,371.4285714285714,3.0,2.0,2.0,1.0029130976796556,0.3333333333333333
2015-11-01,2016-01-31,Zip Code: 98115,Condo/Co-op,240000.0,230000.0,263.1578947368421,25.0,16.0,3.0,1.0090763203618582,0.28
2023-10-01,2023-12-31,Zip Code: 98119,Condo/Co-op,502500.0,749000.0,543.399339318506,18.0,15.0,12.0,0.9916377221299508,0.1111111111111111
2013-12-01,2014-02-28,Zip Code: 98115,Multi-Family (2-4 Unit),505500.0,502500.0,279.00048935649613,2.0,2.0,,1.002041432019308,0.5
2013-02-01,2013-04-30,Zip Code: 98136,Townhouse,419000.0,389000.0,238.5057471264368,5.0,16.0,5.0,1.002716014247564,0.4
2018-09-01,2018-11-30,Zip Code: 98118,Townhouse,530750.0,569400.0,384.38071995118975,11.0,22.0,16.0,0.994919107295188,0.2727272727272727
2013-04-01,2013-06-30,Zip Code: 98109,All Residential,375100.0,437500.0,333.8068181818182,115.0,122.0,57.0,0.9994884697423596,0.3130434782608695
2013-02-01,2013-04-30,Zip Code: 98136,Condo/Co-op,203750.0,279900.0,235.72493900812896,8.0,6.0,6.0,0.9663786017474376,0.125
2018-06-01,2018-08-31,Zip Code: 98108,All Residential,575000.0,580000.0,398.3928571428571,104.0,133.0,54.0,1.0143567448011612,0.3942307692307692
2021-07-01,2021-09-30,Zip Code: 98144,Condo/Co-op,412500.0,426000.0,544.3881903490226,32.0,22.0,9.0,1.0064608058945363,0.25
2014-04-01,2014-06-30,Zip Code: 98126,Townhouse,305000.0,305000.0,225.5639097744361,27.0,23.0,5.0,1.0052231272762422,0.4444444444444444
2019-12-01,2020-02-29,Zip Code: 98106,Single Family Residential,600000.0,625000.0,338.88888888888886,67.0,50.0,17.0,1.0005761433991636,0.3432835820895522
2013-03-01,2013-05-31,Zip Code: 98105,Townhouse,370000.0,369000.0,290.59829059829053,5.0,13.0,6.0,0.9914976366533528,0.4
2018-01-01,2018-03-31,Zip Code: 98106,Single Family Residential,610000.0,550000.0,355.14219849453457,59.0,73.0,16.0,1.0804211610621628,0.6271186440677966
2015-06-01,2015-08-31,Zip Code: 98178,Multi-Family (2-4 Unit),545000.0,,163.76201923076923,1.0,,2.0,1.068627450980392,1.0
2013-07-01,2013-09-30,Zip Code: 98199,Condo/Co-op,239250.0,249000.0,224.9331550802139,26.0,23.0,10.0,0.9762268333305392,0.1153846153846153
2023-10-01,2023-12-31,Zip Code: 98144,Single Family Residential,795000.0,750000.0,549.4017094017095,46.0,29.0,17.0,1.0065952638005309,0.3043478260869565
2021-05-01,2021-07-31,Zip Code: 98144,Single Family Residential,1010000.0,949000.0,550.1413053077806,66.0,93.0,18.0,1.0792150044731998,0.6666666666666666
2021-03-01,2021-05-31,Zip Code: 98144,Condo/Co-op,416250.0,420000.0,473.6863432347112,20.0,23.0,11.0,1.0026270161886448,0.3499999999999999
2013-11-01,2014-01-31,Zip Code: 98102,Townhouse,509950.0,624500.0,369.5289855072464,9.0,8.0,7.0,1.0101999042882923,0.3333333333333333
2019-02-01,2019-04-30,Zip Code: 98117,Single Family Residential,848500.0,789000.0,428.0162842339008,120.0,162.0,45.0,1.0243763454764416,0.4333333333333333
2014-02-01,2014-04-30,Zip Code: 98133,Multi-Family (2-4 Unit),295000.0,443737.5,176.35380788365862,4.0,6.0,3.0,0.9705962451702947,0.0
2015-01-01,2015-03-31,Zip Code: 98116,All Residential,500000.0,539975.0,327.45098039215685,89.0,152.0,57.0,1.0047446204984043,0.3033707865168539
2020-08-01,2020-10-31,Zip Code: 98177,Townhouse,637500.0,574950.0,391.1042944785276,3.0,9.0,2.0,0.9923042405944228,0.0
2013-05-01,2013-07-31,Zip Code: 98136,Condo/Co-op,234950.0,229000.0,242.7184466019417,9.0,19.0,14.0,0.9747542115983496,0.1111111111111111
2014-04-01,2014-06-30,Zip Code: 98146,Condo/Co-op,122250.0,124900.0,121.78289579642455,8.0,9.0,4.0,0.948953606628866,0.125
2013-05-01,2013-07-31,Zip Code: 98118,All Residential,349950.0,348250.0,192.30769230769232,163.0,224.0,133.0,1.0064282382506209,0.4417177914110429
2022-01-01,2022-03-31,Zip Code: 98108,Single Family Residential,750000.0,795000.0,462.1072088724584,33.0,49.0,8.0,1.0807456251087406,0.696969696969697
2014-05-01,2014-07-31,Zip Code: 98112,Condo/Co-op,394500.0,394925.0,443.0098960693456,12.0,20.0,11.0,1.0050982636469987,0.4166666666666666
2023-04-01,2023-06-30,Zip Code: 98177,Multi-Family (2-4 Unit),895000.0,975000.0,483.7837837837838,1.0,1.0,,0.917948717948718,0.0
2016-09-01,2016-11-30,Zip Code: 98107,Condo/Co-op,378000.0,379000.0,498.2817869415808,51.0,37.0,2.0,1.0113194348368102,0.4313725490196078
2018-05-01,2018-07-31,Zip Code: 98199,Single Family Residential,1060000.0,1098000.0,487.1794871794872,97.0,115.0,46.0,1.029185772050502,0.4432989690721649
2018-07-01,2018-09-30,Zip Code: 98144,Townhouse,685000.0,649950.0,507.4074074074073,27.0,35.0,21.0,1.0004268294506773,0.2592592592592592
2019-02-01,2019-04-30,Zip Code: 98199,Multi-Family (2-4 Unit),990000.0,1275000.0,807.368854387203,2.0,4.0,2.0,1.0214285714285714,0.5
2016-10-01,2016-12-31,Zip Code: 98118,Single Family Residential,485000.0,452500.0,259.0702036441586,132.0,103.0,32.0,1.0348081138516927,0.4772727272727272
2021-10-01,2021-12-31,Zip Code: 98122,Condo/Co-op,482500.0,449500.0,616.5267286932278,54.0,39.0,11.0,1.0048422921123177,0.3333333333333333
2023-08-01,2023-10-31,Zip Code: 98116,Condo/Co-op,650000.0,599995.0,567.5453047775948,31.0,33.0,15.0,0.9931260748069268,0.2903225806451613
2013-01-01,2013-03-31,Zip Code: 98134,All Residential,196000.0,218800.0,164.7058823529412,1.0,3.0,2.0,0.9560975609756096,0.0
2014-04-01,2014-06-30,Zip Code: 98106,Townhouse,286000.0,318000.0,196.91692307692307,19.0,19.0,15.0,1.0059890182688,0.3157894736842105
2013-07-01,2013-09-30,Zip Code: 98105,Multi-Family (2-4 Unit),707500.0,699999.0,266.40676841406764,6.0,5.0,2.0,0.9929205223027868,0.1666666666666666
2020-02-01,2020-04-30,Zip Code: 98115,All Residential,809000.0,779500.0,475.0,179.0,234.0,61.0,1.03420079711118,0.536312849162011
2018-11-01,2019-01-31,Zip Code: 98116,Single Family Residential,801000.0,787475.0,420.40611649473794,60.0,44.0,18.0,0.9920235582042384,0.2333333333333333
2017-04-01,2017-06-30,Zip Code: 98106,Single Family Residential,514250.0,467808.0,322.52252252252254,97.0,113.0,19.0,1.0765920905746686,0.711340206185567
2019-07-01,2019-09-30,Zip Code: 98126,Condo/Co-op,380000.0,404950.0,390.48473967684015,13.0,22.0,17.0,1.003899648338197,0.2307692307692307
2014-09-01,2014-11-30,Zip Code: 98122,Condo/Co-op,320500.0,321750.0,429.2929292929293,39.0,50.0,18.0,0.9996921416860404,0.282051282051282
2019-07-01,2019-09-30,Zip Code: 98121,Condo/Co-op,570000.0,699000.0,732.1678321678322,89.0,108.0,84.0,0.9785811887157558,0.0561797752808988
2020-11-01,2021-01-31,Zip Code: 98108,Townhouse,556500.0,545000.0,406.058218225642,30.0,22.0,8.0,0.9926124250113278,0.1333333333333333
2018-06-01,2018-08-31,Zip Code: 98136,Single Family Residential,787000.0,799475.0,385.9514170040487,70.0,102.0,46.0,1.01954126364207,0.5
2020-03-01,2020-05-31,Zip Code: 98126,Single Family Residential,687500.0,664500.0,436.7872807017544,76.0,109.0,37.0,1.033258650721352,0.6052631578947368
2015-04-01,2015-06-30,Zip Code: 98119,Single Family Residential,920750.0,867000.0,368.6068986024383,48.0,58.0,17.0,1.021984702918164,0.4583333333333333
2018-11-01,2019-01-31,Zip Code: 98199,Townhouse,798500.0,759000.0,459.7362757138085,10.0,5.0,7.0,0.9864108888052456,0.2
2022-11-01,2023-01-31,Zip Code: 98109,Single Family Residential,1355000.0,1250000.0,588.701434609445,18.0,9.0,8.0,0.9716450681498892,0.0555555555555555
2021-01-01,2021-03-31,Zip Code: 98146,Multi-Family (2-4 Unit),564500.0,550000.0,266.2735849056604,1.0,1.0,,1.0263636363636364,1.0
2023-05-01,2023-07-31,Zip Code: 98119,All Residential,915000.0,879475.0,622.746679316888,70.0,94.0,45.0,0.9926354397378996,0.2428571428571428
2013-08-01,2013-10-31,Zip Code: 98133,Single Family Residential,342000.0,361475.0,198.4536082474227,127.0,160.0,87.0,1.0042471556202988,0.3858267716535432
2021-01-01,2021-03-31,Zip Code: 98178,All Residential,600000.0,589900.0,321.33076467101364,69.0,86.0,11.0,1.0382163092363956,0.4927536231884058
2019-12-01,2020-02-29,Zip Code: 98125,Multi-Family (2-4 Unit),852500.0,1380000.0,301.0719147005445,6.0,1.0,2.0,0.9735143273543286,0.1666666666666666
2019-04-01,2019-06-30,Zip Code: 98108,Townhouse,590000.0,544499.5,410.6060606060606,27.0,34.0,18.0,0.9983797418118058,0.2592592592592592
2023-04-01,2023-06-30,Zip Code: 98102,Single Family Residential,1765000.0,1800000.0,571.969696969697,17.0,25.0,18.0,0.9999970230473364,0.3529411764705882
2013-09-01,2013-11-30,Zip Code: 98136,Single Family Residential,459000.0,459900.0,250.0,61.0,55.0,23.0,0.9943842439004754,0.2950819672131147
2023-09-01,2023-11-30,Zip Code: 98133,All Residential,690000.0,699000.0,451.0869565217391,123.0,133.0,57.0,1.0018705664546492,0.2439024390243902
2022-04-01,2022-06-30,Zip Code: 98115,Single Family Residential,1220000.0,1050000.0,641.025641025641,177.0,251.0,48.0,1.11278792279853,0.711864406779661
2022-11-01,2023-01-31,Zip Code: 98126,Townhouse,689000.0,645000.0,410.36331149493753,13.0,12.0,5.0,0.9850363559719496,0.1538461538461538
2014-10-01,2014-12-31,Zip Code: 98144,Multi-Family (2-4 Unit),545000.0,825000.0,203.51955918843964,2.0,3.0,2.0,1.035786494136676,0.5
2014-09-01,2014-11-30,Zip Code: 98105,Townhouse,545900.0,520000.0,425.78125,9.0,5.0,2.0,1.0003164639274114,0.3333333333333333
2017-12-01,2018-02-28,Zip Code: 98144,Single Family Residential,799975.0,799475.0,401.55378787878783,60.0,58.0,12.0,1.0265729514213842,0.3666666666666666
2015-08-01,2015-10-31,Zip Code: 98117,Condo/Co-op,339975.0,349950.0,325.9715390160247,6.0,9.0,4.0,0.9872998515529604,0.0
2013-02-01,2013-04-30,Zip Code: 98126,Single Family Residential,369000.0,362500.0,214.975845410628,75.0,92.0,46.0,1.005225041263496,0.4
2023-06-01,2023-08-31,Zip Code: 98118,All Residential,769000.0,719000.0,482.25806451612897,123.0,153.0,71.0,1.0108500112704373,0.3252032520325203
2017-06-01,2017-08-31,Zip Code: 98146,Condo/Co-op,150000.0,139400.0,210.70819112627987,10.0,12.0,1.0,1.0376389544346911,0.6999999999999998
2019-11-01,2020-01-31,Zip Code: 98106,All Residential,545900.0,564800.0,338.68279569892474,119.0,93.0,48.0,0.9939118255197098,0.226890756302521
2019-08-01,2019-10-31,Zip Code: 98178,Condo/Co-op,168000.0,223000.0,243.006993006993,5.0,4.0,2.0,1.0206742062323126,0.4
2014-12-01,2015-02-28,Zip Code: 98115,Condo/Co-op,229500.0,230000.0,218.78663049666767,22.0,30.0,13.0,1.0043666433439176,0.3181818181818181
2020-12-01,2021-02-28,Zip Code: 98117,Multi-Family (2-4 Unit),1177500.0,1095000.0,411.13006824568447,4.0,7.0,4.0,1.0140198183268565,0.5
2018-10-01,2018-12-31,Zip Code: 98178,Multi-Family (2-4 Unit),370000.0,529975.0,246.66666666666663,1.0,2.0,,1.0,0.0
2012-06-01,2012-08-31,Zip Code: 98117,All Residential,435000.0,434000.0,242.5572519083969,131.0,153.0,63.0,1.0030374916959506,0.3511450381679389
2019-02-01,2019-04-30,Zip Code: 98134,All Residential,397250.0,,304.3478260869565,3.0,,,0.9763574613493354,0.3333333333333333
2020-03-01,2020-05-31,Zip Code: 98109,Single Family Residential,1476500.0,1435000.0,524.798418972332,10.0,28.0,17.0,1.020584421417156,0.2999999999999999
2017-10-01,2017-12-31,Zip Code: 98125,Multi-Family (2-4 Unit),860000.0,895000.0,232.4324324324324,1.0,1.0,1.0,1.0424242424242425,1.0
2021-04-01,2021-06-30,Zip Code: 98118,Townhouse,646400.0,689888.0,478.2552383145292,38.0,45.0,26.0,1.0037322914378253,0.1578947368421052
2016-03-01,2016-05-31,Zip Code: 98119,Condo/Co-op,331250.0,378000.0,477.799555877821,46.0,63.0,16.0,1.035803943058183,0.5869565217391304
2016-10-01,2016-12-31,Zip Code: 98178,Single Family Residential,395000.0,395000.0,221.0982658959537,81.0,63.0,36.0,1.0036641394982109,0.3209876543209876
2012-10-01,2012-12-31,Zip Code: 98119,Townhouse,427500.0,474995.0,278.7609609061016,10.0,13.0,9.0,0.9955142740808908,0.2
2016-08-01,2016-10-31,Zip Code: 98105,Condo/Co-op,392550.0,399000.0,462.7743305709407,20.0,19.0,8.0,1.0310709835824752,0.55
2016-07-01,2016-09-30,Zip Code: 98125,All Residential,490000.0,464999.5,293.2692307692308,171.0,200.0,56.0,1.041774008024233,0.5672514619883041
2019-03-01,2019-05-31,Zip Code: 98178,Townhouse,525000.0,230000.0,262.8943415122684,1.0,1.0,5.0,1.0,0.0
2023-10-01,2023-12-31,Zip Code: 98136,Single Family Residential,1072500.0,987000.0,562.3198621553884,22.0,26.0,10.0,1.008280008389117,0.3636363636363636
2023-12-01,2024-02-29,Zip Code: 98112,Single Family Residential,1913500.0,1982500.0,641.4022718370545,32.0,32.0,12.0,1.0081593070638526,0.40625
2012-10-01,2012-12-31,Zip Code: 98177,Townhouse,272250.0,309999.5,199.60725893824485,2.0,2.0,3.0,0.9742630385487528,0.0
2014-08-01,2014-10-31,Zip Code: 98194,Condo/Co-op,636000.0,622500.0,489.9193548387096,2.0,2.0,,1.0207692307692309,0.5
2020-09-01,2020-11-30,Zip Code: 98122,Single Family Residential,962500.0,982495.0,549.0883422664624,78.0,66.0,23.0,1.0155173353018525,0.4615384615384615
2014-07-01,2014-09-30,Zip Code: 98126,Townhouse,307475.0,374950.0,211.5538867799967,18.0,21.0,10.0,0.9984724312510672,0.1666666666666666
2023-12-01,2024-02-29,Zip Code: 98117,Townhouse,799900.0,799990.0,559.4985337243402,40.0,41.0,16.0,0.997863145052726,0.225
2022-08-01,2022-10-31,Zip Code: 98116,Single Family Residential,1005000.0,967500.0,561.0687022900763,57.0,60.0,28.0,0.9909098173536478,0.1929824561403508
2012-05-01,2012-07-31,Zip Code: 98199,Condo/Co-op,235500.0,202400.0,249.32820158529168,18.0,14.0,13.0,0.9775618843319648,0.2222222222222222
2023-07-01,2023-09-30,Zip Code: 98105,All Residential,1110700.0,1017500.0,586.8200836820083,57.0,98.0,54.0,1.0018908356917695,0.3508771929824561
2020-11-01,2021-01-31,Zip Code: 98178,Townhouse,542990.0,373995.0,302.8635607321132,9.0,2.0,1.0,1.0004058512532763,0.1111111111111111
2014-07-01,2014-09-30,Zip Code: 98117,Multi-Family (2-4 Unit),690000.0,821000.0,251.08225108225108,5.0,4.0,2.0,0.9996109894688162,0.4
2020-05-01,2020-07-31,Zip Code: 98199,Townhouse,720000.0,699500.0,502.781746031746,25.0,30.0,7.0,0.9987020670604896,0.28
2020-10-01,2020-12-31,Zip Code: 98177,Single Family Residential,949000.0,842500.0,409.3567251461988,99.0,64.0,5.0,1.0173063436081526,0.3838383838383838
2022-02-01,2022-04-30,Zip Code: 98105,Multi-Family (2-4 Unit),1786250.0,1747500.0,491.4833473414759,4.0,8.0,5.0,1.0374657340096047,0.75
2013-08-01,2013-10-31,Zip Code: 98115,Single Family Residential,532500.0,529500.0,257.327545642763,168.0,150.0,50.0,1.017320367278187,0.4583333333333333
2013-10-01,2013-12-31,Zip Code: 98133,Townhouse,274750.0,269900.0,208.4251968503937,16.0,11.0,3.0,0.987354244698546,0.125
2022-01-01,2022-03-31,Zip Code: 98136,Single Family Residential,950000.0,850000.0,568.1818181818181,45.0,61.0,4.0,1.125032121860528,0.7555555555555555
2016-01-01,2016-03-31,Zip Code: 98108,Single Family Residential,472500.0,475000.0,237.5427204374573,42.0,72.0,21.0,1.0439955881179683,0.4761904761904761
2019-11-01,2020-01-31,Zip Code: 98199,Townhouse,713500.0,770000.0,477.93447586571807,14.0,12.0,2.0,0.9917328370140696,0.2857142857142857
2017-01-01,2017-03-31,Zip Code: 98107,Townhouse,746000.0,738900.0,470.9631728045326,53.0,56.0,5.0,1.027083921883084,0.3962264150943396
2019-08-01,2019-10-31,Zip Code: 98105,Single Family Residential,1175000.0,1097500.0,487.5886524822696,69.0,73.0,21.0,1.0027972853830245,0.3333333333333333
2017-10-01,2017-12-31,Zip Code: 98125,Condo/Co-op,287000.0,286000.0,288.77934291959434,22.0,13.0,,1.028868584294115,0.5909090909090909
2023-12-01,2024-02-29,Zip Code: 98112,All Residential,1525000.0,1668975.0,664.7807637906648,41.0,48.0,23.0,1.0025241727098877,0.3170731707317073
2023-04-01,2023-06-30,Zip Code: 98107,Single Family Residential,1157500.0,1198000.0,583.690419222459,38.0,33.0,5.0,0.9975831211820608,0.2368421052631578
2018-07-01,2018-09-30,Zip Code: 98177,Condo/Co-op,367500.0,667500.0,314.4178032148076,8.0,12.0,8.0,1.0001149554390762,0.375
2021-11-01,2022-01-31,Zip Code: 98146,All Residential,622500.0,667475.0,392.069569651905,86.0,50.0,8.0,1.0358800563355406,0.6046511627906976
2019-03-01,2019-05-31,Zip Code: 98105,Townhouse,749000.0,814950.0,481.76100628930817,5.0,15.0,9.0,0.972704062454721,0.0
2019-12-01,2020-02-29,Zip Code: 98136,Condo/Co-op,439500.0,424950.0,438.08757711382606,6.0,7.0,3.0,1.0129749040213,0.6666666666666666
2020-06-01,2020-08-31,Zip Code: 98126,Townhouse,550000.0,575000.0,390.0,23.0,33.0,12.0,1.0000298591255667,0.3478260869565217
2016-11-01,2017-01-31,Zip Code: 98122,Condo/Co-op,390000.0,374500.0,543.75,39.0,26.0,9.0,1.0312969668633576,0.5641025641025641
2016-01-01,2016-03-31,Zip Code: 98105,Multi-Family (2-4 Unit),707500.0,799950.0,303.2462729031524,2.0,5.0,,1.0308249232119353,0.5
2022-06-01,2022-08-31,Zip Code: 98109,Condo/Co-op,539000.0,515000.0,677.6556776556777,41.0,83.0,47.0,0.9976024046964052,0.2926829268292682
2015-04-01,2015-06-30,Zip Code: 98146,All Residential,324300.0,374975.0,199.9500263749688,122.0,144.0,54.0,1.020904280363869,0.5245901639344261
2018-11-01,2019-01-31,Zip Code: 98105,All Residential,800000.0,700000.0,531.662186168624,60.0,48.0,26.0,0.9773466335037498,0.1333333333333333
2016-10-01,2016-12-31,Zip Code: 98105,Single Family Residential,871000.0,814622.5,413.30395006432553,80.0,44.0,12.0,1.0287359047643898,0.55
2023-07-01,2023-09-30,Zip Code: 98108,Townhouse,610000.0,615000.0,420.51417348225016,12.0,11.0,8.0,0.9902258368197524,0.0
2016-03-01,2016-05-31,Zip Code: 98108,Townhouse,450000.0,474950.0,313.35149863760216,17.0,27.0,4.0,1.0167427811783627,0.4705882352941176
2013-12-01,2014-02-28,Zip Code: 98107,Condo/Co-op,335000.0,279000.0,353.38345864661653,19.0,39.0,21.0,0.9822450492321196,0.1578947368421052
2019-01-01,2019-03-31,Zip Code: 98118,Multi-Family (2-4 Unit),715100.0,907000.0,284.65346534653463,3.0,4.0,4.0,0.9668314237158052,0.0
2020-10-01,2020-12-31,Zip Code: 98146,Multi-Family (2-4 Unit),1875000.0,,482.0051413881748,1.0,,,0.9384384384384384,0.0
2023-11-01,2024-01-31,Zip Code: 98177,Townhouse,595000.0,,468.503937007874,1.0,,,0.952,0.0
2014-02-01,2014-04-30,Zip Code: 98104,Condo/Co-op,277000.0,279000.0,421.82539682539687,14.0,23.0,20.0,0.9860233723286018,0.3571428571428571
2018-01-01,2018-03-31,Zip Code: 98105,Single Family Residential,1177000.0,1050000.0,511.9250771981148,50.0,65.0,16.0,1.0716682094757888,0.54
2021-12-01,2022-02-28,Zip Code: 98144,Multi-Family (2-4 Unit),1086500.0,850000.0,357.55992873339807,2.0,3.0,1.0,0.9758684210526316,0.5
2015-02-01,2015-04-30,Zip Code: 98126,All Residential,405400.0,415975.0,256.5739465101591,114.0,130.0,39.0,1.020053937709272,0.4298245614035087
2013-09-01,2013-11-30,Zip Code: 98109,All Residential,383250.0,425000.0,362.892948173322,102.0,103.0,49.0,0.9911967053855252,0.2058823529411764
2014-08-01,2014-10-31,Zip Code: 98116,Townhouse,445000.0,469000.0,333.33333333333326,17.0,30.0,12.0,1.0085731413635213,0.1764705882352941
2017-08-01,2017-10-31,Zip Code: 98126,All Residential,550000.0,577500.0,360.225988700565,162.0,143.0,21.0,1.0401241061007664,0.5432098765432098
2020-09-01,2020-11-30,Zip Code: 98118,Townhouse,615000.0,599990.0,382.1428571428572,35.0,64.0,38.0,1.001581885790341,0.2
2022-07-01,2022-09-30,Zip Code: 98133,Multi-Family (2-4 Unit),825000.0,881000.0,354.0772532188841,3.0,2.0,1.0,1.0050867423431142,0.3333333333333333
2018-08-01,2018-10-31,Zip Code: 98199,Multi-Family (2-4 Unit),1294025.0,2150000.0,346.9119623655914,3.0,2.0,1.0,0.9841934791934792,0.0
2018-06-01,2018-08-31,Zip Code: 98126,Single Family Residential,650000.0,649750.0,376.9230769230769,97.0,132.0,62.0,1.02462101115129,0.422680412371134
2019-10-01,2019-12-31,Zip Code: 98108,All Residential,613750.0,587800.0,338.528788413988,72.0,56.0,41.0,0.9842689824123868,0.2222222222222222
2017-09-01,2017-11-30,Zip Code: 98146,Townhouse,261500.0,235000.0,234.3213522712533,6.0,3.0,1.0,1.004918415057624,0.5
2020-07-01,2020-09-30,Zip Code: 98146,All Residential,575000.0,550000.0,323.705035971223,121.0,128.0,45.0,1.0146758436283272,0.4462809917355372
2017-06-01,2017-08-31,Zip Code: 98126,Single Family Residential,635000.0,577000.0,374.7058823529412,103.0,117.0,21.0,1.0673305164730018,0.6504854368932039
2017-09-01,2017-11-30,Zip Code: 98115,All Residential,770111.0,747000.0,434.5470491063809,216.0,196.0,38.0,1.0523312388757533,0.574074074074074
2021-05-01,2021-07-31,Zip Code: 98177,Condo/Co-op,330000.0,612000.0,358.69565217391306,5.0,4.0,1.0,1.0383212311034242,0.5999999999999999
2015-02-01,2015-04-30,Zip Code: 98125,All Residential,425000.0,404500.0,261.18456035191184,110.0,140.0,34.0,1.026530776541638,0.4636363636363636
2017-07-01,2017-09-30,Zip Code: 98115,Condo/Co-op,380000.0,421800.0,418.1818181818182,35.0,56.0,23.0,1.069269993887997,0.6571428571428571
2019-07-01,2019-09-30,Zip Code: 98106,Condo/Co-op,335000.0,340000.0,322.89628180039136,3.0,5.0,3.0,1.0051653894655157,0.3333333333333333
2013-04-01,2013-06-30,Zip Code: 98199,All Residential,569250.0,569950.0,280.43998087039694,126.0,169.0,69.0,1.015470513377605,0.4444444444444444
2013-07-01,2013-09-30,Zip Code: 98199,Single Family Residential,682126.0,699000.0,287.0334928229665,97.0,117.0,53.0,1.003389830850949,0.3402061855670103
2014-02-01,2014-04-30,Zip Code: 98178,Condo/Co-op,53000.0,89900.0,59.0686274509804,3.0,1.0,,1.0116933194627709,1.0
2020-03-01,2020-05-31,Zip Code: 98102,All Residential,575000.0,715000.0,635.1351351351351,89.0,117.0,70.0,0.9975936533127312,0.2584269662921348
2013-02-01,2013-04-30,Zip Code: 98107,Townhouse,416000.0,424700.0,303.6764705882353,23.0,37.0,3.0,1.0130859733841135,0.4347826086956521
2016-11-01,2017-01-31,Zip Code: 98109,Multi-Family (2-4 Unit),1150000.0,995000.0,384.2105263157896,3.0,3.0,2.0,1.0305887802088256,0.3333333333333333
2019-04-01,2019-06-30,Zip Code: 98112,Townhouse,880000.0,872450.0,637.8258458125347,11.0,24.0,8.0,0.992611498833632,0.1818181818181818
2020-09-01,2020-11-30,Zip Code: 98199,Condo/Co-op,421000.0,550000.0,469.1689008042896,17.0,21.0,13.0,1.0022696395494617,0.3529411764705882
2015-04-01,2015-06-30,Zip Code: 98109,Single Family Residential,919850.0,899475.0,418.58974358974353,36.0,36.0,11.0,1.0298413645191804,0.5
2013-11-01,2014-01-31,Zip Code: 98133,Townhouse,269500.0,269900.0,208.66141732283464,11.0,11.0,3.0,0.985609117964504,0.1818181818181818
2020-07-01,2020-09-30,Zip Code: 98115,Multi-Family (2-4 Unit),1042500.0,1000000.0,359.0885188431201,4.0,5.0,3.0,0.9613941207894549,0.25
2015-08-01,2015-10-31,Zip Code: 98112,Condo/Co-op,392800.0,412500.0,497.7736522044205,12.0,20.0,9.0,1.0040829841519063,0.5833333333333333
2013-12-01,2014-02-28,Zip Code: 98112,Single Family Residential,750000.0,800000.0,320.048309178744,51.0,35.0,30.0,1.0009903594969556,0.3137254901960784
2020-01-01,2020-03-31,Zip Code: 98115,Condo/Co-op,447000.0,439500.0,466.5752078710264,26.0,28.0,8.0,0.9861711288533954,0.2307692307692307
2023-02-01,2023-04-30,Zip Code: 98146,Townhouse,452500.0,599900.0,627.3854961832061,2.0,3.0,2.0,1.0076135754593087,0.5
2017-06-01,2017-08-31,Zip Code: 98109,Townhouse,888888.0,882500.0,611.7551020408164,11.0,16.0,4.0,1.0455558526096642,0.5454545454545454
2013-08-01,2013-10-31,Zip Code: 98116,Townhouse,465000.0,429000.0,296.4426877470356,21.0,20.0,7.0,0.99143944473087,0.1904761904761904
2019-03-01,2019-05-31,Zip Code: 98108,Townhouse,602500.0,550000.0,413.9717018732562,26.0,35.0,16.0,0.9982574141260588,0.1538461538461538
2018-06-01,2018-08-31,Zip Code: 98109,Single Family Residential,1445000.0,1381500.0,556.3339070567986,36.0,32.0,13.0,1.0099883650421275,0.3333333333333333
2018-06-01,2018-08-31,Zip Code: 98126,Townhouse,589000.0,549990.0,419.8019801980199,19.0,23.0,14.0,1.0176034594933874,0.4736842105263157
2013-01-01,2013-03-31,Zip Code: 98136,All Residential,425000.0,416800.0,235.7142857142857,47.0,79.0,32.0,0.9963197760278124,0.2553191489361701
2018-09-01,2018-11-30,Zip Code: 98133,Condo/Co-op,290000.0,280000.0,357.1428571428572,27.0,35.0,19.0,0.9907788145931145,0.2592592592592592
2016-03-01,2016-05-31,Zip Code: 98119,All Residential,576000.0,705000.0,461.1650485436893,91.0,144.0,45.0,1.0263851426583432,0.4505494505494505
2014-10-01,2014-12-31,Zip Code: 98118,Condo/Co-op,204000.0,275000.0,307.40134941729707,6.0,5.0,4.0,0.9984341387240344,0.1666666666666666
2022-01-01,2022-03-31,Zip Code: 98109,Single Family Residential,1200000.0,1747500.0,695.5721050107888,14.0,20.0,4.0,1.042201304208537,0.4285714285714285
2015-03-01,2015-05-31,Zip Code: 98119,All Residential,552700.0,539000.0,390.82841808810247,119.0,145.0,32.0,1.0184641826335408,0.4705882352941176
2014-05-01,2014-07-31,Zip Code: 98146,Condo/Co-op,126000.0,109950.0,128.57142857142858,7.0,6.0,4.0,0.971688955605746,0.1428571428571428
2018-01-01,2018-03-31,Zip Code: 98107,Multi-Family (2-4 Unit),1227500.0,1275000.0,460.0490196078431,4.0,4.0,,0.9529275874350368,0.25
2023-02-01,2023-04-30,Zip Code: 98125,Condo/Co-op,400000.0,442475.0,393.4948979591837,11.0,22.0,7.0,1.0302225003747714,0.6363636363636364
2015-02-01,2015-04-30,Zip Code: 98133,Condo/Co-op,160000.0,166000.0,211.94879089615927,37.0,52.0,20.0,0.9734394081235817,0.2162162162162162
2012-12-01,2013-02-28,Zip Code: 98136,Single Family Residential,417500.0,443000.0,208.65579340054185,36.0,43.0,22.0,0.9886341606795124,0.25
2018-09-01,2018-11-30,Zip Code: 98178,Single Family Residential,450000.0,479950.0,272.1518987341772,69.0,93.0,71.0,0.9911560881067912,0.3188405797101449
2019-12-01,2020-02-29,Zip Code: 98118,All Residential,547000.0,596950.0,384.61538461538464,115.0,116.0,52.0,0.9952303634156532,0.208695652173913
2014-05-01,2014-07-31,Zip Code: 98126,All Residential,384000.0,384950.0,239.2071197411003,156.0,189.0,78.0,1.0088041026023098,0.3525641025641025
2022-09-01,2022-11-30,Zip Code: 98125,Townhouse,649975.0,614444.0,480.76468392234943,12.0,10.0,10.0,0.995458276022621,0.1666666666666666
2022-11-01,2023-01-31,Zip Code: 98136,All Residential,849000.0,799950.0,515.7232704402516,47.0,33.0,10.0,0.9957010613962524,0.3191489361702127
2012-04-01,2012-06-30,Zip Code: 98199,Townhouse,390000.0,389225.0,235.6741573033708,5.0,10.0,4.0,0.9883662586753176,0.0
2016-05-01,2016-07-31,Zip Code: 98199,Condo/Co-op,311500.0,320000.0,387.389235896452,18.0,20.0,6.0,1.0467091405524718,0.6666666666666666
2022-04-01,2022-06-30,Zip Code: 98105,All Residential,1285000.0,1250000.0,680.6002143622723,109.0,148.0,45.0,1.0561800996537014,0.5045871559633027
2013-12-01,2014-02-28,Zip Code: 98102,Condo/Co-op,291500.0,287250.0,409.5993221322218,54.0,40.0,17.0,0.9995086533439004,0.3148148148148148
2015-10-01,2015-12-31,Zip Code: 98125,Townhouse,395000.0,344925.0,318.9734513274336,5.0,6.0,1.0,1.1132339373737117,0.8
2020-09-01,2020-11-30,Zip Code: 98118,Condo/Co-op,277500.0,295000.0,422.0449508899036,8.0,9.0,7.0,0.9821901828918842,0.125
2018-11-01,2019-01-31,Zip Code: 98108,Condo/Co-op,397000.0,264500.0,495.7852900069881,2.0,2.0,1.0,0.9873417721518986,0.0
2021-01-01,2021-03-31,Zip Code: 98117,Condo/Co-op,418000.0,455000.0,496.22437971952536,7.0,5.0,1.0,0.9849538627963356,0.1428571428571428
2022-02-01,2022-04-30,Zip Code: 98177,Condo/Co-op,685000.0,682499.5,513.0373502466525,2.0,2.0,,1.028540565125931,1.0
2023-03-01,2023-05-31,Zip Code: 98134,All Residential,413000.0,375000.0,409.8778503443818,4.0,5.0,1.0,1.0211783589498031,0.5
2020-03-01,2020-05-31,Zip Code: 98122,Multi-Family (2-4 Unit),975000.0,1800000.0,,1.0,3.0,3.0,1.0,0.0
2022-06-01,2022-08-31,Zip Code: 98112,Townhouse,885000.0,892000.0,636.6906474820144,7.0,12.0,7.0,0.975543600361438,0.0
2015-01-01,2015-03-31,Zip Code: 98108,All Residential,329500.0,372500.0,208.39169909208812,48.0,51.0,22.0,1.0158220996827807,0.3333333333333333
2019-05-01,2019-07-31,Zip Code: 98116,Condo/Co-op,515000.0,639000.0,534.045393858478,27.0,27.0,18.0,0.9906590298096491,0.1851851851851851
2023-06-01,2023-08-31,Zip Code: 98109,All Residential,1000000.0,895000.0,648.4149855907781,73.0,88.0,39.0,0.990807703398285,0.1917808219178082
2023-01-01,2023-03-31,Zip Code: 98118,Single Family Residential,725000.0,750000.0,466.62346079066754,55.0,84.0,36.0,1.0078643452956408,0.3454545454545454
2020-07-01,2020-09-30,Zip Code: 98133,Single Family Residential,687500.0,650000.0,394.1769316909295,128.0,149.0,33.0,1.0351337315053033,0.609375
2021-11-01,2022-01-31,Zip Code: 98107,Townhouse,763975.0,849475.0,613.17404646859,68.0,54.0,3.0,1.0135649834567737,0.3235294117647059
2018-01-01,2018-03-31,Zip Code: 98116,Townhouse,717000.0,799800.0,476.9975571840994,18.0,35.0,7.0,1.022717669213848,0.5
2023-01-01,2023-03-31,Zip Code: 98109,Condo/Co-op,460000.0,417000.0,606.5239551478084,33.0,40.0,29.0,0.9751039754637416,0.1515151515151515
2023-11-01,2024-01-31,Zip Code: 98136,Multi-Family (2-4 Unit),1395000.0,1175000.0,466.5551839464882,1.0,2.0,1.0,1.073076923076923,1.0
2018-10-01,2018-12-31,Zip Code: 98102,Townhouse,1017500.0,982475.0,608.8564279932298,10.0,16.0,12.0,0.9874955214091928,0.2999999999999999
2014-07-01,2014-09-30,Zip Code: 98116,Single Family Residential,589000.0,584500.0,299.2957746478873,89.0,86.0,44.0,1.0057513137084308,0.4382022471910112
2013-11-01,2014-01-31,Zip Code: 98117,Condo/Co-op,295000.0,329000.0,239.42537909018355,9.0,9.0,6.0,0.9580140968556932,0.1111111111111111
2016-11-01,2017-01-31,Zip Code: 98178,Multi-Family (2-4 Unit),446500.0,550000.0,152.38907849829351,1.0,1.0,1.0,0.992442765058902,0.0
2016-05-01,2016-07-31,Zip Code: 98136,Condo/Co-op,267500.0,319950.0,387.2932985204525,11.0,13.0,4.0,1.0624819151647966,0.7272727272727272
2023-04-01,2023-06-30,Zip Code: 98194,All Residential,1405000.0,,954.4836956521738,1.0,,,0.952542372881356,0.0
2020-02-01,2020-04-30,Zip Code: 98106,Multi-Family (2-4 Unit),962500.0,689000.0,295.24539877300606,1.0,1.0,2.0,0.9871794871794872,0.0
2021-12-01,2022-02-28,Zip Code: 98106,Townhouse,610000.0,619000.0,461.20689655172407,53.0,37.0,2.0,1.0116240281765343,0.3018867924528301
2022-07-01,2022-09-30,Zip Code: 98126,Single Family Residential,799000.0,800000.0,455.66037735849056,81.0,91.0,36.0,0.9964729824229974,0.2592592592592592
2016-09-01,2016-11-30,Zip Code: 98102,Single Family Residential,947124.0,1165000.0,415.66265060240966,15.0,22.0,13.0,0.9956483132048956,0.3333333333333333
2012-04-01,2012-06-30,Zip Code: 98115,Townhouse,298500.0,344950.0,225.37313432835825,10.0,9.0,8.0,1.0056228474947035,0.5
2017-04-01,2017-06-30,Zip Code: 98146,Single Family Residential,449950.0,459725.0,302.63157894736844,111.0,146.0,46.0,1.0647657675918991,0.6576576576576577
2014-08-01,2014-10-31,Zip Code: 98125,Condo/Co-op,178000.0,192500.0,173.99398723051974,18.0,21.0,6.0,1.0017091499358304,0.2222222222222222
2015-10-01,2015-12-31,Zip Code: 98126,Townhouse,385500.0,365000.0,269.1093368722976,14.0,13.0,,1.0362704672790513,0.6428571428571429
2017-07-01,2017-09-30,Zip Code: 98104,Condo/Co-op,461900.5,525000.0,619.0768923152118,18.0,23.0,14.0,1.0135611534718625,0.3888888888888889
2019-10-01,2019-12-31,Zip Code: 98122,Single Family Residential,950000.0,974975.0,497.7029096477795,57.0,44.0,15.0,0.9965308909700968,0.3157894736842105
2014-07-01,2014-09-30,Zip Code: 98109,All Residential,412000.0,459500.0,391.90821256038646,108.0,108.0,59.0,0.9973868699710812,0.2685185185185185
2021-06-01,2021-08-31,Zip Code: 98146,Single Family Residential,662000.0,612500.0,399.55163043478257,124.0,116.0,14.0,1.0569331234712402,0.6774193548387096
2020-05-01,2020-07-31,Zip Code: 98125,Single Family Residential,700000.0,699999.0,407.0121951219512,101.0,125.0,31.0,1.0181138488036208,0.4653465346534653
2012-06-01,2012-08-31,Zip Code: 98109,Condo/Co-op,232000.0,315000.0,322.9278794402583,59.0,50.0,42.0,0.9915875421519508,0.3050847457627118
2012-03-01,2012-05-31,Zip Code: 98104,All Residential,187500.0,194500.0,286.09829308722726,22.0,18.0,20.0,0.9672643715699965,0.1818181818181818
2015-02-01,2015-04-30,Zip Code: 98146,Single Family Residential,304550.0,350000.0,187.484375,102.0,119.0,45.0,1.0046972743046438,0.3823529411764705
2018-09-01,2018-11-30,Zip Code: 98125,All Residential,587500.0,591750.0,366.2460191082802,96.0,142.0,63.0,0.9898732243782548,0.2291666666666666
2017-09-01,2017-11-30,Zip Code: 98125,Condo/Co-op,292000.0,288800.0,285.496061879702,26.0,21.0,4.0,1.036160074810392,0.5769230769230768
2014-11-01,2015-01-31,Zip Code: 98105,Single Family Residential,655000.0,683950.0,321.05263157894734,47.0,23.0,17.0,0.989392366122938,0.276595744680851
2015-10-01,2015-12-31,Zip Code: 98106,Multi-Family (2-4 Unit),330000.0,355000.0,234.04255319148936,1.0,3.0,2.0,0.9705882352941176,0.0
2020-01-01,2020-03-31,Zip Code: 98144,Townhouse,689500.0,699000.0,514.179104477612,54.0,61.0,28.0,1.003493143857879,0.2777777777777777
2014-05-01,2014-07-31,Zip Code: 98109,All Residential,463800.0,455000.0,384.61538461538464,113.0,118.0,48.0,1.0035108162051465,0.3185840707964601
2014-06-01,2014-08-31,Zip Code: 98105,Townhouse,549900.0,522500.0,494.5143884892086,7.0,10.0,7.0,1.0076956040771192,0.4285714285714285
2012-01-01,2012-03-31,Zip Code: 98115,Condo/Co-op,144500.0,169950.0,178.59962444155047,22.0,19.0,28.0,0.949487576947134,0.0909090909090909
2013-07-01,2013-09-30,Zip Code: 98109,Townhouse,517000.0,502475.0,332.89708886619,12.0,16.0,9.0,0.994668005954806,0.0833333333333333
2022-07-01,2022-09-30,Zip Code: 98117,Multi-Family (2-4 Unit),975000.0,1250000.0,581.9631002007102,2.0,3.0,3.0,0.962962962962963,0.0
2015-11-01,2016-01-31,Zip Code: 98107,All Residential,564000.0,574950.0,428.3034833342216,86.0,99.0,27.0,1.0311758120646604,0.5697674418604651
2022-01-01,2022-03-31,Zip Code: 98122,Single Family Residential,1136500.0,1160000.0,627.7073170731708,48.0,52.0,8.0,1.0652582891624056,0.5208333333333333
2017-02-01,2017-04-30,Zip Code: 98107,Townhouse,749500.0,720000.0,477.824242714724,52.0,55.0,8.0,1.034183525463199,0.423076923076923
2021-05-01,2021-07-31,Zip Code: 98177,Single Family Residential,1170000.0,959974.5,485.82995951417,95.0,102.0,21.0,1.0831343563453146,0.6421052631578947
2021-01-01,2021-03-31,Zip Code: 98126,Single Family Residential,700000.0,666500.0,422.872340425532,101.0,100.0,17.0,1.0463625326522177,0.5643564356435643
2019-01-01,2019-03-31,Zip Code: 98177,Single Family Residential,758500.0,965609.0,343.3081714804288,46.0,63.0,30.0,0.9935620388270684,0.3043478260869565
2018-10-01,2018-12-31,Zip Code: 98125,Townhouse,565000.0,490000.0,353.125,7.0,3.0,2.0,0.9944191310044967,0.0
2020-01-01,2020-03-31,Zip Code: 98178,Multi-Family (2-4 Unit),699000.0,,288.6773275743864,2.0,,,1.0485114854642892,1.0
2012-03-01,2012-05-31,Zip Code: 98199,All Residential,485600.0,554375.0,246.56946826758147,85.0,134.0,80.0,0.9846830366136324,0.2705882352941176
2022-03-01,2022-05-31,Zip Code: 98107,Condo/Co-op,513000.0,514475.0,675.0,55.0,52.0,7.0,1.028527751460074,0.5818181818181817
2013-10-01,2013-12-31,Zip Code: 98144,All Residential,399725.0,409000.0,252.2774479671032,118.0,103.0,51.0,0.9945008749870196,0.3135593220338983
2023-08-01,2023-10-31,Zip Code: 98199,Townhouse,797500.0,785000.0,584.4632878746434,8.0,12.0,11.0,0.993227817068555,0.375
2016-04-01,2016-06-30,Zip Code: 98126,Single Family Residential,501000.0,495000.0,333.8428089304258,104.0,137.0,35.0,1.0584653647519384,0.625
2015-05-01,2015-07-31,Zip Code: 98146,All Residential,326000.0,359000.0,209.60718325791856,116.0,138.0,64.0,1.027103402074801,0.5431034482758621
2014-09-01,2014-11-30,Zip Code: 98108,Multi-Family (2-4 Unit),157049.0,364900.0,72.70787037037037,1.0,1.0,1.0,1.0469933333333334,1.0
2015-06-01,2015-08-31,Zip Code: 98133,Multi-Family (2-4 Unit),455000.0,675000.0,220.873786407767,1.0,3.0,4.0,1.1375028437571093,1.0
2016-11-01,2017-01-31,Zip Code: 98122,All Residential,662000.0,660000.0,456.7257758956929,132.0,76.0,24.0,1.0151394815384809,0.3409090909090908
2016-06-01,2016-08-31,Zip Code: 98106,All Residential,375000.0,382475.0,273.15384615384613,151.0,156.0,50.0,1.044586332209937,0.6357615894039735
2019-09-01,2019-11-30,Zip Code: 98126,Townhouse,569950.0,582500.0,361.8421052631579,21.0,26.0,9.0,0.9898782191731248,0.0476190476190476
2021-05-01,2021-07-31,Zip Code: 98144,Townhouse,669000.0,669500.0,533.7078651685393,97.0,74.0,23.0,1.0238679555253092,0.4020618556701031
2013-09-01,2013-11-30,Zip Code: 98119,Multi-Family (2-4 Unit),720000.0,667475.0,280.7377049180328,7.0,6.0,3.0,0.969742657251858,0.1428571428571428
2017-01-01,2017-03-31,Zip Code: 98106,Multi-Family (2-4 Unit),739975.0,1199475.0,208.515233983984,2.0,2.0,1.0,1.0,0.0
2023-01-01,2023-03-31,Zip Code: 98102,Multi-Family (2-4 Unit),1090000.0,1175000.0,473.9130434782609,1.0,4.0,3.0,0.9909090909090909,0.0
2017-01-01,2017-03-31,Zip Code: 98109,Multi-Family (2-4 Unit),1125000.0,1200000.0,456.17975451049983,4.0,3.0,1.0,1.028918573531992,0.75
2018-10-01,2018-12-31,Zip Code: 98177,Townhouse,551250.0,404975.0,380.28120713305896,6.0,2.0,1.0,0.9778485190390774,0.0
2023-05-01,2023-07-31,Zip Code: 98109,Single Family Residential,1600500.0,1680000.0,692.6194581524862,20.0,30.0,8.0,1.0420892190529196,0.65
2016-10-01,2016-12-31,Zip Code: 98177,Single Family Residential,630000.0,622450.0,303.1674208144796,73.0,40.0,15.0,1.0087910383729564,0.4794520547945205
2017-09-01,2017-11-30,Zip Code: 98144,Townhouse,685000.0,690000.0,465.9818228366616,56.0,62.0,14.0,1.0291553946333794,0.4642857142857143
2013-02-01,2013-04-30,Zip Code: 98144,Condo/Co-op,219900.0,244900.0,285.5477855477856,35.0,34.0,19.0,0.9876966983414046,0.1428571428571428
2012-02-01,2012-04-30,Zip Code: 98144,Multi-Family (2-4 Unit),233750.0,579000.0,115.72726981553708,2.0,1.0,3.0,0.9922844380273428,0.5
2022-10-01,2022-12-31,Zip Code: 98105,Single Family Residential,1345000.0,1499950.0,591.1955114372033,40.0,25.0,13.0,0.9697120737989248,0.1
2012-02-01,2012-04-30,Zip Code: 98119,All Residential,475000.0,499500.0,286.1111111111111,70.0,114.0,71.0,0.9844904099181608,0.2999999999999999
2013-02-01,2013-04-30,Zip Code: 98112,Townhouse,398000.0,479950.0,321.05263157894734,15.0,11.0,1.0,0.9938763932330388,0.3333333333333333
2013-10-01,2013-12-31,Zip Code: 98107,Single Family Residential,525000.0,525000.0,268.0722891566265,41.0,21.0,6.0,1.0101122545705488,0.4878048780487804
2020-07-01,2020-09-30,Zip Code: 98178,Condo/Co-op,223750.0,240000.0,221.7296918767507,10.0,7.0,,0.996043655361281,0.5999999999999999
2015-08-01,2015-10-31,Zip Code: 98102,Townhouse,769000.0,824000.0,507.7857465917167,14.0,22.0,7.0,1.0106297696348647,0.2857142857142857
2014-12-01,2015-02-28,Zip Code: 98109,Single Family Residential,813000.0,909975.0,345.6349206349206,16.0,16.0,10.0,1.0493822500978276,0.625
2014-05-01,2014-07-31,Zip Code: 98108,Condo/Co-op,250000.0,,198.4126984126984,1.0,,1.0,0.9652509652509652,0.0
2017-04-01,2017-06-30,Zip Code: 98177,Single Family Residential,769500.0,750000.0,358.63453815261045,79.0,109.0,34.0,1.061523721425714,0.6708860759493671
2021-06-01,2021-08-31,Zip Code: 98106,Condo/Co-op,356000.0,350000.0,386.51574803149606,6.0,7.0,4.0,0.9833327123269762,0.1666666666666666
2022-11-01,2023-01-31,Zip Code: 98134,All Residential,295000.0,,391.2466843501326,1.0,,,1.0,0.0
2016-07-01,2016-09-30,Zip Code: 98112,Multi-Family (2-4 Unit),1027500.0,,426.7370004987615,2.0,,,0.979591836734694,0.0
2014-01-01,2014-03-31,Zip Code: 98117,All Residential,492500.0,519500.0,271.2264043146396,124.0,142.0,33.0,1.021100486619149,0.4919354838709677
2019-09-01,2019-11-30,Zip Code: 98105,All Residential,1069500.0,829950.0,484.9710787513223,86.0,83.0,37.0,0.9856285736804684,0.2209302325581395
2020-09-01,2020-11-30,Zip Code: 98117,Townhouse,697000.0,712000.0,476.82649343117424,30.0,22.0,5.0,1.0072204659554975,0.3666666666666666
2015-05-01,2015-07-31,Zip Code: 98144,All Residential,559950.0,522475.0,321.0214655810511,143.0,156.0,47.0,1.037357947461643,0.5594405594405594
2012-06-01,2012-08-31,Zip Code: 98177,Townhouse,295000.0,232495.0,185.15643706600687,4.0,4.0,2.0,0.97262497455116,0.0
2017-01-01,2017-03-31,Zip Code: 98178,Condo/Co-op,168365.0,165865.0,165.37979456566677,2.0,2.0,,1.0185185185185186,0.5
2020-08-01,2020-10-31,Zip Code: 98105,All Residential,950000.0,899925.0,540.7534246575342,131.0,176.0,70.0,1.009920453303761,0.3206106870229007
2019-07-01,2019-09-30,Zip Code: 98144,Single Family Residential,823500.0,839000.0,437.91146658672034,68.0,66.0,42.0,0.9956868563006698,0.2352941176470588
2022-08-01,2022-10-31,Zip Code: 98199,Multi-Family (2-4 Unit),1050000.0,2200000.0,354.72972972972974,1.0,3.0,1.0,1.0,0.0
2017-05-01,2017-07-31,Zip Code: 98112,Single Family Residential,1355000.0,1299500.0,502.7160493827161,83.0,88.0,31.0,1.0396541230332794,0.4819277108433734
2015-01-01,2015-03-31,Zip Code: 98109,Multi-Family (2-4 Unit),550000.0,1800000.0,273.6318407960199,1.0,3.0,3.0,1.0000909173561232,1.0
2021-02-01,2021-04-30,Zip Code: 98118,Condo/Co-op,326500.0,390000.0,435.8235695073873,10.0,9.0,,0.9836655450337682,0.2
2020-06-01,2020-08-31,Zip Code: 98106,Condo/Co-op,326249.0,299950.0,348.31496062992125,3.0,5.0,5.0,0.9996031178014982,0.3333333333333333
2022-06-01,2022-08-31,Zip Code: 98177,Condo/Co-op,863000.0,360000.0,430.8719556911508,6.0,5.0,,1.0237739041024108,0.8333333333333333
2013-10-01,2013-12-31,Zip Code: 98116,All Residential,459500.0,480100.0,276.62540162540165,114.0,90.0,52.0,0.994784838336908,0.263157894736842
2019-01-01,2019-03-31,Zip Code: 98126,All Residential,557000.0,624950.0,356.72514619883043,111.0,157.0,72.0,0.991373645943309,0.2342342342342342
2021-01-01,2021-03-31,Zip Code: 98105,Multi-Family (2-4 Unit),1177500.0,1050000.0,389.488625574418,4.0,3.0,2.0,1.0424445237010571,0.25
2012-02-01,2012-04-30,Zip Code: 98122,All Residential,370000.0,400000.0,259.81183212017964,75.0,107.0,77.0,0.9723790156048872,0.2266666666666666
2023-04-01,2023-06-30,Zip Code: 98125,Single Family Residential,848975.0,825000.0,498.1593894691504,114.0,105.0,30.0,1.0285181269435053,0.4824561403508771
2021-10-01,2021-12-31,Zip Code: 98126,Townhouse,599750.0,652500.0,456.8627450980392,39.0,12.0,1.0,1.0065173529937117,0.3076923076923077
2022-03-01,2022-05-31,Zip Code: 98144,All Residential,865000.0,799999.0,604.746835443038,157.0,197.0,60.0,1.081727051972479,0.662420382165605
2015-02-01,2015-04-30,Zip Code: 98102,Condo/Co-op,350825.0,381400.0,420.91036959231815,48.0,64.0,16.0,1.0105801020049612,0.3958333333333333
2020-09-01,2020-11-30,Zip Code: 98199,Single Family Residential,1192500.0,1250000.0,495.275702452493,112.0,103.0,32.0,1.0111237437453,0.3928571428571428
2015-10-01,2015-12-31,Zip Code: 98133,Single Family Residential,441000.0,399950.0,263.2889795389796,122.0,93.0,22.0,1.037911828988882,0.6311475409836065
2015-07-01,2015-09-30,Zip Code: 98118,All Residential,391000.0,399950.0,247.6190476190476,161.0,184.0,76.0,1.0226201333927871,0.4161490683229813
2021-09-01,2021-11-30,Zip Code: 98194,Condo/Co-op,650000.0,,524.1935483870968,1.0,,,0.9629629629629628,0.0
2013-09-01,2013-11-30,Zip Code: 98106,Multi-Family (2-4 Unit),295000.0,319900.0,107.66423357664232,1.0,1.0,5.0,0.9834972495415902,0.0
2015-04-01,2015-06-30,Zip Code: 98115,Condo/Co-op,269000.0,249000.0,264.9812734082397,41.0,55.0,13.0,1.0188587981148534,0.4146341463414633
2016-11-01,2017-01-31,Zip Code: 98104,Condo/Co-op,322500.0,616900.0,493.7832412218693,22.0,24.0,17.0,0.981558602127513,0.1363636363636363
2019-07-01,2019-09-30,Zip Code: 98108,Condo/Co-op,95000.0,500800.0,154.2207792207792,1.0,5.0,5.0,0.7916666666666666,0.0
2014-04-01,2014-06-30,Zip Code: 98108,All Residential,316150.0,334000.0,198.7720950449145,86.0,84.0,37.0,1.0011695906013034,0.3372093023255813
2013-03-01,2013-05-31,Zip Code: 98146,All Residential,252750.0,269500.0,159.71303737563193,94.0,120.0,60.0,1.0031027693883727,0.425531914893617
2018-09-01,2018-11-30,Zip Code: 98113,All Residential,640000.0,629500.0,359.55056179775283,1.0,1.0,,1.016679904686259,1.0
2023-06-01,2023-08-31,Zip Code: 98134,All Residential,331500.0,412500.0,402.44565217391306,3.0,2.0,1.0,0.9584391534391536,0.0
2015-07-01,2015-09-30,Zip Code: 98106,Single Family Residential,380900.0,374950.0,237.6459764935601,92.0,111.0,30.0,1.0372143113964487,0.5652173913043477
2019-04-01,2019-06-30,Zip Code: 98125,Townhouse,529000.0,509700.0,419.7375541125541,6.0,16.0,10.0,1.0060146999884685,0.3333333333333333
2014-10-01,2014-12-31,Zip Code: 98177,Condo/Co-op,398975.0,168950.0,229.1509631490788,2.0,1.0,3.0,0.9854235713350482,0.0
2020-06-01,2020-08-31,Zip Code: 98125,Single Family Residential,755000.0,727000.0,416.83673469387753,107.0,148.0,32.0,1.0364442792668251,0.5514018691588785
2023-06-01,2023-08-31,Zip Code: 98126,All Residential,695000.0,691000.0,493.75,103.0,108.0,38.0,1.010631225439267,0.4077669902912621
2013-12-01,2014-02-28,Zip Code: 98107,Multi-Family (2-4 Unit),558750.0,537000.0,223.4902876813376,8.0,3.0,,0.9879003274336102,0.125
2015-02-01,2015-04-30,Zip Code: 98112,Condo/Co-op,352450.0,389950.0,393.1004419934309,6.0,19.0,11.0,0.9872934783104396,0.3333333333333333
2015-12-01,2016-02-29,Zip Code: 98109,Single Family Residential,931500.0,914500.0,395.0,13.0,16.0,7.0,1.0064787409718483,0.3846153846153846
2021-01-01,2021-03-31,Zip Code: 98133,Townhouse,644950.0,652475.0,426.67509481668776,43.0,48.0,10.0,1.009836330967549,0.3023255813953488
2016-12-01,2017-02-28,Zip Code: 98106,Condo/Co-op,217500.0,199950.0,244.4969455816148,8.0,3.0,1.0,1.0102088955109318,0.625
2023-04-01,2023-06-30,Zip Code: 98126,Multi-Family (2-4 Unit),661000.0,1050000.0,274.27385892116183,1.0,1.0,,1.101668502780838,1.0
2015-06-01,2015-08-31,Zip Code: 98126,All Residential,425000.0,422500.0,278.21782178217813,151.0,144.0,27.0,1.0326384489099478,0.5496688741721854
2019-09-01,2019-11-30,Zip Code: 98104,All Residential,525000.0,610410.0,585.9847444698703,12.0,29.0,41.0,0.9827335310405032,0.3333333333333333
2014-05-01,2014-07-31,Zip Code: 98126,Townhouse,294990.0,305500.0,223.6804511278196,30.0,24.0,5.0,1.0016421552828032,0.2666666666666666
2013-01-01,2013-03-31,Zip Code: 98116,Condo/Co-op,277650.0,349950.0,342.65734265734267,23.0,37.0,23.0,0.975154703242537,0.0434782608695652
2016-11-01,2017-01-31,Zip Code: 98102,Condo/Co-op,442500.0,403500.0,577.2230889235569,45.0,30.0,9.0,1.0210415487175126,0.511111111111111
2019-09-01,2019-11-30,Zip Code: 98107,Single Family Residential,892500.0,921500.0,484.9311079881212,52.0,44.0,6.0,1.0072529241953667,0.3846153846153846
2020-09-01,2020-11-30,Zip Code: 98109,Condo/Co-op,510000.0,497475.0,582.0425531914893,57.0,88.0,68.0,0.989569378638776,0.1228070175438596
2023-03-01,2023-05-31,Zip Code: 98105,Single Family Residential,1399950.0,1412475.0,595.0,53.0,64.0,16.0,1.029377767205684,0.5094339622641509
2017-01-01,2017-03-31,Zip Code: 98118,Condo/Co-op,297000.0,275000.0,366.2595419847328,9.0,9.0,1.0,1.0324954448726595,0.2222222222222222
2023-02-01,2023-04-30,Zip Code: 98126,Single Family Residential,745000.0,815000.0,505.3191489361702,55.0,54.0,13.0,1.0117822655393194,0.3818181818181818
2022-04-01,2022-06-30,Zip Code: 98122,Single Family Residential,1311000.0,1285000.0,681.8181818181819,61.0,79.0,25.0,1.0748171846171792,0.6885245901639344
2016-02-01,2016-04-30,Zip Code: 98177,Multi-Family (2-4 Unit),475000.0,,281.06508875739644,1.0,,,0.9405940594059404,0.0
2019-08-01,2019-10-31,Zip Code: 98109,Condo/Co-op,490000.0,499950.0,603.1613976705489,49.0,51.0,39.0,0.9853241079456616,0.1020408163265306
2020-09-01,2020-11-30,Zip Code: 98102,All Residential,760500.0,775000.0,622.2229028832802,94.0,137.0,100.0,0.9911462549342782,0.1595744680851063
2013-02-01,2013-04-30,Zip Code: 98178,Townhouse,120000.0,161550.0,120.0,1.0,2.0,2.0,1.1019283746556474,1.0
2016-07-01,2016-09-30,Zip Code: 98126,All Residential,481250.0,449975.0,334.7765363128492,166.0,174.0,59.0,1.0393853110603708,0.5783132530120481
2014-05-01,2014-07-31,Zip Code: 98144,Townhouse,374500.0,371975.0,300.4578663693146,32.0,26.0,7.0,1.0116777010027154,0.46875
2022-08-01,2022-10-31,Zip Code: 98118,Condo/Co-op,355000.0,490000.0,415.51108033241,9.0,12.0,5.0,0.976919908435905,0.2222222222222222
2014-02-01,2014-04-30,Zip Code: 98199,Single Family Residential,687550.0,760000.0,302.92294256006824,72.0,95.0,41.0,1.0096746154446063,0.4166666666666666
2015-05-01,2015-07-31,Zip Code: 98125,Single Family Residential,456000.0,450000.0,278.9699570815451,125.0,127.0,26.0,1.033777448894451,0.5759999999999998
2013-01-01,2013-03-31,Zip Code: 98108,Townhouse,265000.0,281900.0,180.88947907930296,12.0,8.0,,0.9995192307692308,0.0833333333333333
2013-09-01,2013-11-30,Zip Code: 98105,Condo/Co-op,220000.0,273500.0,277.77777777777777,19.0,8.0,5.0,0.9822554944452296,0.2105263157894736
2021-01-01,2021-03-31,Zip Code: 98136,Single Family Residential,826000.0,799000.0,466.1392697225684,50.0,67.0,11.0,1.0426336306281954,0.52
2021-06-01,2021-08-31,Zip Code: 98106,All Residential,645000.0,619950.0,429.28571428571433,177.0,185.0,42.0,1.0423155145649456,0.5706214689265536
2016-10-01,2016-12-31,Zip Code: 98117,Townhouse,605000.0,620000.0,381.5165876777251,27.0,13.0,,0.9986143640028966,0.4074074074074073
2013-08-01,2013-10-31,Zip Code: 98105,Condo/Co-op,246000.0,230000.0,298.1837606837607,22.0,19.0,5.0,0.986394620958528,0.1818181818181818
2014-09-01,2014-11-30,Zip Code: 98144,Single Family Residential,497475.0,539000.0,263.3781235266384,68.0,75.0,30.0,1.0135551777018148,0.3676470588235294
2023-03-01,2023-05-31,Zip Code: 98106,All Residential,640000.0,649998.5,457.27768987341767,87.0,112.0,42.0,1.0132625986959072,0.3333333333333333
2019-05-01,2019-07-31,Zip Code: 98126,All Residential,633450.0,624944.0,395.45454545454544,165.0,176.0,76.0,1.0068732379335652,0.3333333333333333
2016-06-01,2016-08-31,Zip Code: 98199,Condo/Co-op,321000.0,324950.0,392.9366718816567,18.0,23.0,7.0,1.0219901305034915,0.5
2015-11-01,2016-01-31,Zip Code: 98106,Condo/Co-op,199500.0,220000.0,196.35826771653544,3.0,1.0,1.0,1.0,0.0
2015-01-01,2015-03-31,Zip Code: 98133,Townhouse,314800.0,335000.0,235.0820949185043,12.0,28.0,10.0,0.9996085786006494,0.3333333333333333
2023-01-01,2023-03-31,Zip Code: 98136,Single Family Residential,938100.0,982000.0,518.5556557007661,30.0,40.0,12.0,1.0089172603762573,0.4333333333333333
2018-03-01,2018-05-31,Zip Code: 98112,Condo/Co-op,730000.0,609500.0,755.8237929318069,16.0,18.0,3.0,1.0661473734925824,0.6875
2013-03-01,2013-05-31,Zip Code: 98107,Multi-Family (2-4 Unit),480000.0,599950.0,207.1428571428572,7.0,9.0,5.0,0.9966042692144038,0.4285714285714285
2018-07-01,2018-09-30,Zip Code: 98106,All Residential,550000.0,548900.0,353.814352222385,104.0,181.0,90.0,1.0113503450635832,0.3942307692307692
2022-03-01,2022-05-31,Zip Code: 98144,Townhouse,852475.0,789000.0,596.1782681165172,62.0,77.0,31.0,1.0455208805298493,0.5483870967741935
2018-02-01,2018-04-30,Zip Code: 98177,Townhouse,732500.0,575000.0,337.0854291906924,2.0,7.0,1.0,1.0261962169950036,1.0
2021-11-01,2022-01-31,Zip Code: 98125,Townhouse,615000.0,724950.0,454.1984732824428,25.0,42.0,5.0,1.0206916560745627,0.4799999999999999
2023-06-01,2023-08-31,Zip Code: 98109,Condo/Co-op,565000.0,575000.0,616.1137440758293,39.0,47.0,28.0,0.9772409535279774,0.0769230769230769
2018-05-01,2018-07-31,Zip Code: 98118,Multi-Family (2-4 Unit),1871250.0,920000.0,753.6516591551269,2.0,4.0,4.0,1.0072033898305084,0.5
2022-07-01,2022-09-30,Zip Code: 98106,Single Family Residential,705000.0,717000.0,462.9166666666666,71.0,92.0,44.0,0.9947185147617706,0.2816901408450704
2022-02-01,2022-04-30,Zip Code: 98126,Condo/Co-op,465000.0,415000.0,514.5029239766081,19.0,28.0,3.0,1.070920495119334,0.7368421052631579
2020-08-01,2020-10-31,Zip Code: 98115,Townhouse,699880.0,704880.0,493.9930313588849,39.0,29.0,13.0,1.0000210642705003,0.1538461538461538
2021-12-01,2022-02-28,Zip Code: 98101,Townhouse,1375000.0,1295000.0,678.342377898372,3.0,1.0,,1.0228142428142428,0.6666666666666666
2018-10-01,2018-12-31,Zip Code: 98115,Townhouse,775000.0,718000.0,501.1764705882353,9.0,13.0,5.0,0.9855049325124932,0.0
2023-04-01,2023-06-30,Zip Code: 98109,All Residential,821000.0,895000.0,621.9211822660099,73.0,96.0,59.0,0.9987476222998516,0.2328767123287671
2023-07-01,2023-09-30,Zip Code: 98126,Single Family Residential,752500.0,831250.0,504.2824074074073,50.0,66.0,21.0,1.0085158294749783,0.44
2018-02-01,2018-04-30,Zip Code: 98118,Multi-Family (2-4 Unit),785000.0,679950.0,267.83249800246966,4.0,5.0,1.0,1.1112670413401091,0.75
2013-10-01,2013-12-31,Zip Code: 98116,Condo/Co-op,320000.0,275000.0,336.21366849960725,23.0,17.0,23.0,0.9901211785039246,0.1304347826086956
2020-12-01,2021-02-28,Zip Code: 98125,Condo/Co-op,325000.0,295000.0,351.89086717697774,12.0,11.0,8.0,1.000269727749497,0.25
2014-02-01,2014-04-30,Zip Code: 98108,Townhouse,319500.0,299950.0,226.1627906976744,15.0,19.0,12.0,1.0087537704950735,0.3333333333333333
2019-03-01,2019-05-31,Zip Code: 98118,Single Family Residential,627500.0,625000.0,354.7169811320755,109.0,183.0,92.0,1.0110723044501282,0.3577981651376147
2015-06-01,2015-08-31,Zip Code: 98109,Condo/Co-op,372500.0,395000.0,440.7549148099607,90.0,77.0,26.0,1.0257908452687985,0.5333333333333333
2021-11-01,2022-01-31,Zip Code: 98117,All Residential,894975.0,825000.0,563.0369482260726,164.0,101.0,17.0,1.0382269786592198,0.4268292682926829
2014-08-01,2014-10-31,Zip Code: 98119,Multi-Family (2-4 Unit),583000.0,987500.0,278.0446313406512,4.0,2.0,1.0,1.0007480449270634,0.25
2021-09-01,2021-11-30,Zip Code: 98102,Multi-Family (2-4 Unit),1190000.0,1250000.0,437.5,3.0,5.0,3.0,1.0367238095238094,0.6666666666666666
2021-10-01,2021-12-31,Zip Code: 98125,Multi-Family (2-4 Unit),1025000.0,797000.0,338.9550264550264,2.0,2.0,1.0,1.0364004044489383,1.0
2015-11-01,2016-01-31,Zip Code: 98112,All Residential,860000.0,889975.0,444.7852760736196,57.0,48.0,28.0,1.0195095043809108,0.4736842105263157
2022-03-01,2022-05-31,Zip Code: 98115,All Residential,1025000.0,895000.0,635.7379900554599,258.0,320.0,47.0,1.116578640682779,0.6705426356589147
2015-06-01,2015-08-31,Zip Code: 98136,All Residential,515500.0,507500.0,292.2535211267606,120.0,114.0,27.0,1.0336240036829485,0.5416666666666666
2023-02-01,2023-04-30,Zip Code: 98125,Townhouse,620000.0,679950.0,466.1602209944752,13.0,10.0,6.0,0.9923999537556089,0.0
2014-08-01,2014-10-31,Zip Code: 98106,Single Family Residential,325000.0,314975.0,178.16189544807966,80.0,84.0,42.0,1.0008638943129364,0.3624999999999999
2017-06-01,2017-08-31,Zip Code: 98109,Condo/Co-op,498000.0,479900.0,619.4300907155665,76.0,69.0,14.0,1.0622659850043998,0.5394736842105263
2021-07-01,2021-09-30,Zip Code: 98177,Condo/Co-op,862000.0,660000.0,395.9856915739268,2.0,6.0,2.0,1.021702838063439,0.5
2014-02-01,2014-04-30,Zip Code: 98144,Townhouse,354500.0,359950.0,251.12164392995675,22.0,37.0,11.0,0.9768156375253804,0.2727272727272727
2017-07-01,2017-09-30,Zip Code: 98118,Multi-Family (2-4 Unit),538000.0,789000.0,228.45392559247983,2.0,4.0,2.0,1.1857738095238095,1.0
2016-06-01,2016-08-31,Zip Code: 98107,Condo/Co-op,381500.0,375000.0,518.037518037518,43.0,50.0,10.0,1.041302067587507,0.6046511627906976
2023-04-01,2023-06-30,Zip Code: 98108,Single Family Residential,658000.0,674995.0,408.5697657500364,64.0,74.0,31.0,1.0083286671119374,0.46875
2015-04-01,2015-06-30,Zip Code: 98106,Single Family Residential,350000.0,352500.0,216.80749638603976,112.0,100.0,21.0,1.028824002688538,0.5714285714285714
2013-02-01,2013-04-30,Zip Code: 98146,All Residential,275000.0,270000.0,161.71428571428572,69.0,111.0,62.0,1.000806966554966,0.3478260869565217
2015-03-01,2015-05-31,Zip Code: 98102,Single Family Residential,950000.0,1050000.0,393.2038834951457,13.0,27.0,13.0,1.007978261040875,0.4615384615384615
2023-03-01,2023-05-31,Zip Code: 98133,Single Family Residential,760000.0,750000.0,478.2146652497343,97.0,99.0,24.0,1.0148567989053987,0.4536082474226804
2014-11-01,2015-01-31,Zip Code: 98125,Condo/Co-op,180500.0,199950.0,174.00216883101268,14.0,13.0,7.0,0.9731355357553932,0.0714285714285714
2016-09-01,2016-11-30,Zip Code: 98144,Condo/Co-op,279400.0,349500.0,388.7102190679816,10.0,12.0,7.0,0.9997780966818156,0.2999999999999999
2020-05-01,2020-07-31,Zip Code: 98107,Single Family Residential,925000.0,899999.0,496.3019712897944,50.0,61.0,16.0,1.0235701036532523,0.44
2015-09-01,2015-11-30,Zip Code: 98199,Condo/Co-op,269500.0,304919.0,308.142752085644,20.0,22.0,7.0,1.0191993490491502,0.45
2012-02-01,2012-04-30,Zip Code: 98117,Single Family Residential,448000.0,449975.0,224.5412844036697,93.0,136.0,42.0,1.0038637667038242,0.4086021505376344
2022-09-01,2022-11-30,Zip Code: 98106,Single Family Residential,689000.0,675000.0,422.2972972972973,81.0,85.0,34.0,0.9930453665990135,0.1975308641975308
2023-12-01,2024-02-29,Zip Code: 98102,Single Family Residential,1193350.0,1595000.0,589.2857142857143,9.0,13.0,10.0,0.9765155873522195,0.1111111111111111
2012-04-01,2012-06-30,Zip Code: 98117,Multi-Family (2-4 Unit),330000.0,550000.0,182.32044198895028,1.0,3.0,3.0,0.9734513274336282,0.0
2014-06-01,2014-08-31,Zip Code: 98177,All Residential,506000.0,548000.0,237.5239923224568,111.0,111.0,62.0,1.0124756810956768,0.4234234234234234
2019-09-01,2019-11-30,Zip Code: 98175,Townhouse,540000.0,,391.0209992758871,1.0,,,0.9818181818181818,0.0
2016-10-01,2016-12-31,Zip Code: 98105,Townhouse,657000.0,639000.0,484.31090574756,4.0,3.0,,1.0629405354137773,0.5
2023-05-01,2023-07-31,Zip Code: 98133,Townhouse,715000.0,693990.0,442.2476586888658,55.0,49.0,26.0,0.9905964214758776,0.1818181818181818
2020-01-01,2020-03-31,Zip Code: 98125,All Residential,600000.0,625000.0,357.66423357664235,95.0,117.0,42.0,1.0036725146715595,0.3263157894736842
2015-12-01,2016-02-29,Zip Code: 98106,Single Family Residential,352000.0,350300.0,239.79591836734693,51.0,52.0,16.0,1.0127590287475,0.5098039215686274
2016-04-01,2016-06-30,Zip Code: 98177,Condo/Co-op,595000.0,535000.0,265.4531110176539,2.0,5.0,3.0,1.0129081894340914,0.5
2012-06-01,2012-08-31,Zip Code: 98107,Townhouse,405000.0,402475.0,259.6666666666667,19.0,20.0,8.0,0.9962733838104036,0.263157894736842
2012-12-01,2013-02-28,Zip Code: 98108,All Residential,279000.0,279950.0,163.4834123222749,60.0,47.0,28.0,0.9926558647157722,0.2
2014-09-01,2014-11-30,Zip Code: 98101,All Residential,429975.0,570000.0,520.8333333333334,46.0,48.0,19.0,0.9926943505465226,0.217391304347826
2018-06-01,2018-08-31,Zip Code: 98125,All Residential,635000.0,599000.0,405.6886227544911,147.0,165.0,55.0,1.034320201559266,0.5034013605442176
2018-10-01,2018-12-31,Zip Code: 98125,All Residential,575000.0,582500.0,360.5056669572799,104.0,84.0,47.0,0.983696001424488,0.1538461538461538
2020-08-01,2020-10-31,Zip Code: 98105,Condo/Co-op,489600.0,407500.0,513.6944655787036,18.0,30.0,21.0,0.9878580136991923,0.1666666666666666
2018-09-01,2018-11-30,Zip Code: 98118,All Residential,574900.0,599900.0,342.0577253734133,106.0,153.0,94.0,0.9838369074881148,0.2735849056603773
2017-04-01,2017-06-30,Zip Code: 98144,All Residential,660000.0,657500.0,425.531914893617,174.0,182.0,52.0,1.0531783973501552,0.5114942528735632
2023-11-01,2024-01-31,Zip Code: 98105,Single Family Residential,1345000.0,1295000.0,580.3571428571429,21.0,27.0,15.0,0.979481257305532,0.2857142857142857
2015-02-01,2015-04-30,Zip Code: 98144,Townhouse,402611.5,432425.0,304.8503177550748,40.0,38.0,2.0,1.0195135014622592,0.55
2023-10-01,2023-12-31,Zip Code: 98178,All Residential,723000.0,729950.0,337.56345177664974,37.0,50.0,30.0,1.009167386169344,0.3243243243243243
2023-11-01,2024-01-31,Zip Code: 98109,Townhouse,1007475.0,1150000.0,661.0308187036646,6.0,11.0,4.0,0.9904900736139866,0.0
2018-03-01,2018-05-31,Zip Code: 98116,Multi-Family (2-4 Unit),1500000.0,1343999.5,461.5384615384616,3.0,2.0,1.0,0.9002965944318571,0.3333333333333333
2014-02-01,2014-04-30,Zip Code: 98107,Multi-Family (2-4 Unit),639250.0,599500.0,205.1548045186184,6.0,6.0,2.0,1.0237424945530702,0.3333333333333333
2017-08-01,2017-10-31,Zip Code: 98119,Multi-Family (2-4 Unit),1336000.0,889000.0,383.38162409454816,2.0,7.0,3.0,1.0705288913984563,1.0
2022-03-01,2022-05-31,Zip Code: 98109,Single Family Residential,1900000.0,1785000.0,710.4265402843602,17.0,38.0,12.0,1.1000913912130077,0.6470588235294118
2023-06-01,2023-08-31,Zip Code: 98146,Condo/Co-op,375000.0,385000.0,357.83365570599614,7.0,9.0,5.0,0.990458982011777,0.0
2016-05-01,2016-07-31,Zip Code: 98125,Condo/Co-op,237650.0,247000.0,269.54177897574124,25.0,32.0,8.0,1.0726142722838707,0.76
2020-05-01,2020-07-31,Zip Code: 98106,Townhouse,512000.0,524999.5,354.2960266785961,26.0,46.0,31.0,0.9978396390702802,0.1538461538461538
2015-11-01,2016-01-31,Zip Code: 98122,All Residential,599000.0,649900.0,417.5438596491228,125.0,99.0,31.0,1.010335285857633,0.4
2023-08-01,2023-10-31,Zip Code: 98102,Multi-Family (2-4 Unit),1165000.0,1285000.0,428.30882352941177,1.0,4.0,4.0,0.9137254901960784,0.0
2018-12-01,2019-02-28,Zip Code: 98119,Multi-Family (2-4 Unit),1000000.0,1125000.0,441.5873015873016,3.0,3.0,3.0,1.0026673939016155,0.3333333333333333
2022-01-01,2022-03-31,Zip Code: 98108,Townhouse,592247.5,619950.0,495.6052356424728,54.0,39.0,2.0,1.0128674152439343,0.3148148148148148
2021-02-01,2021-04-30,Zip Code: 98125,Condo/Co-op,332000.0,340000.0,369.1724195003711,16.0,19.0,6.0,1.0085803171292893,0.4375
2023-03-01,2023-05-31,Zip Code: 98116,Condo/Co-op,659000.0,574950.0,637.6566214452964,24.0,28.0,14.0,0.9912197925566858,0.1666666666666666
2013-10-01,2013-12-31,Zip Code: 98144,Multi-Family (2-4 Unit),425750.0,440800.0,174.78836952521164,8.0,1.0,1.0,0.9671427930343068,0.125
2021-10-01,2021-12-31,Zip Code: 98107,All Residential,822500.0,827000.0,596.9337779075674,184.0,124.0,16.0,1.025065929764068,0.3967391304347825
2014-09-01,2014-11-30,Zip Code: 98125,All Residential,400000.0,417500.0,223.2142857142857,137.0,130.0,52.0,0.9990237834102932,0.364963503649635
2012-02-01,2012-04-30,Zip Code: 98102,Single Family Residential,741317.5,949950.0,280.6936900780379,16.0,23.0,14.0,0.972075522020685,0.1875
2019-09-01,2019-11-30,Zip Code: 98133,All Residential,560000.0,560000.0,349.52623282272714,144.0,153.0,73.0,0.9880056388645406,0.2083333333333333
2023-04-01,2023-06-30,Zip Code: 98118,Condo/Co-op,547475.0,402000.0,576.2894736842105,10.0,10.0,3.0,0.9875292588064228,0.4
2018-06-01,2018-08-31,Zip Code: 98101,Condo/Co-op,790000.0,707500.0,797.011207970112,59.0,72.0,47.0,0.9869745338505744,0.2542372881355932
2013-12-01,2014-02-28,Zip Code: 98116,Townhouse,479500.0,447000.0,304.57749617931734,10.0,16.0,7.0,1.008246592789264,0.1
2015-06-01,2015-08-31,Zip Code: 98125,Multi-Family (2-4 Unit),530000.0,535000.0,202.55050505050505,4.0,3.0,,0.9624903348492668,0.0
2018-09-01,2018-11-30,Zip Code: 98117,Townhouse,774975.0,692475.0,488.8659176606926,12.0,26.0,12.0,0.9807161302904398,0.0
2012-03-01,2012-05-31,Zip Code: 98122,Single Family Residential,525000.0,599950.0,243.0555555555556,49.0,59.0,32.0,0.995122111800732,0.2857142857142857
2013-02-01,2013-04-30,Zip Code: 98117,Townhouse,399950.0,399950.0,264.7058823529412,17.0,20.0,5.0,1.0160538118632891,0.5294117647058822
2016-02-01,2016-04-30,Zip Code: 98112,All Residential,969950.0,945000.0,503.36700336700335,101.0,147.0,34.0,1.025295160602346,0.4653465346534653
2015-06-01,2015-08-31,Zip Code: 98107,Multi-Family (2-4 Unit),755500.0,689000.0,292.574178283668,14.0,9.0,1.0,1.0463784187968808,0.6428571428571429
2021-09-01,2021-11-30,Zip Code: 98117,Multi-Family (2-4 Unit),1350000.0,1738500.0,469.42446043165467,5.0,2.0,,0.9936704592707204,0.2
2015-06-01,2015-08-31,Zip Code: 98115,All Residential,575000.0,555000.0,323.21121219572166,264.0,281.0,68.0,1.054334429329423,0.6136363636363636
2019-02-01,2019-04-30,Zip Code: 98122,Townhouse,730000.0,759975.0,534.75935828877,37.0,40.0,18.0,0.998334471523496,0.3513513513513513
2017-05-01,2017-07-31,Zip Code: 98199,Single Family Residential,948500.0,906225.0,442.03747072599526,117.0,128.0,35.0,1.0477655313524583,0.5128205128205127
2017-08-01,2017-10-31,Zip Code: 98126,Townhouse,531170.0,550000.0,333.5603896103896,49.0,27.0,5.0,1.0138675794550265,0.346938775510204
2021-03-01,2021-05-31,Zip Code: 98116,Multi-Family (2-4 Unit),1685000.0,1376000.0,451.7426273458445,5.0,5.0,5.0,0.9555065385363836,0.0
2015-08-01,2015-10-31,Zip Code: 98178,Condo/Co-op,147499.0,,125.72815533980582,3.0,,,0.9944444074071604,0.0
2012-08-01,2012-10-31,Zip Code: 98118,Single Family Residential,298500.0,287250.0,159.3957072889657,92.0,140.0,107.0,0.9783663675692174,0.2282608695652173
2016-01-01,2016-03-31,Zip Code: 98136,Condo/Co-op,318500.0,245000.0,372.34380605812106,8.0,10.0,,1.0548586889292906,0.75
2012-01-01,2012-03-31,Zip Code: 98178,Single Family Residential,190000.0,199925.0,102.67441860465117,55.0,92.0,100.0,0.9665894172014716,0.2727272727272727
2014-10-01,2014-12-31,Zip Code: 98109,All Residential,420000.0,444925.0,399.9391727493917,71.0,62.0,24.0,0.9934242519713566,0.3098591549295774
2023-08-01,2023-10-31,Zip Code: 98106,All Residential,635000.0,680000.0,457.74647887323937,83.0,99.0,50.0,1.002919373214703,0.3132530120481927
2014-12-01,2015-02-28,Zip Code: 98107,All Residential,500000.0,530000.0,367.61029411764713,71.0,90.0,29.0,1.0065294350352665,0.352112676056338
2018-08-01,2018-10-31,Zip Code: 98133,All Residential,558750.0,560000.0,359.8314764640412,164.0,225.0,112.0,0.99567447379601,0.2804878048780488
2016-10-01,2016-12-31,Zip Code: 98122,Townhouse,729100.0,735000.0,448.170731707317,43.0,21.0,5.0,1.0101994375692638,0.2558139534883721
2016-04-01,2016-06-30,Zip Code: 98122,Condo/Co-op,379500.0,328500.0,535.0029815146095,58.0,62.0,9.0,1.0606126742352844,0.7068965517241379
2018-06-01,2018-08-31,Zip Code: 98177,Single Family Residential,831475.0,749975.0,385.3552625658102,80.0,92.0,45.0,1.016827082744804,0.4375
2022-09-01,2022-11-30,Zip Code: 98118,Single Family Residential,722500.0,707000.0,399.7233748271093,77.0,82.0,36.0,0.9921214295285908,0.2857142857142857
2019-12-01,2020-02-29,Zip Code: 98178,Condo/Co-op,199000.0,250000.0,229.126213592233,3.0,3.0,1.0,1.0200170192151854,0.6666666666666666
2015-11-01,2016-01-31,Zip Code: 98112,Multi-Family (2-4 Unit),1075000.0,1300000.0,282.00419727177336,1.0,2.0,2.0,0.9347826086956522,0.0
2012-07-01,2012-09-30,Zip Code: 98146,Single Family Residential,220000.0,265000.0,140.83020915548542,84.0,85.0,79.0,0.9965079687930593,0.2738095238095238
2017-02-01,2017-04-30,Zip Code: 98199,Single Family Residential,985000.0,949000.0,442.1296296296296,67.0,103.0,40.0,1.046625414560244,0.6417910447761193
2013-11-01,2014-01-31,Zip Code: 98125,Condo/Co-op,145000.0,144900.0,132.2014584093442,8.0,13.0,9.0,0.9965830685354928,0.5
2014-08-01,2014-10-31,Zip Code: 98108,Townhouse,285000.0,377500.0,192.1470342522974,7.0,4.0,,1.0216612364871582,0.1428571428571428
2018-12-01,2019-02-28,Zip Code: 98112,Multi-Family (2-4 Unit),1900000.0,,464.54767726161367,3.0,,,0.848266933600267,0.0
2014-01-01,2014-03-31,Zip Code: 98178,Townhouse,60000.0,,48.19277108433735,3.0,,,0.941953820537804,0.3333333333333333
2022-11-01,2023-01-31,Zip Code: 98199,Condo/Co-op,450000.0,440500.0,489.7260273972602,8.0,6.0,3.0,0.9825568132460288,0.125
2015-08-01,2015-10-31,Zip Code: 98126,Townhouse,427500.0,379950.0,289.6656534954407,22.0,15.0,2.0,1.0201239956815775,0.6363636363636364
2020-08-01,2020-10-31,Zip Code: 98109,Multi-Family (2-4 Unit),1337000.0,1295000.0,537.7861721611722,2.0,3.0,4.0,0.9263467019983196,0.0
2012-05-01,2012-07-31,Zip Code: 98126,All Residential,303741.0,314990.0,208.31298276296093,108.0,109.0,74.0,0.9871171802628388,0.324074074074074
2016-05-01,2016-07-31,Zip Code: 98136,Multi-Family (2-4 Unit),940000.0,,265.24454366789644,2.0,,,1.0063241106719367,0.5
2023-04-01,2023-06-30,Zip Code: 98133,Multi-Family (2-4 Unit),820000.0,1060000.0,360.8974358974359,3.0,2.0,1.0,0.9836,0.3333333333333333
2013-10-01,2013-12-31,Zip Code: 98105,Townhouse,475000.0,465000.0,339.9122807017544,9.0,8.0,5.0,1.003537551565068,0.1111111111111111
2015-09-01,2015-11-30,Zip Code: 98104,All Residential,329000.0,625000.0,408.57142857142856,15.0,19.0,18.0,0.9723055941683209,0.2666666666666666
2015-01-01,2015-03-31,Zip Code: 98144,Townhouse,391975.0,427450.0,293.75604521722533,28.0,40.0,6.0,1.0116231927000603,0.4285714285714285
2021-07-01,2021-09-30,Zip Code: 98118,Condo/Co-op,361000.0,333000.0,470.9847928090904,4.0,9.0,4.0,1.0140543374316109,0.25
2016-10-01,2016-12-31,Zip Code: 98178,Condo/Co-op,101000.0,115000.0,140.9313725490196,3.0,3.0,,0.9654323797002144,0.3333333333333333
2017-01-01,2017-03-31,Zip Code: 98133,All Residential,475000.0,458888.0,324.83660130718954,145.0,159.0,20.0,1.0396598682639175,0.5379310344827585
2012-07-01,2012-09-30,Zip Code: 98144,All Residential,359950.0,345000.0,220.125786163522,89.0,125.0,109.0,1.0045512399282943,0.2921348314606741
2014-09-01,2014-11-30,Zip Code: 98146,Condo/Co-op,141175.0,129000.0,133.29003689376032,4.0,7.0,7.0,0.9894906672962832,0.0
2022-05-01,2022-07-31,Zip Code: 98144,Single Family Residential,1017500.0,950000.0,586.1473332483824,68.0,95.0,42.0,1.0760752676198295,0.5735294117647058
2019-03-01,2019-05-31,Zip Code: 98109,Multi-Family (2-4 Unit),1820000.0,1562500.0,380.75313807531376,1.0,4.0,3.0,0.9891304347826086,0.0
2019-04-01,2019-06-30,Zip Code: 98115,Single Family Residential,854500.0,850000.0,447.2136222910217,154.0,226.0,81.0,1.0176794996519334,0.4545454545454545
2012-01-01,2012-03-31,Zip Code: 98125,Condo/Co-op,90000.0,145000.0,131.79916317991632,13.0,15.0,22.0,0.9272673946365716,0.1538461538461538
2017-06-01,2017-08-31,Zip Code: 98144,Multi-Family (2-4 Unit),810000.0,804975.0,400.0,5.0,6.0,2.0,1.0269684605362996,0.4
2021-07-01,2021-09-30,Zip Code: 98115,Multi-Family (2-4 Unit),1124000.0,1095000.0,447.80876494023903,1.0,3.0,2.0,0.9366674472228728,0.0
2019-11-01,2020-01-31,Zip Code: 98115,Condo/Co-op,407000.0,455000.0,386.626801065214,24.0,15.0,6.0,0.9801252933208748,0.0
2022-07-01,2022-09-30,Zip Code: 98115,Condo/Co-op,468000.0,500000.0,510.7398568019093,39.0,51.0,15.0,0.9988406847466372,0.2564102564102563
2018-07-01,2018-09-30,Zip Code: 98125,Single Family Residential,699000.0,675000.0,384.8920863309352,85.0,106.0,57.0,1.0081478317167067,0.3529411764705882
2015-01-01,2015-03-31,Zip Code: 98177,Townhouse,375000.0,299950.0,244.478527607362,3.0,3.0,2.0,1.0067732677326775,0.3333333333333333
2013-01-01,2013-03-31,Zip Code: 98107,All Residential,400225.0,429950.0,298.7708099215682,56.0,87.0,25.0,1.0038469016397265,0.3571428571428571
2020-04-01,2020-06-30,Zip Code: 98146,Condo/Co-op,285000.0,219900.0,315.61461794019925,3.0,5.0,5.0,0.9763730079853477,0.3333333333333333
2022-10-01,2022-12-31,Zip Code: 98136,Condo/Co-op,825000.0,472475.0,455.29801324503313,3.0,6.0,1.0,0.9879627705027828,0.0
2019-07-01,2019-09-30,Zip Code: 98144,Multi-Family (2-4 Unit),1092000.0,1215000.0,322.12389380530976,1.0,5.0,3.0,1.0,0.0
2018-03-01,2018-05-31,Zip Code: 98117,Townhouse,710000.0,724975.0,511.56069364161846,33.0,34.0,10.0,1.0467156031855147,0.5454545454545454
2013-09-01,2013-11-30,Zip Code: 98125,Multi-Family (2-4 Unit),420000.0,335000.0,198.0050839964633,2.0,1.0,2.0,0.950450200087506,0.0
2012-05-01,2012-07-31,Zip Code: 98177,Condo/Co-op,210000.0,427495.0,169.42932541646047,2.0,6.0,6.0,0.9842395587076436,0.5
2015-11-01,2016-01-31,Zip Code: 98199,Multi-Family (2-4 Unit),1220000.0,1299000.0,310.4325699745547,1.0,1.0,,0.9391839876828328,0.0
2020-05-01,2020-07-31,Zip Code: 98146,Condo/Co-op,245500.0,227697.5,341.0813303224128,4.0,6.0,6.0,0.963460037230529,0.0
2023-08-01,2023-10-31,Zip Code: 98118,Single Family Residential,817500.0,770950.0,434.06790060333367,68.0,90.0,55.0,1.0029125868961604,0.3088235294117647
2018-10-01,2018-12-31,Zip Code: 98115,Single Family Residential,850000.0,850000.0,423.6842105263158,131.0,83.0,33.0,0.9907120527990266,0.2366412213740458
2019-05-01,2019-07-31,Zip Code: 98146,Condo/Co-op,265000.0,260000.0,302.16647662485747,3.0,9.0,7.0,1.0043572984749456,0.3333333333333333
2015-01-01,2015-03-31,Zip Code: 98144,Condo/Co-op,225000.0,302500.0,310.5691056910569,11.0,14.0,10.0,0.9955176555821968,0.1818181818181818
2015-04-01,2015-06-30,Zip Code: 98177,All Residential,605000.0,599950.0,260.5263157894737,100.0,140.0,54.0,1.0190007299924893,0.52
2019-08-01,2019-10-31,Zip Code: 98177,Townhouse,380500.0,458975.0,328.6691611132021,4.0,6.0,2.0,1.002091392024803,0.25
2020-02-01,2020-04-30,Zip Code: 98118,Single Family Residential,690000.0,682008.5,366.3,89.0,112.0,44.0,1.013368785154503,0.449438202247191
2020-12-01,2021-02-28,Zip Code: 98107,Townhouse,759950.0,749999.5,547.3372781065088,49.0,54.0,9.0,1.005342061701485,0.2653061224489796
2012-05-01,2012-07-31,Zip Code: 98133,Townhouse,231475.0,249950.0,173.81055162245804,18.0,17.0,9.0,0.9925647724297936,0.3888888888888889
2015-09-01,2015-11-30,Zip Code: 98136,Townhouse,432000.0,489975.0,330.6878306878307,9.0,8.0,1.0,1.0177376139308647,0.7777777777777777
2012-07-01,2012-09-30,Zip Code: 98108,Townhouse,238850.0,265000.0,179.38794793451194,12.0,15.0,9.0,1.0387982962331377,0.1666666666666666
2019-09-01,2019-11-30,Zip Code: 98118,Condo/Co-op,339000.0,331225.0,470.263504560433,2.0,4.0,4.0,0.9888,0.5
2023-04-01,2023-06-30,Zip Code: 98104,Condo/Co-op,433500.0,439950.0,610.7382550335569,19.0,41.0,33.0,0.9701107384773971,0.1578947368421052
2021-07-01,2021-09-30,Zip Code: 98133,Multi-Family (2-4 Unit),687500.0,1267500.0,352.4007444168734,4.0,8.0,7.0,0.9699651464490509,0.0
2017-12-01,2018-02-28,Zip Code: 98107,Multi-Family (2-4 Unit),955000.0,1400000.0,351.5625,3.0,1.0,,0.9510894797081078,0.3333333333333333
2023-06-01,2023-08-31,Zip Code: 98115,Single Family Residential,1117750.0,1100000.0,588.3893762183236,134.0,148.0,32.0,1.0254653533100264,0.5
2022-04-01,2022-06-30,Zip Code: 98199,Multi-Family (2-4 Unit),1330000.0,949900.0,499.31992903607335,2.0,3.0,1.0,1.020418816015721,0.5
2014-08-01,2014-10-31,Zip Code: 98199,Single Family Residential,762000.0,729000.0,317.23933336849325,90.0,89.0,38.0,1.0007651077271775,0.3444444444444444
2019-02-01,2019-04-30,Zip Code: 98118,Single Family Residential,605000.0,599725.0,360.3380049464138,102.0,136.0,66.0,1.011336857984806,0.3431372549019607
2021-05-01,2021-07-31,Zip Code: 98133,Single Family Residential,775000.0,725000.0,451.97740112994353,155.0,176.0,38.0,1.0733857034329006,0.6580645161290322
2017-05-01,2017-07-31,Zip Code: 98115,All Residential,817500.0,755000.0,422.9396250044895,232.0,269.0,49.0,1.0945448202090702,0.6896551724137931
2020-11-01,2021-01-31,Zip Code: 98102,All Residential,771000.0,798000.0,604.7700170357753,91.0,95.0,67.0,0.9783506795646636,0.0879120879120879
2019-11-01,2020-01-31,Zip Code: 98109,Multi-Family (2-4 Unit),1350000.0,1095000.0,482.1428571428572,1.0,3.0,2.0,1.08,1.0
2021-08-01,2021-10-31,Zip Code: 98101,Condo/Co-op,676500.0,709950.0,876.2152235199355,98.0,92.0,62.0,0.9898766819411918,0.1632653061224489
2015-07-01,2015-09-30,Zip Code: 98125,Condo/Co-op,210000.0,229950.0,203.94736842105263,21.0,17.0,11.0,1.0004118053511069,0.3333333333333333
2013-12-01,2014-02-28,Zip Code: 98126,Townhouse,289995.0,323250.0,211.91397611676248,10.0,22.0,11.0,1.0060760311159629,0.2999999999999999
2013-10-01,2013-12-31,Zip Code: 98115,Single Family Residential,505000.0,549000.0,252.80898876404493,119.0,79.0,23.0,1.0127617499430464,0.4285714285714285
2019-06-01,2019-08-31,Zip Code: 98126,Single Family Residential,640000.0,625000.0,378.86597938144325,107.0,99.0,42.0,1.0112328360034404,0.3738317757009345
2020-09-01,2020-11-30,Zip Code: 98126,All Residential,654750.0,625000.0,404.8451565867884,188.0,154.0,52.0,1.0084868190546603,0.3776595744680851
2013-02-01,2013-04-30,Zip Code: 98177,Townhouse,270000.0,289250.0,182.90564020315423,4.0,2.0,,0.9621706560227432,0.25
2015-11-01,2016-01-31,Zip Code: 98102,Single Family Residential,895000.0,864975.0,346.8992248062016,7.0,12.0,9.0,1.005672233903411,0.4285714285714285
2019-07-01,2019-09-30,Zip Code: 98146,All Residential,486944.0,495000.0,284.6452967525196,106.0,109.0,58.0,1.0030148570065225,0.3018867924528301
2021-09-01,2021-11-30,Zip Code: 98134,Condo/Co-op,412750.0,445450.0,370.4940526935412,4.0,2.0,,0.9988955078424072,0.5
2012-06-01,2012-08-31,Zip Code: 98146,Condo/Co-op,124950.0,127425.0,213.22525597269623,3.0,10.0,7.0,1.0,0.0
2022-04-01,2022-06-30,Zip Code: 98106,Townhouse,650000.0,685000.0,464.5626533885586,56.0,43.0,3.0,1.0209694743888704,0.4821428571428571
2019-09-01,2019-11-30,Zip Code: 98177,Condo/Co-op,671500.0,360000.0,318.03565972561915,12.0,3.0,4.0,0.99154268992381,0.0
2019-06-01,2019-08-31,Zip Code: 98144,Multi-Family (2-4 Unit),931497.5,1182000.0,390.5247445217025,2.0,4.0,4.0,0.997416129032258,0.0
2022-10-01,2022-12-31,Zip Code: 98109,Single Family Residential,1300000.0,1395000.0,618.5974518176976,20.0,13.0,7.0,0.9843789859822968,0.2
2020-08-01,2020-10-31,Zip Code: 98116,Single Family Residential,849950.0,925000.0,436.04651162790697,121.0,118.0,26.0,1.0185651847778174,0.4876033057851239
2023-04-01,2023-06-30,Zip Code: 98122,Condo/Co-op,460000.0,474944.0,629.8449612403101,33.0,38.0,18.0,0.9901449880095607,0.0909090909090909
2014-03-01,2014-05-31,Zip Code: 98178,Multi-Family (2-4 Unit),238975.0,575000.0,85.34821428571429,1.0,1.0,2.0,1.194880974404872,1.0
2021-04-01,2021-06-30,Zip Code: 98144,Townhouse,664500.0,649950.0,524.3277310924369,96.0,91.0,20.0,1.018095893930657,0.3645833333333333
2014-01-01,2014-03-31,Zip Code: 98146,All Residential,299475.0,299975.0,167.30566534914362,76.0,92.0,59.0,0.9934668780097377,0.3552631578947368
2013-01-01,2013-03-31,Zip Code: 98117,Townhouse,385250.0,389950.0,265.8190766346379,14.0,20.0,2.0,1.010171392888178,0.4285714285714285
2021-09-01,2021-11-30,Zip Code: 98105,Condo/Co-op,450000.0,488888.0,567.0073398686968,18.0,15.0,12.0,0.9800164471557296,0.1111111111111111
2012-08-01,2012-10-31,Zip Code: 98199,Townhouse,378750.0,399995.0,259.32021499170327,6.0,13.0,6.0,0.9826861697001572,0.1666666666666666
2019-09-01,2019-11-30,Zip Code: 98199,Single Family Residential,990000.0,1073500.0,441.7293233082706,81.0,82.0,31.0,0.9932735231006742,0.3333333333333333
2023-07-01,2023-09-30,Zip Code: 98116,Condo/Co-op,655000.0,689000.0,600.5255447032307,26.0,35.0,14.0,0.9981775338740136,0.2692307692307692
2023-03-01,2023-05-31,Zip Code: 98116,Single Family Residential,1150000.0,1125000.0,579.7101449275362,67.0,75.0,18.0,1.036689294059512,0.5074626865671642
2014-05-01,2014-07-31,Zip Code: 98177,Condo/Co-op,229500.0,365000.0,228.00275482093664,6.0,7.0,3.0,1.0178452816379628,0.3333333333333333
2021-06-01,2021-08-31,Zip Code: 98134,All Residential,408000.0,427000.0,354.7826086956522,1.0,5.0,2.0,0.983132530120482,0.0
2014-04-01,2014-06-30,Zip Code: 98178,Single Family Residential,273500.0,287000.0,151.40562248995985,87.0,109.0,63.0,0.990495917082962,0.3908045977011494
2014-11-01,2015-01-31,Zip Code: 98199,All Residential,625000.0,589900.0,292.28343145500423,103.0,75.0,32.0,1.000485617728688,0.3495145631067961
2014-04-01,2014-06-30,Zip Code: 98125,Single Family Residential,427975.0,439350.0,239.21727490488936,108.0,134.0,34.0,1.0335717802135669,0.574074074074074
2020-09-01,2020-11-30,Zip Code: 98122,All Residential,799999.0,738975.0,569.6969696969697,163.0,196.0,99.0,1.0044136654386415,0.3006134969325153
2018-06-01,2018-08-31,Zip Code: 98102,Condo/Co-op,545000.0,550000.0,649.6815286624204,65.0,77.0,27.0,1.0135349812848409,0.3538461538461538
2019-11-01,2020-01-31,Zip Code: 98108,Single Family Residential,625000.0,625000.0,333.96946564885496,53.0,36.0,18.0,0.9732452860025776,0.150943396226415
2013-04-01,2013-06-30,Zip Code: 98105,Condo/Co-op,250000.0,300000.0,284.4141069397042,11.0,23.0,12.0,0.9992689492204024,0.2727272727272727
2023-11-01,2024-01-31,Zip Code: 98115,Townhouse,844950.0,874419.0,576.4386304149723,10.0,16.0,7.0,0.989451052365857,0.1
2016-02-01,2016-04-30,Zip Code: 98106,Multi-Family (2-4 Unit),441000.0,335000.0,157.2013487475915,2.0,3.0,1.0,0.9895612547689698,0.5
2019-04-01,2019-06-30,Zip Code: 98109,Condo/Co-op,497450.0,517000.0,632.5692255852214,64.0,92.0,64.0,0.9855665948212629,0.078125
2012-12-01,2013-02-28,Zip Code: 98107,Condo/Co-op,262000.0,259950.0,309.119784810851,20.0,17.0,5.0,0.9798530381136764,0.25
2021-02-01,2021-04-30,Zip Code: 98115,Single Family Residential,1027500.0,950000.0,528.2075934094937,164.0,198.0,24.0,1.0947983499244776,0.6829268292682927
2022-04-01,2022-06-30,Zip Code: 98126,Townhouse,710000.0,692475.0,491.04477611940297,27.0,26.0,3.0,1.0406384873240933,0.6296296296296297
2018-07-01,2018-09-30,Zip Code: 98119,Condo/Co-op,494950.0,498750.0,542.2735564712107,32.0,73.0,51.0,1.0010701099459904,0.28125
2016-02-01,2016-04-30,Zip Code: 98105,All Residential,796500.0,725000.0,413.112144443048,86.0,113.0,24.0,1.0623201825985893,0.6162790697674418
2023-03-01,2023-05-31,Zip Code: 98108,Condo/Co-op,502459.5,564950.0,583.2738095238095,6.0,2.0,1.0,0.9841128103308838,0.1666666666666666
2023-02-01,2023-04-30,Zip Code: 98117,Single Family Residential,916400.0,995000.0,533.7434988675448,70.0,89.0,22.0,1.0336464860822618,0.5285714285714285
2020-07-01,2020-09-30,Zip Code: 98136,Townhouse,555000.0,559975.0,416.24874623871614,23.0,22.0,9.0,0.993720732983481,0.1739130434782608
2018-06-01,2018-08-31,Zip Code: 98108,Condo/Co-op,455000.0,395000.0,325.0,1.0,1.0,1.0,0.9381443298969072,0.0
2016-11-01,2017-01-31,Zip Code: 98126,Single Family Residential,499900.0,497500.0,324.404761904762,93.0,54.0,13.0,1.0145198564761897,0.4623655913978494
2022-06-01,2022-08-31,Zip Code: 98125,Single Family Residential,928750.0,865000.0,502.1890664160401,100.0,115.0,32.0,1.0271730760018605,0.44
2015-08-01,2015-10-31,Zip Code: 98109,Townhouse,785450.0,749000.0,466.8171435240763,16.0,17.0,7.0,1.0106674693857105,0.3125
2014-08-01,2014-10-31,Zip Code: 98177,Single Family Residential,522500.0,526225.0,246.8037974683544,79.0,70.0,47.0,0.9948931674480944,0.2278481012658227
2016-08-01,2016-10-31,Zip Code: 98146,All Residential,375000.0,399950.0,239.6132086354648,122.0,130.0,53.0,1.0219071308743704,0.4754098360655737
2015-03-01,2015-05-31,Zip Code: 98146,All Residential,325000.0,375000.0,190.39735099337747,129.0,155.0,60.0,1.0084307939113193,0.4573643410852713
2014-08-01,2014-10-31,Zip Code: 98122,Condo/Co-op,271937.5,309725.0,405.2758145400159,44.0,52.0,25.0,1.000083103103339,0.25
2015-02-01,2015-04-30,Zip Code: 98177,Townhouse,386750.0,299950.0,250.8400868489485,2.0,5.0,3.0,0.990159901599016,0.0
2012-08-01,2012-10-31,Zip Code: 98109,Multi-Family (2-4 Unit),725000.0,750000.0,297.1311475409836,1.0,1.0,1.0,0.9666666666666666,0.0
2022-01-01,2022-03-31,Zip Code: 98106,Condo/Co-op,260000.0,240000.0,340.2366863905325,8.0,7.0,1.0,1.0115106544266652,0.625
2016-11-01,2017-01-31,Zip Code: 98177,All Residential,650000.0,659000.0,312.1019108280255,81.0,41.0,19.0,0.999870373883377,0.3333333333333333
2015-12-01,2016-02-29,Zip Code: 98115,Multi-Family (2-4 Unit),490000.0,550000.0,203.4134447927552,2.0,1.0,,0.9574468085106382,0.0
2017-10-01,2017-12-31,Zip Code: 98115,All Residential,750000.0,725995.0,434.7420506164828,208.0,144.0,22.0,1.0423536464336167,0.5048076923076922
2021-07-01,2021-09-30,Zip Code: 98116,All Residential,830000.0,849000.0,508.41121495327104,177.0,174.0,51.0,1.0256078497238053,0.4689265536723163
2018-11-01,2019-01-31,Zip Code: 98109,Condo/Co-op,587000.0,505000.0,604.2196578375765,30.0,45.0,44.0,0.9784965483453346,0.1
2016-06-01,2016-08-31,Zip Code: 98136,Townhouse,480000.0,530000.0,369.2307692307692,9.0,22.0,5.0,1.04689878298272,0.6666666666666666
2019-01-01,2019-03-31,Zip Code: 98108,Single Family Residential,594000.0,569000.0,301.91928702811595,28.0,57.0,36.0,1.012582625402456,0.3571428571428571
2014-07-01,2014-09-30,Zip Code: 98118,All Residential,340000.0,354944.0,209.0909090909091,146.0,160.0,107.0,0.9971183870224316,0.3630136986301369
2022-01-01,2022-03-31,Zip Code: 98178,Townhouse,322500.0,650000.0,287.68956289027653,4.0,7.0,2.0,1.0368954244406845,0.75
2020-05-01,2020-07-31,Zip Code: 98144,All Residential,725000.0,719000.0,482.2696123987868,156.0,186.0,63.0,1.0123601753932794,0.3205128205128205
2016-04-01,2016-06-30,Zip Code: 98146,Single Family Residential,423514.5,416250.0,236.56327503974563,116.0,136.0,36.0,1.0297521548055897,0.5517241379310344
2019-08-01,2019-10-31,Zip Code: 98199,Single Family Residential,1067500.0,1046500.0,442.2169811320754,97.0,96.0,45.0,0.9862222954810222,0.268041237113402
2023-12-01,2024-02-29,Zip Code: 98122,Condo/Co-op,504500.0,422000.0,587.6606306625747,18.0,22.0,27.0,0.9687878160477774,0.0555555555555555
2015-12-01,2016-02-29,Zip Code: 98109,Multi-Family (2-4 Unit),963000.0,987500.0,454.245283018868,1.0,2.0,1.0,1.07,1.0
2020-07-01,2020-09-30,Zip Code: 98116,Condo/Co-op,499000.0,551000.0,561.7222954179476,32.0,48.0,33.0,0.9829312492342038,0.09375
2017-09-01,2017-11-30,Zip Code: 98177,Condo/Co-op,397500.0,375000.0,296.7555167140048,16.0,15.0,5.0,1.0065063294094396,0.375
2016-01-01,2016-03-31,Zip Code: 98115,Single Family Residential,798000.0,725000.0,362.3595505617977,95.0,140.0,34.0,1.060439326274313,0.631578947368421
2016-07-01,2016-09-30,Zip Code: 98125,Single Family Residential,565000.0,549950.0,305.4862842892768,119.0,145.0,43.0,1.0389650743987178,0.5798319327731092
2017-01-01,2017-03-31,Zip Code: 98177,Townhouse,500000.0,500000.0,333.33333333333326,5.0,5.0,,1.0155543264162483,0.4
2014-07-01,2014-09-30,Zip Code: 98136,Townhouse,386750.0,379500.0,290.1921322290848,12.0,13.0,5.0,0.9975476615245868,0.4166666666666666
2021-10-01,2021-12-31,Zip Code: 98146,Condo/Co-op,226495.0,220000.0,300.54005736599595,6.0,2.0,,1.0072231114262755,0.3333333333333333
2023-04-01,2023-06-30,Zip Code: 98133,All Residential,730000.0,725000.0,465.52632550583365,168.0,181.0,65.0,1.0111098457252186,0.3928571428571428
2017-07-01,2017-09-30,Zip Code: 98107,Townhouse,750750.0,779000.0,528.968253968254,56.0,52.0,7.0,1.0385765906687066,0.5
2018-05-01,2018-07-31,Zip Code: 98105,Townhouse,944950.0,1024975.0,598.9583333333334,5.0,4.0,2.0,1.0224956071167088,0.5999999999999999
2019-12-01,2020-02-29,Zip Code: 98146,Single Family Residential,526250.0,534250.0,325.2893217893218,60.0,50.0,19.0,1.0005690360731667,0.3333333333333333
2014-03-01,2014-05-31,Zip Code: 98146,Condo/Co-op,122250.0,124900.0,118.62974264327138,10.0,11.0,6.0,0.9591628853030928,0.1
2012-04-01,2012-06-30,Zip Code: 98125,All Residential,299250.0,329500.0,175.6113256113256,116.0,142.0,70.0,0.9887773502524128,0.3448275862068965
2012-05-01,2012-07-31,Zip Code: 98126,Single Family Residential,326900.0,325000.0,211.63448275862063,78.0,85.0,51.0,0.9905156670421618,0.3974358974358974
2018-10-01,2018-12-31,Zip Code: 98133,Multi-Family (2-4 Unit),870000.0,762500.0,324.03311965811963,4.0,4.0,2.0,0.9754700592683424,0.0
2021-09-01,2021-11-30,Zip Code: 98109,Single Family Residential,1850000.0,1745000.0,660.950339406931,25.0,24.0,2.0,1.0553624944954323,0.5999999999999999
2022-09-01,2022-11-30,Zip Code: 98144,All Residential,755000.0,747000.0,530.8997745143386,126.0,126.0,62.0,0.9893438753382708,0.238095238095238
2012-09-01,2012-11-30,Zip Code: 98109,Single Family Residential,584000.0,649500.0,292.8300226301232,18.0,17.0,8.0,1.0003230061477677,0.3888888888888889
2021-02-01,2021-04-30,Zip Code: 98106,Single Family Residential,644500.0,632500.0,455.15389082462247,88.0,102.0,18.0,1.0714188066963748,0.6818181818181817
2016-11-01,2017-01-31,Zip Code: 98146,Single Family Residential,429950.0,404475.0,220.7070707070707,83.0,44.0,22.0,1.0047498665223484,0.289156626506024
2013-01-01,2013-03-31,Zip Code: 98178,All Residential,225800.0,237900.0,121.84451756963216,70.0,116.0,63.0,1.0173406631240902,0.3857142857142857
2023-12-01,2024-02-29,Zip Code: 98115,Single Family Residential,1100000.0,1100000.0,593.608516180598,78.0,91.0,20.0,1.0278853391827858,0.3974358974358974
2017-10-01,2017-12-31,Zip Code: 98109,All Residential,660500.0,593450.0,615.4229496565429,102.0,76.0,15.0,1.045438805634793,0.5588235294117647
2012-07-01,2012-09-30,Zip Code: 98118,Single Family Residential,290000.0,282500.0,159.3957072889657,102.0,140.0,117.0,0.9821379975438944,0.2156862745098039
2018-03-01,2018-05-31,Zip Code: 98117,Condo/Co-op,450000.0,525000.0,499.75,5.0,11.0,3.0,0.9895184099626426,0.0
2016-10-01,2016-12-31,Zip Code: 98105,All Residential,810000.0,792475.0,413.30395006432553,100.0,60.0,19.0,1.024876912407351,0.52
2019-05-01,2019-07-31,Zip Code: 98126,Condo/Co-op,401250.0,379000.0,385.211974701642,18.0,21.0,13.0,0.995747565633004,0.2222222222222222
2023-02-01,2023-04-30,Zip Code: 98117,All Residential,870000.0,907000.0,546.3123599723169,92.0,147.0,53.0,1.026254991636259,0.4891304347826087
2014-09-01,2014-11-30,Zip Code: 98107,Multi-Family (2-4 Unit),700000.0,592000.0,298.0132450331126,3.0,8.0,3.0,1.0638637222215677,0.6666666666666666
2023-11-01,2024-01-31,Zip Code: 98133,Townhouse,683000.0,699990.0,463.7072503419973,39.0,33.0,15.0,0.9804100640119406,0.0769230769230769
2014-09-01,2014-11-30,Zip Code: 98106,Multi-Family (2-4 Unit),510000.0,362250.0,179.25925925925927,2.0,2.0,1.0,0.9631558297963404,0.0
2015-02-01,2015-04-30,Zip Code: 98133,Multi-Family (2-4 Unit),295000.0,428500.0,178.78787878787878,3.0,4.0,2.0,1.018950527331002,0.3333333333333333
2013-06-01,2013-08-31,Zip Code: 98133,Townhouse,290500.0,292250.0,219.23360353721444,30.0,32.0,18.0,1.0040844518332963,0.2333333333333333
2014-01-01,2014-03-31,Zip Code: 98177,Single Family Residential,552100.0,539461.0,240.0862068965517,45.0,62.0,33.0,0.9926110272715604,0.3777777777777777
2012-09-01,2012-11-30,Zip Code: 98118,Condo/Co-op,154900.0,174475.0,191.47095179233625,3.0,4.0,5.0,0.9447916666666668,0.0
2020-12-01,2021-02-28,Zip Code: 98126,All Residential,635000.0,649475.0,417.77742346938766,142.0,134.0,30.0,1.013831117648922,0.380281690140845
2023-05-01,2023-07-31,Zip Code: 98105,Townhouse,990000.0,865000.0,575.5813953488372,5.0,9.0,7.0,0.9860632298865208,0.2
2018-01-01,2018-03-31,Zip Code: 98104,All Residential,568400.0,700900.0,877.9312865497077,56.0,42.0,11.0,1.0146412762486374,0.2678571428571428
2013-05-01,2013-07-31,Zip Code: 98108,Single Family Residential,322900.0,319950.0,182.8420577331348,78.0,75.0,30.0,1.0174838860522817,0.4871794871794871
2017-07-01,2017-09-30,Zip Code: 98125,Single Family Residential,651000.0,610000.0,373.6263736263736,123.0,133.0,34.0,1.0621368891317693,0.6504065040650406
2014-04-01,2014-06-30,Zip Code: 98136,Single Family Residential,520500.0,550000.0,259.54301075268813,60.0,87.0,39.0,1.031970739433981,0.55
2020-03-01,2020-05-31,Zip Code: 98107,Condo/Co-op,438475.0,449950.0,602.0625377971965,22.0,35.0,14.0,1.0030560305577316,0.5
2012-08-01,2012-10-31,Zip Code: 98106,Multi-Family (2-4 Unit),325000.0,349000.0,116.07142857142856,1.0,1.0,2.0,0.9285714285714286,0.0
2014-11-01,2015-01-31,Zip Code: 98115,Condo/Co-op,214000.0,189900.0,222.28116710875327,19.0,19.0,8.0,0.986910525530115,0.1578947368421052
2014-12-01,2015-02-28,Zip Code: 98121,Condo/Co-op,375000.0,593000.0,489.498393943724,52.0,83.0,51.0,0.984260531393001,0.173076923076923
2015-04-01,2015-06-30,Zip Code: 98133,All Residential,384950.0,370000.0,238.57603655668305,248.0,283.0,71.0,1.0308566520307092,0.5362903225806451
2017-08-01,2017-10-31,Zip Code: 98117,All Residential,736250.0,699950.0,436.7642985736048,178.0,167.0,25.0,1.063137676076497,0.651685393258427
2021-12-01,2022-02-28,Zip Code: 98177,Single Family Residential,1060000.0,1097500.0,550.5904883498245,35.0,32.0,3.0,1.0685029344048356,0.5714285714285714
2013-12-01,2014-02-28,Zip Code: 98102,Single Family Residential,855000.0,885000.0,335.2981969486824,7.0,15.0,9.0,1.010182729231737,0.4285714285714285
2019-01-01,2019-03-31,Zip Code: 98102,Condo/Co-op,449975.0,450000.0,675.1418516124398,44.0,95.0,48.0,0.995769996491948,0.1136363636363636
2023-09-01,2023-11-30,Zip Code: 98115,Townhouse,825000.0,850000.0,606.6176470588235,15.0,15.0,7.0,0.993407854629862,0.2
2012-11-01,2013-01-31,Zip Code: 98119,Condo/Co-op,259000.0,291150.0,260.63724693517906,24.0,26.0,27.0,0.9798696214867152,0.3333333333333333
2019-11-01,2020-01-31,Zip Code: 98122,Multi-Family (2-4 Unit),1065000.0,2248500.0,467.0642839864538,4.0,2.0,2.0,0.955404664448312,0.0
2021-02-01,2021-04-30,Zip Code: 98133,Townhouse,630000.0,629500.0,448.2198952879581,55.0,54.0,13.0,1.0139535969185367,0.309090909090909
2018-09-01,2018-11-30,Zip Code: 98122,Condo/Co-op,480000.0,499450.0,746.6918714555765,39.0,59.0,23.0,0.9855397520663448,0.1538461538461538
2012-11-01,2013-01-31,Zip Code: 98126,All Residential,315000.0,337495.0,205.3921568627451,95.0,82.0,40.0,0.9897579942681748,0.3052631578947368
2012-01-01,2012-03-31,Zip Code: 98199,Multi-Family (2-4 Unit),490000.0,474950.0,194.44444444444449,1.0,3.0,2.0,0.98989898989899,0.0
2016-12-01,2017-02-28,Zip Code: 98146,Condo/Co-op,192500.0,179975.0,191.8096534403901,6.0,6.0,1.0,0.9775788972845092,0.0
2016-09-01,2016-11-30,Zip Code: 98105,Condo/Co-op,368000.0,399475.0,453.4005037783375,19.0,12.0,7.0,1.018749577083604,0.4736842105263157
2022-07-01,2022-09-30,Zip Code: 98199,Condo/Co-op,537000.0,515000.0,503.6525732005487,16.0,23.0,11.0,1.0044122153223431,0.3125
2012-05-01,2012-07-31,Zip Code: 98105,All Residential,547500.0,525000.0,263.3928571428572,94.0,119.0,65.0,0.99307619216078,0.3085106382978723
2016-02-01,2016-04-30,Zip Code: 98105,Single Family Residential,892000.0,849950.0,407.6142131979696,61.0,77.0,18.0,1.0635228675017518,0.5901639344262295
2012-01-01,2012-03-31,Zip Code: 98133,All Residential,233500.0,249950.0,147.6851851851852,87.0,153.0,108.0,0.9799070321148428,0.2298850574712643
2018-11-01,2019-01-31,Zip Code: 98177,Condo/Co-op,251000.0,380000.0,255.1467356972177,4.0,7.0,4.0,0.9650221495254409,0.0
2022-10-01,2022-12-31,Zip Code: 98106,Condo/Co-op,425000.0,365000.0,453.091684434968,3.0,4.0,1.0,0.9653594771241832,0.0
2017-06-01,2017-08-31,Zip Code: 98117,All Residential,769000.0,716500.0,430.5970149253731,225.0,220.0,27.0,1.0642662544759731,0.6355555555555555
2016-06-01,2016-08-31,Zip Code: 98133,All Residential,440000.0,425000.0,296.2368049812716,238.0,253.0,53.0,1.0432661075966625,0.5798319327731092
2015-07-01,2015-09-30,Zip Code: 98102,All Residential,449495.0,595000.0,468.7617835595777,108.0,99.0,36.0,1.009860886481562,0.3611111111111111
2013-12-01,2014-02-28,Zip Code: 98144,Townhouse,365000.0,372000.0,262.8997867803838,24.0,15.0,8.0,0.9788998981359036,0.1666666666666666
2014-08-01,2014-10-31,Zip Code: 98115,All Residential,522500.0,500000.0,288.1578947368421,211.0,231.0,76.0,1.0152705371131188,0.4218009478672986
2014-05-01,2014-07-31,Zip Code: 98146,Townhouse,110250.0,227450.0,108.72781065088758,1.0,4.0,7.0,1.0,0.0
2020-03-01,2020-05-31,Zip Code: 98136,Single Family Residential,849018.0,800000.0,416.2577357116856,58.0,70.0,20.0,1.0296506765119202,0.5344827586206896
2014-06-01,2014-08-31,Zip Code: 98117,Condo/Co-op,383475.0,495000.0,328.8308047493404,10.0,7.0,4.0,1.0021262813592204,0.4
2014-10-01,2014-12-31,Zip Code: 98175,All Residential,360000.0,349000.0,260.6806661839247,3.0,1.0,,1.0182437857486553,0.6666666666666666
2019-10-01,2019-12-31,Zip Code: 98177,Multi-Family (2-4 Unit),675000.0,895000.0,290.9482758620689,1.0,1.0,,0.9643545967569112,0.0
2020-11-01,2021-01-31,Zip Code: 98133,Condo/Co-op,282000.0,330000.0,378.9237668161434,29.0,19.0,11.0,0.9898512778252048,0.2068965517241379
2016-09-01,2016-11-30,Zip Code: 98133,Condo/Co-op,219500.0,219500.0,277.4033980930533,36.0,42.0,4.0,1.0107323825011436,0.3333333333333333
2017-02-01,2017-04-30,Zip Code: 98106,Single Family Residential,524500.0,475000.0,283.08838538477244,80.0,89.0,16.0,1.0704469020912577,0.65
2020-06-01,2020-08-31,Zip Code: 98199,Single Family Residential,1195000.0,1196500.0,487.37373737373736,111.0,130.0,39.0,1.0115709855986934,0.3693693693693693
2016-09-01,2016-11-30,Zip Code: 98108,Single Family Residential,415000.0,445000.0,280.91603053435114,63.0,51.0,19.0,1.0277691059824337,0.4126984126984126
2017-01-01,2017-03-31,Zip Code: 98185,Single Family Residential,260000.0,,317.0731707317073,1.0,,,0.9454545454545454,0.0
2016-03-01,2016-05-31,Zip Code: 98116,Townhouse,588000.0,628475.0,406.0601837187202,26.0,34.0,10.0,1.0043331692863784,0.1923076923076923
2012-02-01,2012-04-30,Zip Code: 98199,Single Family Residential,545000.0,609950.0,238.0530973451328,51.0,84.0,52.0,0.9958589786937128,0.2745098039215686
2013-12-01,2014-02-28,Zip Code: 98104,Condo/Co-op,406550.0,279000.0,392.1627716146761,10.0,22.0,19.0,0.9762156808164606,0.2999999999999999
2015-11-01,2016-01-31,Zip Code: 98144,Multi-Family (2-4 Unit),465000.0,,247.3404255319149,1.0,,1.0,0.9318637274549098,0.0
2017-02-01,2017-04-30,Zip Code: 98109,Condo/Co-op,455000.0,459000.0,574.1758241758241,42.0,67.0,13.0,1.0686321561299703,0.6428571428571429
2021-05-01,2021-07-31,Zip Code: 98118,Condo/Co-op,356000.0,375000.0,383.274853299475,4.0,9.0,5.0,1.0517982919927542,1.0
2016-01-01,2016-03-31,Zip Code: 98106,Townhouse,340000.0,395900.0,233.22749664694285,24.0,29.0,6.0,1.0229706723081164,0.5416666666666666
2018-07-01,2018-09-30,Zip Code: 98126,Condo/Co-op,546561.0,412500.0,419.05519244734927,25.0,24.0,22.0,0.9995334431880046,0.12
2016-08-01,2016-10-31,Zip Code: 98104,Condo/Co-op,444888.0,487000.0,480.7692307692308,19.0,30.0,18.0,1.002906000361227,0.4736842105263157
2014-12-01,2015-02-28,Zip Code: 98107,Single Family Residential,609950.0,622475.0,374.73454091193,23.0,20.0,7.0,1.0240550421015258,0.3913043478260869
2013-04-01,2013-06-30,Zip Code: 98116,Single Family Residential,549000.0,521000.0,265.56000838179057,74.0,104.0,43.0,1.0109190538769557,0.4324324324324324
2018-02-01,2018-04-30,Zip Code: 98119,Single Family Residential,1192500.0,1207500.0,526.6686595667808,32.0,42.0,11.0,1.0356873412025658,0.46875
2013-10-01,2013-12-31,Zip Code: 98146,Townhouse,161400.0,189000.0,117.83020403733448,4.0,1.0,,1.008867853031638,0.5
2022-01-01,2022-03-31,Zip Code: 98177,Single Family Residential,1240000.0,1200000.0,592.436974789916,35.0,60.0,8.0,1.114295235338132,0.6857142857142857
2017-02-01,2017-04-30,Zip Code: 98199,Condo/Co-op,286500.0,328944.0,402.77777777777777,25.0,26.0,4.0,1.0377494700458418,0.44
2015-06-01,2015-08-31,Zip Code: 98106,Single Family Residential,375000.0,369350.0,234.67222432739675,92.0,106.0,30.0,1.0275160461803663,0.5
2017-12-01,2018-02-28,Zip Code: 98102,All Residential,757500.0,725000.0,596.6621098200045,86.0,85.0,21.0,1.0230789227061363,0.4186046511627907
2019-09-01,2019-11-30,Zip Code: 98108,All Residential,586250.0,599495.0,341.26969111584646,56.0,68.0,44.0,0.9862077302126848,0.1785714285714285
2017-05-01,2017-07-31,Zip Code: 98126,Condo/Co-op,316500.0,334000.0,405.0347203276697,22.0,24.0,7.0,1.0601772132744185,0.8181818181818182
2018-03-01,2018-05-31,Zip Code: 98109,Condo/Co-op,598000.0,549000.0,677.7939042089986,67.0,77.0,18.0,1.0581372102668096,0.6417910447761193
2016-09-01,2016-11-30,Zip Code: 98118,Single Family Residential,485000.0,460000.0,260.8894524704497,136.0,145.0,55.0,1.035953749352338,0.5367647058823529
2012-10-01,2012-12-31,Zip Code: 98109,All Residential,350000.0,349950.0,321.91069574247143,49.0,41.0,39.0,0.9810547963283122,0.2244897959183673
2021-03-01,2021-05-31,Zip Code: 98126,Condo/Co-op,375000.0,349950.0,458.5365853658537,19.0,23.0,7.0,0.999782167731521,0.263157894736842
2014-02-01,2014-04-30,Zip Code: 98122,Single Family Residential,567700.0,637000.0,282.07547169811323,45.0,60.0,25.0,0.9908311433362736,0.4444444444444444
2012-03-01,2012-05-31,Zip Code: 98105,Multi-Family (2-4 Unit),688000.0,599900.0,211.3794801848905,2.0,3.0,1.0,0.9956737103476234,0.5
2013-06-01,2013-08-31,Zip Code: 98105,All Residential,639000.0,499000.0,295.5367913148372,131.0,131.0,53.0,1.0244786234360894,0.4732824427480916
2023-06-01,2023-08-31,Zip Code: 98102,Single Family Residential,1875000.0,1972500.0,632.362857218905,12.0,16.0,15.0,0.9800430320963284,0.25
2019-03-01,2019-05-31,Zip Code: 98108,Single Family Residential,589000.0,649000.0,314.17195292448304,56.0,101.0,41.0,1.0037249432317128,0.4285714285714285
2022-04-01,2022-06-30,Zip Code: 98134,Condo/Co-op,475000.0,353000.0,462.06225680933846,1.0,4.0,3.0,1.0844748858447488,1.0
2022-12-01,2023-02-28,Zip Code: 98116,Townhouse,725000.0,730000.0,566.6400638467677,7.0,12.0,5.0,1.0188339822302086,0.4285714285714285
2017-02-01,2017-04-30,Zip Code: 98109,Single Family Residential,1290000.0,952475.0,489.79591836734687,19.0,24.0,4.0,1.0458583691036378,0.4210526315789473
2014-12-01,2015-02-28,Zip Code: 98136,Condo/Co-op,264000.0,249975.0,329.3790105441824,6.0,8.0,5.0,0.993181469768064,0.3333333333333333
2019-11-01,2020-01-31,Zip Code: 98199,Single Family Residential,1060000.0,1172500.0,445.2054794520548,65.0,46.0,21.0,0.9904543022313548,0.2461538461538461
2014-04-01,2014-06-30,Zip Code: 98125,Multi-Family (2-4 Unit),622000.0,475000.0,143.284369233799,2.0,7.0,4.0,0.8774986449837447,0.0
2016-04-01,2016-06-30,Zip Code: 98109,Townhouse,942500.0,850000.0,514.1704625649579,6.0,11.0,6.0,1.0251303994821324,0.3333333333333333
2020-10-01,2020-12-31,Zip Code: 98116,All Residential,800000.0,820000.0,460.0,145.0,108.0,43.0,1.0011802421035532,0.2758620689655172
2015-02-01,2015-04-30,Zip Code: 98146,Condo/Co-op,168084.0,134950.0,162.55705996131528,4.0,7.0,3.0,0.9852788644927676,0.25
2020-06-01,2020-08-31,Zip Code: 98133,Single Family Residential,676000.0,650000.0,399.04610492845785,133.0,131.0,24.0,1.03334722912419,0.5789473684210527
2017-06-01,2017-08-31,Zip Code: 98105,Townhouse,859500.0,849950.0,573.7283963931369,10.0,17.0,4.0,1.0066780493524703,0.2
2020-07-01,2020-09-30,Zip Code: 98118,Single Family Residential,685500.0,675000.0,374.98676933661454,160.0,176.0,41.0,1.0322440784958835,0.51875
2013-02-01,2013-04-30,Zip Code: 98122,Townhouse,491500.0,459000.0,319.1751691963888,14.0,21.0,6.0,1.035179178752714,0.7857142857142857
2019-12-01,2020-02-29,Zip Code: 98126,Townhouse,569950.0,569950.0,368.0640763462849,25.0,31.0,11.0,0.9950546264477588,0.16
2023-08-01,2023-10-31,Zip Code: 98107,Condo/Co-op,479000.0,469975.0,636.6171003717473,21.0,20.0,11.0,0.996266934965044,0.238095238095238
2014-07-01,2014-09-30,Zip Code: 98199,All Residential,639100.0,598500.0,303.8793103448276,113.0,141.0,77.0,1.005281871110639,0.3805309734513274
2021-05-01,2021-07-31,Zip Code: 98116,Multi-Family (2-4 Unit),987500.0,1376000.0,460.8095815645846,6.0,5.0,3.0,0.9706604027746292,0.3333333333333333
2016-09-01,2016-11-30,Zip Code: 98199,Single Family Residential,905000.0,820000.0,383.4712425393381,78.0,70.0,16.0,1.0089888389459911,0.3974358974358974
2014-04-01,2014-06-30,Zip Code: 98116,Single Family Residential,611900.0,599950.0,288.2752880921895,92.0,119.0,41.0,1.0294627256126403,0.5543478260869565
2012-11-01,2013-01-31,Zip Code: 98178,All Residential,197500.0,233425.0,126.63006177076184,61.0,74.0,73.0,0.9732497469373445,0.2459016393442622
2015-06-01,2015-08-31,Zip Code: 98126,Multi-Family (2-4 Unit),575000.0,575000.0,256.69642857142856,1.0,1.0,,1.0,0.0
2023-03-01,2023-05-31,Zip Code: 98146,Single Family Residential,735000.0,729950.0,412.5412541254125,71.0,83.0,17.0,1.0375114674943346,0.6056338028169013
2020-06-01,2020-08-31,Zip Code: 98126,Condo/Co-op,387500.0,337000.0,467.89711277666527,8.0,24.0,17.0,0.9838359280352016,0.0
2020-12-01,2021-02-28,Zip Code: 98126,Single Family Residential,677500.0,665000.0,410.7284574468085,104.0,83.0,10.0,1.02101425600933,0.4615384615384615
2012-06-01,2012-08-31,Zip Code: 98118,Single Family Residential,290500.0,272495.0,160.4335202875663,124.0,136.0,112.0,0.9936710914388006,0.2661290322580645
2021-08-01,2021-10-31,Zip Code: 98106,All Residential,647242.5,612500.0,404.66123231922353,126.0,154.0,50.0,1.0349238551281923,0.5396825396825397
2021-09-01,2021-11-30,Zip Code: 98115,All Residential,916000.0,862000.0,530.0884955752213,243.0,204.0,23.0,1.0496407356438362,0.4897119341563785
2015-09-01,2015-11-30,Zip Code: 98117,Condo/Co-op,339975.0,269975.0,308.4048426629695,6.0,4.0,1.0,0.9928707085153916,0.1666666666666666
2019-04-01,2019-06-30,Zip Code: 98112,All Residential,1125000.0,1125000.0,557.7829265108994,102.0,135.0,59.0,1.006040760915682,0.3823529411764705
2012-06-01,2012-08-31,Zip Code: 98115,Single Family Residential,486000.0,473475.0,241.2280701754386,161.0,168.0,56.0,0.9983260292818738,0.3726708074534161
2018-12-01,2019-02-28,Zip Code: 98199,Condo/Co-op,394500.0,486250.0,451.2578981096732,12.0,10.0,10.0,0.980412920278093,0.0
2019-07-01,2019-09-30,Zip Code: 98106,Single Family Residential,575000.0,563750.0,349.639743817826,98.0,78.0,52.0,0.9993384382160811,0.2653061224489796
2014-02-01,2014-04-30,Zip Code: 98118,Condo/Co-op,154000.0,200000.0,229.8507462686567,5.0,3.0,5.0,1.010716687393301,0.2
2017-06-01,2017-08-31,Zip Code: 98106,Condo/Co-op,300000.0,300000.0,322.3684210526316,3.0,3.0,1.0,1.0342084052964882,0.3333333333333333
2020-10-01,2020-12-31,Zip Code: 98109,Single Family Residential,1150000.0,1325000.0,496.7684377478192,28.0,21.0,7.0,0.9908993838790504,0.2142857142857142
2013-12-01,2014-02-28,Zip Code: 98177,Condo/Co-op,160000.0,229000.0,173.91304347826087,3.0,3.0,1.0,0.9797979797979796,0.0
2019-05-01,2019-07-31,Zip Code: 98177,All Residential,800000.0,800000.0,378.052755700178,100.0,137.0,64.0,1.007272360586204,0.38
2023-01-01,2023-03-31,Zip Code: 98144,Single Family Residential,815000.0,885000.0,513.7481910274964,31.0,59.0,31.0,0.9980820762758184,0.2580645161290322
2019-10-01,2019-12-31,Zip Code: 98102,Condo/Co-op,469950.0,469950.0,620.1117318435754,55.0,45.0,35.0,0.992767138940931,0.2363636363636363
2014-10-01,2014-12-31,Zip Code: 98126,Townhouse,347000.0,345000.0,235.04273504273505,11.0,5.0,7.0,0.9936718273494264,0.1818181818181818
2023-11-01,2024-01-31,Zip Code: 98126,Condo/Co-op,472500.0,425000.0,469.6570532590832,6.0,5.0,2.0,0.994515385909776,0.1666666666666666
2018-06-01,2018-08-31,Zip Code: 98115,Single Family Residential,900000.0,825000.0,439.95583855396944,172.0,200.0,51.0,1.0391134969632323,0.4883720930232557
2018-12-01,2019-02-28,Zip Code: 98106,Condo/Co-op,242500.0,289900.0,238.28340609162527,4.0,3.0,2.0,0.910655247558882,0.0
2015-02-01,2015-04-30,Zip Code: 98115,All Residential,564000.0,522475.0,303.05928283192804,180.0,222.0,35.0,1.0522007579385415,0.5999999999999999
2020-02-01,2020-04-30,Zip Code: 98115,Condo/Co-op,390000.0,439000.0,426.906846630421,24.0,34.0,14.0,0.9907021769460194,0.375
2020-07-01,2020-09-30,Zip Code: 98126,Townhouse,539000.0,599500.0,377.1929824561403,23.0,31.0,12.0,1.0001777528978055,0.3043478260869565
2018-12-01,2019-02-28,Zip Code: 98125,Single Family Residential,680000.0,675000.0,358.3617747440273,67.0,47.0,29.0,0.9779747095288808,0.1492537313432835
2021-05-01,2021-07-31,Zip Code: 98133,Multi-Family (2-4 Unit),790000.0,987000.0,319.5488721804512,3.0,5.0,7.0,1.0021231422505308,0.3333333333333333
2017-12-01,2018-02-28,Zip Code: 98109,Single Family Residential,955000.0,1100000.0,485.5491329479769,15.0,12.0,7.0,1.0318587890839228,0.3333333333333333
2022-10-01,2022-12-31,Zip Code: 98107,Condo/Co-op,499500.0,494500.0,625.9259786882444,22.0,12.0,7.0,0.9840963147086416,0.0454545454545454
2020-11-01,2021-01-31,Zip Code: 98199,All Residential,1035000.0,1088000.0,498.47746650426313,106.0,87.0,37.0,0.9967472669905064,0.3018867924528301
2023-10-01,2023-12-31,Zip Code: 98109,Townhouse,951000.0,1175000.0,636.3961813842482,9.0,9.0,5.0,1.005244889914206,0.2222222222222222
2019-09-01,2019-11-30,Zip Code: 98144,Multi-Family (2-4 Unit),1050000.0,1500000.0,385.5855855855856,3.0,1.0,,0.9352800758619992,0.0
2018-10-01,2018-12-31,Zip Code: 98108,Single Family Residential,520000.0,599000.0,314.51612903225805,49.0,39.0,22.0,0.9829017172830598,0.2857142857142857
2019-10-01,2019-12-31,Zip Code: 98133,Condo/Co-op,292500.0,269000.0,344.2649794438105,28.0,19.0,17.0,0.986965447542417,0.1428571428571428
2015-09-01,2015-11-30,Zip Code: 98118,Condo/Co-op,306000.0,209950.0,332.12010919017285,7.0,7.0,4.0,1.0068641294530958,0.4285714285714285
2016-06-01,2016-08-31,Zip Code: 98119,All Residential,716000.0,724725.0,456.58682634730536,127.0,118.0,35.0,1.0233251747930254,0.4330708661417322
2012-11-01,2013-01-31,Zip Code: 98199,Condo/Co-op,208500.0,214950.0,249.7173634812287,10.0,6.0,10.0,0.9740649723152314,0.0
2013-08-01,2013-10-31,Zip Code: 98118,Multi-Family (2-4 Unit),520000.0,414950.0,203.92156862745097,3.0,5.0,7.0,0.9680696661828736,0.0
2021-04-01,2021-06-30,Zip Code: 98122,Multi-Family (2-4 Unit),991500.0,1050000.0,364.5480384983396,2.0,9.0,4.0,0.9570014702522048,0.0
2022-05-01,2022-07-31,Zip Code: 98116,Condo/Co-op,630000.0,675000.0,552.7086383601757,19.0,39.0,26.0,1.0172518377576527,0.3157894736842105
2023-02-01,2023-04-30,Zip Code: 98105,Multi-Family (2-4 Unit),1310000.0,1249000.0,418.5272743192365,6.0,3.0,1.0,0.9429325993887988,0.0
2013-11-01,2014-01-31,Zip Code: 98133,Condo/Co-op,130000.0,139475.0,158.61027190332325,19.0,24.0,20.0,1.0000799644569207,0.3157894736842105
2021-10-01,2021-12-31,Zip Code: 98136,Single Family Residential,874500.0,869450.0,483.83242589231696,46.0,32.0,3.0,1.0458686898175815,0.6304347826086956
2015-05-01,2015-07-31,Zip Code: 98125,Townhouse,335000.0,332000.0,255.72519083969465,19.0,16.0,3.0,1.0513294033555365,0.8421052631578946
2022-05-01,2022-07-31,Zip Code: 98107,Single Family Residential,1220000.0,1050000.0,666.3025669033315,59.0,48.0,11.0,1.1027038582447528,0.6949152542372881
2014-08-01,2014-10-31,Zip Code: 98119,Townhouse,587000.0,620000.0,368.3569076121198,16.0,17.0,9.0,0.976560590749092,0.0625
2014-09-01,2014-11-30,Zip Code: 98178,Multi-Family (2-4 Unit),203800.0,522500.0,143.5211267605634,1.0,2.0,1.0,1.019,1.0
2021-08-01,2021-10-31,Zip Code: 98125,Multi-Family (2-4 Unit),857500.0,989000.0,338.9550264550264,4.0,2.0,,1.0074521323469188,0.5
2016-06-01,2016-08-31,Zip Code: 98133,Multi-Family (2-4 Unit),419500.0,724975.0,355.5084745762712,1.0,6.0,1.0,1.0,0.0
2013-01-01,2013-03-31,Zip Code: 98115,Condo/Co-op,164000.0,195000.0,175.3507014028056,33.0,33.0,15.0,0.986063385112291,0.303030303030303
2021-11-01,2022-01-31,Zip Code: 98125,Multi-Family (2-4 Unit),696000.0,898000.0,333.0143540669856,1.0,3.0,1.0,1.0,0.0
2022-06-01,2022-08-31,Zip Code: 98115,Single Family Residential,1077500.0,1050000.0,585.6668862951808,196.0,204.0,34.0,1.0251964762407062,0.4489795918367346
2012-04-01,2012-06-30,Zip Code: 98146,Condo/Co-op,62500.0,224970.0,93.00595238095238,1.0,8.0,8.0,1.0,0.0
2023-01-01,2023-03-31,Zip Code: 98177,Townhouse,619000.0,624950.0,541.8943533697632,9.0,10.0,5.0,0.9955321056673636,0.3333333333333333
2021-04-01,2021-06-30,Zip Code: 98133,Condo/Co-op,338000.0,310000.0,389.8809523809524,47.0,47.0,7.0,1.0215651913661787,0.4893617021276595
2014-10-01,2014-12-31,Zip Code: 98199,Single Family Residential,754500.0,724000.0,296.87488660691605,80.0,50.0,26.0,0.9960267726495656,0.3624999999999999
2022-03-01,2022-05-31,Zip Code: 98106,Multi-Family (2-4 Unit),720000.0,769500.0,371.4285714285714,4.0,6.0,2.0,1.05720728465212,1.0
2016-06-01,2016-08-31,Zip Code: 98126,Townhouse,480000.0,448888.5,316.23376623376623,27.0,34.0,5.0,1.0509896125504297,0.5555555555555555
2021-02-01,2021-04-30,Zip Code: 98136,Townhouse,567475.0,599000.0,490.0688283560331,40.0,33.0,1.0,1.0081604369290464,0.225
2015-01-01,2015-03-31,Zip Code: 98144,Multi-Family (2-4 Unit),475000.0,759900.0,198.57859531772576,3.0,5.0,1.0,1.0398641810928846,0.3333333333333333
2014-12-01,2015-02-28,Zip Code: 98144,All Residential,431200.0,475000.0,287.88759689922483,86.0,92.0,38.0,0.9934646751175512,0.2674418604651162
2015-09-01,2015-11-30,Zip Code: 98107,All Residential,560000.0,574975.0,415.549597855228,113.0,122.0,26.0,1.0384078764098996,0.6106194690265486
2013-06-01,2013-08-31,Zip Code: 98116,Multi-Family (2-4 Unit),970000.0,699950.0,411.0169491525424,1.0,5.0,4.0,0.9463876286648129,0.0
2020-12-01,2021-02-28,Zip Code: 98106,Single Family Residential,615000.0,597475.0,356.5978198508319,84.0,46.0,9.0,1.0149521562665016,0.4047619047619047
2023-02-01,2023-04-30,Zip Code: 98134,Condo/Co-op,365000.0,352500.0,387.3949579831933,3.0,4.0,1.0,1.011143273648216,0.3333333333333333
2016-08-01,2016-10-31,Zip Code: 98118,Condo/Co-op,268400.0,309999.5,374.7667381162527,6.0,6.0,2.0,0.995710218471275,0.1666666666666666
2023-01-01,2023-03-31,Zip Code: 98177,All Residential,860000.0,925000.0,516.8313953488372,55.0,61.0,22.0,1.0099203171790316,0.4
2013-05-01,2013-07-31,Zip Code: 98122,Single Family Residential,607500.0,535000.0,286.47686832740214,63.0,97.0,39.0,1.022958201929723,0.5238095238095238
2022-07-01,2022-09-30,Zip Code: 98199,All Residential,1203500.0,1124975.0,593.1787082649153,112.0,138.0,70.0,1.0010394392490598,0.2767857142857143
2022-01-01,2022-03-31,Zip Code: 98117,All Residential,1024000.0,939000.0,604.6814552070794,134.0,167.0,14.0,1.11600903960014,0.6641791044776119
2018-10-01,2018-12-31,Zip Code: 98102,Single Family Residential,1497500.0,1350000.0,570.9792214801323,14.0,13.0,11.0,0.9784275115770515,0.1428571428571428
2020-02-01,2020-04-30,Zip Code: 98126,Condo/Co-op,425000.0,444500.0,418.3006535947712,21.0,20.0,11.0,0.9999995487970954,0.2857142857142857
2023-09-01,2023-11-30,Zip Code: 98175,Single Family Residential,500000.0,549950.0,462.9629629629629,1.0,1.0,,0.9091735612328392,0.0
2021-04-01,2021-06-30,Zip Code: 98119,Condo/Co-op,471500.0,484950.0,553.880240881718,60.0,69.0,30.0,1.0003324605339303,0.2999999999999999
2012-06-01,2012-08-31,Zip Code: 98118,Multi-Family (2-4 Unit),355050.0,334950.0,90.80865745725764,2.0,4.0,7.0,1.0074095022624434,0.5
2021-12-01,2022-02-28,Zip Code: 98107,Townhouse,835000.0,899947.5,626.1721258831085,67.0,56.0,4.0,1.0281112989458874,0.3432835820895522
2013-03-01,2013-05-31,Zip Code: 98144,Multi-Family (2-4 Unit),345000.0,399950.0,145.11784511784512,3.0,11.0,5.0,0.9366453004780402,0.0
2015-01-01,2015-03-31,Zip Code: 98122,Multi-Family (2-4 Unit),645000.0,513950.0,315.27763627101376,4.0,6.0,2.0,1.0126502413497749,0.75
2018-07-01,2018-09-30,Zip Code: 98118,Single Family Residential,565000.0,599000.0,340.9756097560976,116.0,145.0,78.0,0.9973393907662558,0.3362068965517241
2021-11-01,2022-01-31,Zip Code: 98106,Condo/Co-op,352500.0,237500.0,344.4821821848383,6.0,4.0,2.0,1.0052226185761484,0.5
2018-09-01,2018-11-30,Zip Code: 98133,Multi-Family (2-4 Unit),935000.0,775000.0,317.77777777777777,5.0,3.0,1.0,0.9368614030632096,0.0
2021-01-01,2021-03-31,Zip Code: 98122,Townhouse,795000.0,788975.0,572.7513227513227,54.0,64.0,16.0,1.0079975306246731,0.2962962962962962
2021-08-01,2021-10-31,Zip Code: 98178,Condo/Co-op,607384.0,441629.0,363.7029940119761,7.0,2.0,,1.0,0.0
2020-10-01,2020-12-31,Zip Code: 98107,Single Family Residential,943500.0,935000.0,525.9447674418604,60.0,51.0,10.0,1.0109660637083713,0.4166666666666666
2016-12-01,2017-02-28,Zip Code: 98117,All Residential,701000.0,679950.0,379.65868263473055,117.0,79.0,16.0,1.0334785589165012,0.4871794871794871
2017-12-01,2018-02-28,Zip Code: 98199,Condo/Co-op,450000.0,415000.0,495.04950495049513,9.0,11.0,,1.0427684511687292,0.3333333333333333
2020-05-01,2020-07-31,Zip Code: 98136,Single Family Residential,845000.0,847725.0,414.1104294478528,75.0,96.0,24.0,1.0125193803927828,0.4533333333333333
2022-09-01,2022-11-30,Zip Code: 98115,Single Family Residential,1135000.0,1157500.0,503.3107583469933,120.0,146.0,49.0,0.9894234820381574,0.2
2016-07-01,2016-09-30,Zip Code: 98118,Townhouse,440250.0,427500.0,312.34567901234567,24.0,35.0,13.0,1.0298851373206763,0.4166666666666666
2014-09-01,2014-11-30,Zip Code: 98177,Townhouse,193000.0,169000.0,134.84782996369924,2.0,1.0,3.0,0.9407071247412248,0.0
2023-07-01,2023-09-30,Zip Code: 98199,All Residential,1065000.0,1049000.0,603.864734299517,87.0,100.0,45.0,1.001132833396559,0.3678160919540229
2022-10-01,2022-12-31,Zip Code: 98117,All Residential,875000.0,824000.0,537.3831775700935,143.0,93.0,36.0,0.9876559437546952,0.2657342657342657
2019-11-01,2020-01-31,Zip Code: 98118,All Residential,547000.0,582450.0,368.6131386861314,117.0,102.0,57.0,0.9900755108901778,0.1709401709401709
2012-02-01,2012-04-30,Zip Code: 98117,Condo/Co-op,363500.0,299950.0,337.0314049586777,4.0,5.0,5.0,0.9686498335917468,0.0
2018-01-01,2018-03-31,Zip Code: 98133,All Residential,602950.0,565000.0,386.8894601542417,143.0,147.0,31.0,1.0599007241825875,0.6083916083916084
2019-09-01,2019-11-30,Zip Code: 98125,Single Family Residential,699950.0,699950.0,360.4651162790698,89.0,81.0,40.0,0.9965188769804476,0.3033707865168539
2015-11-01,2016-01-31,Zip Code: 98178,Single Family Residential,325000.0,329500.0,189.7887323943662,81.0,55.0,28.0,0.9912884386605972,0.3209876543209876
2021-02-01,2021-04-30,Zip Code: 98102,Multi-Family (2-4 Unit),1362500.0,1325000.0,514.7843771251139,4.0,4.0,1.0,1.0230668756530823,0.5
2020-04-01,2020-06-30,Zip Code: 98108,All Residential,602500.0,599999.0,393.7058130400628,58.0,85.0,40.0,1.0139788445568167,0.3793103448275861
2012-09-01,2012-11-30,Zip Code: 98102,All Residential,380000.0,498000.0,332.0,73.0,79.0,51.0,0.9910266099871928,0.2328767123287671
2021-04-01,2021-06-30,Zip Code: 98106,Condo/Co-op,322000.0,344975.0,374.01574803149606,5.0,10.0,4.0,0.9767734483407584,0.2
2017-12-01,2018-02-28,Zip Code: 98125,Single Family Residential,700000.0,750000.0,420.6896551724138,61.0,64.0,14.0,1.0553181034671857,0.6065573770491803
2013-03-01,2013-05-31,Zip Code: 98133,Multi-Family (2-4 Unit),452750.0,499900.0,136.94620253164558,4.0,5.0,4.0,0.9826538086263816,0.25
2014-02-01,2014-04-30,Zip Code: 98177,Single Family Residential,505000.0,544250.0,235.4430379746836,51.0,74.0,29.0,1.0011348629069905,0.4509803921568627
2017-08-01,2017-10-31,Zip Code: 98104,Condo/Co-op,515000.0,525000.0,622.4256292906178,21.0,25.0,15.0,1.0083071592579418,0.2857142857142857
2018-09-01,2018-11-30,Zip Code: 98117,Condo/Co-op,724250.0,400000.0,601.8321319353429,4.0,5.0,1.0,0.9530887481035296,0.0
2017-07-01,2017-09-30,Zip Code: 98133,Condo/Co-op,288850.0,295750.0,379.1606367583213,49.0,54.0,12.0,1.0392291260968556,0.5306122448979592
2022-12-01,2023-02-28,Zip Code: 98125,Condo/Co-op,435000.0,350000.0,345.2173913043478,9.0,5.0,2.0,0.984863228282366,0.2222222222222222
2020-08-01,2020-10-31,Zip Code: 98118,Single Family Residential,703000.0,659000.0,378.99873724087126,162.0,165.0,41.0,1.031772036423808,0.5493827160493827
2016-05-01,2016-07-31,Zip Code: 98106,Townhouse,370000.0,369450.0,273.972602739726,41.0,42.0,11.0,1.0429868056838327,0.6829268292682927
2012-05-01,2012-07-31,Zip Code: 98108,All Residential,264975.0,251375.0,159.01913875598086,66.0,74.0,63.0,0.9821088499960752,0.3484848484848485
2023-11-01,2024-01-31,Zip Code: 98125,Single Family Residential,735000.0,945500.0,450.8196721311475,39.0,35.0,17.0,0.9878233281952676,0.3076923076923077
2014-06-01,2014-08-31,Zip Code: 98106,Condo/Co-op,159500.0,169500.0,177.16535433070865,7.0,3.0,2.0,0.9955588197456772,0.1428571428571428
2021-12-01,2022-02-28,Zip Code: 98199,Multi-Family (2-4 Unit),1314250.0,1500000.0,487.18635351153046,2.0,1.0,,1.0466260162601626,1.0
2019-11-01,2020-01-31,Zip Code: 98146,Condo/Co-op,249900.0,255000.0,281.73618940248025,5.0,9.0,3.0,0.9824141549349948,0.0
2021-08-01,2021-10-31,Zip Code: 98125,Condo/Co-op,357500.0,350000.0,372.1002476626304,28.0,27.0,8.0,1.0120567177107251,0.3928571428571428
2022-07-01,2022-09-30,Zip Code: 98144,Condo/Co-op,511000.0,519000.0,572.8483276956222,10.0,17.0,10.0,0.9929920810870304,0.2
2021-10-01,2021-12-31,Zip Code: 98177,All Residential,1058000.0,904975.0,468.2622268470344,85.0,44.0,,1.054308947711199,0.5529411764705882
2020-12-01,2021-02-28,Zip Code: 98108,Single Family Residential,710000.0,639000.0,348.03921568627453,39.0,43.0,14.0,1.0065008702330465,0.3589743589743589
2014-02-01,2014-04-30,Zip Code: 98177,All Residential,474553.0,475000.0,233.34409777424483,56.0,83.0,36.0,1.0001892595240256,0.4285714285714285
2022-02-01,2022-04-30,Zip Code: 98107,Single Family Residential,1160000.0,1010000.0,574.2286751361162,55.0,78.0,11.0,1.143805029080082,0.8
2012-08-01,2012-10-31,Zip Code: 98107,All Residential,390250.0,399950.0,272.43033320186214,92.0,110.0,44.0,0.9963927424497412,0.2934782608695652
2017-03-01,2017-05-31,Zip Code: 98115,Single Family Residential,837000.0,757500.0,421.0286754665453,143.0,172.0,25.0,1.1049401089702255,0.7062937062937062
2018-11-01,2019-01-31,Zip Code: 98125,All Residential,571440.0,588000.0,353.25422932330827,92.0,57.0,37.0,0.9803824881500524,0.2065217391304347
2015-06-01,2015-08-31,Zip Code: 98108,Single Family Residential,430000.0,399999.0,224.4897959183673,45.0,63.0,30.0,1.04719726090426,0.5555555555555555
2021-09-01,2021-11-30,Zip Code: 98108,All Residential,595000.0,607490.0,432.23520249221184,117.0,104.0,14.0,1.0218248068074998,0.4017094017094017
2015-01-01,2015-03-31,Zip Code: 98119,Multi-Family (2-4 Unit),1216500.0,1100000.0,290.73564009869744,2.0,3.0,,1.0634848484848485,0.5
2014-08-01,2014-10-31,Zip Code: 98144,Single Family Residential,535750.0,532000.0,256.0569450715005,70.0,78.0,37.0,1.0087826314295685,0.3428571428571428
2015-06-01,2015-08-31,Zip Code: 98199,All Residential,670000.0,649000.0,344.6268656716418,141.0,127.0,37.0,1.0312601573971982,0.50354609929078
2015-03-01,2015-05-31,Zip Code: 98104,Condo/Co-op,325000.0,413200.0,426.9449715370018,21.0,28.0,15.0,1.0007606356248302,0.3333333333333333
2023-05-01,2023-07-31,Zip Code: 98177,Multi-Family (2-4 Unit),895000.0,,483.7837837837838,1.0,,,0.917948717948718,0.0
2023-05-01,2023-07-31,Zip Code: 98109,Townhouse,1750000.0,1062500.0,776.3975155279503,5.0,10.0,6.0,0.991603249627893,0.2
2014-02-01,2014-04-30,Zip Code: 98146,Multi-Family (2-4 Unit),297000.0,435000.0,103.125,1.0,3.0,2.0,0.8389830508474576,0.0
2016-02-01,2016-04-30,Zip Code: 98105,Multi-Family (2-4 Unit),785500.0,762475.0,285.10017017326726,4.0,4.0,,1.0250571846989665,0.75
2016-09-01,2016-11-30,Zip Code: 98144,Townhouse,519950.0,547400.0,405.5118110236221,55.0,36.0,9.0,1.0236507556341643,0.4181818181818181
2018-09-01,2018-11-30,Zip Code: 98115,Condo/Co-op,388000.0,385450.0,465.8946054274262,20.0,32.0,17.0,0.9916251876193162,0.1499999999999999
2014-06-01,2014-08-31,Zip Code: 98126,Condo/Co-op,165500.0,268950.0,253.27464598089256,22.0,17.0,13.0,0.9942915887283398,0.2727272727272727
2014-02-01,2014-04-30,Zip Code: 98133,Condo/Co-op,141895.0,159925.0,164.01134093022335,28.0,38.0,20.0,1.0025363578537134,0.3214285714285714
2015-12-01,2016-02-29,Zip Code: 98112,All Residential,927132.0,950000.0,494.55155071248953,55.0,71.0,32.0,1.0131284671214684,0.4363636363636363
2012-11-01,2013-01-31,Zip Code: 98105,Single Family Residential,507500.0,595000.0,233.2644628099173,54.0,35.0,19.0,0.988160570978132,0.2962962962962962
2012-10-01,2012-12-31,Zip Code: 98109,Single Family Residential,575000.0,559000.0,326.61290322580646,15.0,7.0,5.0,0.9795807820750446,0.4
2018-08-01,2018-10-31,Zip Code: 98116,Single Family Residential,795000.0,837250.0,419.04761904761904,59.0,88.0,43.0,0.9974751032275256,0.3050847457627118
2022-01-01,2022-03-31,Zip Code: 98126,Multi-Family (2-4 Unit),876000.0,1180000.0,380.4984423676012,2.0,5.0,3.0,1.055996006577402,0.5
2015-04-01,2015-06-30,Zip Code: 98133,Multi-Family (2-4 Unit),417500.0,469000.0,227.57975034674064,4.0,7.0,4.0,1.0349735102360975,0.75
2020-06-01,2020-08-31,Zip Code: 98125,Townhouse,489250.0,599970.0,395.6953290870488,10.0,22.0,18.0,1.0064647650701404,0.2999999999999999
2022-11-01,2023-01-31,Zip Code: 98116,Condo/Co-op,649500.0,699950.0,614.7743982663881,14.0,21.0,14.0,0.9929997917815432,0.0714285714285714
2023-01-01,2023-03-31,Zip Code: 98119,Multi-Family (2-4 Unit),1215000.0,1042500.0,584.1346153846154,1.0,2.0,1.0,1.0125,1.0
2014-02-01,2014-04-30,Zip Code: 98117,Single Family Residential,552250.0,534950.0,276.0493140526511,108.0,132.0,28.0,1.0382571951273187,0.611111111111111
2014-08-01,2014-10-31,Zip Code: 98106,Multi-Family (2-4 Unit),500000.0,385000.0,173.33333333333334,3.0,4.0,3.0,0.9627789920161256,0.0
2023-10-01,2023-12-31,Zip Code: 98106,Condo/Co-op,562500.0,430000.0,559.8763118440779,6.0,5.0,2.0,0.998989566362304,0.5
2013-12-01,2014-02-28,Zip Code: 98146,Condo/Co-op,105000.0,67450.0,101.54738878143134,1.0,2.0,4.0,1.0009532888465205,1.0
2017-02-01,2017-04-30,Zip Code: 98144,Single Family Residential,705000.0,717000.0,416.1184210526316,59.0,76.0,20.0,1.0510687440109767,0.5423728813559322
2023-09-01,2023-11-30,Zip Code: 98178,All Residential,660000.0,709900.0,353.60360360360363,49.0,53.0,23.0,1.0062165535076744,0.3673469387755102
2015-07-01,2015-09-30,Zip Code: 98199,Townhouse,518055.5,509900.0,334.4388315396442,16.0,17.0,7.0,1.021713175366196,0.5
2021-11-01,2022-01-31,Zip Code: 98118,Single Family Residential,785000.0,799499.5,420.83333333333326,107.0,60.0,12.0,1.028888976599612,0.4392523364485981
2015-01-01,2015-03-31,Zip Code: 98105,Single Family Residential,686500.0,900000.0,350.9933774834437,37.0,57.0,25.0,1.0181802065106411,0.3783783783783784
2018-06-01,2018-08-31,Zip Code: 98126,Condo/Co-op,518518.5,445000.0,396.65360995279576,40.0,26.0,18.0,1.00538622525043,0.2
2018-07-01,2018-09-30,Zip Code: 98117,Single Family Residential,789800.0,775000.0,412.96491864954953,136.0,168.0,54.0,1.017602194103013,0.3676470588235294
2015-06-01,2015-08-31,Zip Code: 98133,Single Family Residential,430000.0,420000.0,248.8169276147916,184.0,171.0,45.0,1.0349505943431565,0.5706521739130433
2021-09-01,2021-11-30,Zip Code: 98106,Townhouse,575000.0,619950.0,393.61702127659566,37.0,47.0,16.0,1.0073179990737766,0.4054054054054054
2014-12-01,2015-02-28,Zip Code: 98122,Multi-Family (2-4 Unit),449950.0,513950.0,239.33510638297872,7.0,6.0,4.0,1.0352413689520268,0.7142857142857143
2016-06-01,2016-08-31,Zip Code: 98177,All Residential,663000.0,675000.0,308.2191780821918,99.0,107.0,42.0,1.0335147446729978,0.4848484848484848
2015-12-01,2016-02-29,Zip Code: 98144,Single Family Residential,617900.0,619999.0,350.08498583569406,65.0,45.0,20.0,1.0216169462875484,0.3692307692307692
2021-12-01,2022-02-28,Zip Code: 98106,Multi-Family (2-4 Unit),1096500.0,744500.0,333.5372960372961,2.0,2.0,1.0,1.0096944951681406,0.5
2020-07-01,2020-09-30,Zip Code: 98105,Condo/Co-op,490200.0,415000.0,513.733468972533,17.0,31.0,21.0,0.992809692811296,0.1176470588235294
2023-07-01,2023-09-30,Zip Code: 98125,Single Family Residential,777500.0,799000.0,484.8057644110276,72.0,73.0,27.0,1.009395983942616,0.4027777777777777
2017-07-01,2017-09-30,Zip Code: 98109,Townhouse,881944.0,994950.0,573.0101123595506,14.0,17.0,5.0,1.0310688675615238,0.3571428571428571
2013-03-01,2013-05-31,Zip Code: 98125,Townhouse,253500.0,285000.0,175.6285785411999,10.0,11.0,2.0,1.0165752656974385,0.4
2016-11-01,2017-01-31,Zip Code: 98105,Townhouse,657000.0,647000.0,484.31090574756,4.0,2.0,1.0,1.0629405354137773,0.5
2023-01-01,2023-03-31,Zip Code: 98109,All Residential,930000.0,899000.0,622.1454719776867,70.0,81.0,41.0,0.9814656026566372,0.1714285714285714
2023-06-01,2023-08-31,Zip Code: 98146,All Residential,662850.0,634950.0,398.6362474734568,66.0,85.0,26.0,1.0255710426736624,0.4090909090909091
2019-06-01,2019-08-31,Zip Code: 98144,Townhouse,619975.0,694950.0,471.40031645569616,38.0,50.0,29.0,0.9937077503187643,0.0789473684210526
2013-05-01,2013-07-31,Zip Code: 98199,Townhouse,460000.0,444950.0,276.42857142857144,21.0,21.0,6.0,0.9941781731452012,0.1904761904761904
2014-08-01,2014-10-31,Zip Code: 98112,Condo/Co-op,365000.0,379000.0,401.6619496612706,20.0,15.0,5.0,0.987628412776222,0.25
2021-08-01,2021-10-31,Zip Code: 98122,Multi-Family (2-4 Unit),1049980.0,1062500.0,476.6187050359712,5.0,10.0,8.0,0.964338212823436,0.2
2021-03-01,2021-05-31,Zip Code: 98115,Single Family Residential,1085000.0,949000.0,553.4883720930233,189.0,223.0,17.0,1.1057966912771198,0.6984126984126983
2015-09-01,2015-11-30,Zip Code: 98109,Townhouse,799950.0,724000.0,480.1620648259304,16.0,10.0,8.0,1.018451412028779,0.3125
2019-09-01,2019-11-30,Zip Code: 98177,Single Family Residential,762500.0,850000.0,363.2169459962756,68.0,71.0,24.0,0.997598923232174,0.2941176470588235
2020-03-01,2020-05-31,Zip Code: 98102,Townhouse,852500.0,979500.0,586.5016539513184,18.0,30.0,16.0,0.9975244624246792,0.3888888888888889
2016-12-01,2017-02-28,Zip Code: 98122,All Residential,655000.0,648000.0,465.3925619834711,124.0,77.0,13.0,1.0261844692909434,0.4032258064516128
2021-06-01,2021-08-31,Zip Code: 98112,Townhouse,799000.0,765000.0,633.56290174472,37.0,31.0,9.0,1.0151675315235331,0.3513513513513513
2017-12-01,2018-02-28,Zip Code: 98136,Townhouse,589000.0,624950.0,444.44444444444446,11.0,10.0,2.0,1.0209133596987547,0.2727272727272727
2021-03-01,2021-05-31,Zip Code: 98115,All Residential,935000.0,857500.0,536.9649805447472,265.0,314.0,52.0,1.079403872522586,0.6075471698113207
2019-10-01,2019-12-31,Zip Code: 98106,Condo/Co-op,328500.0,332500.0,331.8563089096622,4.0,4.0,2.0,0.93557652431602,0.0
2019-03-01,2019-05-31,Zip Code: 98108,Multi-Family (2-4 Unit),640000.0,599000.0,299.50657894736844,2.0,1.0,1.0,1.0491944341845714,0.5
2021-11-01,2022-01-31,Zip Code: 98133,Single Family Residential,775000.0,774950.0,465.624652867775,118.0,83.0,8.0,1.0447323933935473,0.5677966101694915
2014-11-01,2015-01-31,Zip Code: 98105,Townhouse,654000.0,895000.0,311.5355174416338,4.0,1.0,,0.9744166940519224,0.0
2014-10-01,2014-12-31,Zip Code: 98106,All Residential,315000.0,340900.0,196.02272727272728,95.0,90.0,49.0,0.9937208885795497,0.231578947368421
2020-12-01,2021-02-28,Zip Code: 98105,Multi-Family (2-4 Unit),1100000.0,1082500.0,349.8727735368957,3.0,2.0,2.0,0.9925512104283052,0.0
2013-12-01,2014-02-28,Zip Code: 98118,Single Family Residential,323000.0,350000.0,185.7142857142857,93.0,91.0,78.0,1.0086973842327798,0.3440860215053763
2019-11-01,2020-01-31,Zip Code: 98199,Multi-Family (2-4 Unit),1224250.0,,372.36967913946864,2.0,,,1.0014920502092053,0.5
2015-02-01,2015-04-30,Zip Code: 98104,Condo/Co-op,331500.0,399000.0,425.972485768501,24.0,27.0,15.0,0.9876986039837904,0.2083333333333333
2021-05-01,2021-07-31,Zip Code: 98119,Single Family Residential,1495000.0,1362500.0,609.4202898550725,71.0,84.0,11.0,1.0423576835409718,0.4929577464788732
2016-12-01,2017-02-28,Zip Code: 98116,Condo/Co-op,484975.0,438000.0,455.7941617737469,22.0,15.0,3.0,0.9958793917481664,0.2727272727272727
2023-03-01,2023-05-31,Zip Code: 98199,Single Family Residential,1280000.0,1399999.0,640.2439024390244,51.0,81.0,22.0,1.0144377404401332,0.4117647058823529
2014-04-01,2014-06-30,Zip Code: 98119,Multi-Family (2-4 Unit),667200.0,707000.0,285.1660671484903,2.0,6.0,3.0,0.987831471917096,0.5
2017-03-01,2017-05-31,Zip Code: 98126,Single Family Residential,555000.0,546000.0,343.55828220858893,91.0,98.0,16.0,1.0766884302964073,0.7142857142857143
2019-07-01,2019-09-30,Zip Code: 98146,Multi-Family (2-4 Unit),1215000.0,2125000.0,245.70273003033367,1.0,1.0,1.0,1.0210084033613445,1.0
2020-09-01,2020-11-30,Zip Code: 98108,Condo/Co-op,468720.0,441860.0,312.48,1.0,2.0,1.0,1.0,0.0
2015-06-01,2015-08-31,Zip Code: 98117,Townhouse,535000.0,475206.0,368.7917710944026,10.0,9.0,2.0,1.0854526621622027,0.8
2017-09-01,2017-11-30,Zip Code: 98126,Multi-Family (2-4 Unit),884250.0,575000.0,330.538507043295,2.0,1.0,,0.9998235401127888,0.5
2019-08-01,2019-10-31,Zip Code: 98136,Single Family Residential,715000.0,750000.0,387.8531073446328,59.0,67.0,28.0,1.0064906264430795,0.4406779661016949
2022-01-01,2022-03-31,Zip Code: 98177,All Residential,1191000.0,995000.0,561.295709000048,40.0,67.0,8.0,1.104058584924798,0.6999999999999998
2023-01-01,2023-03-31,Zip Code: 98146,Condo/Co-op,259950.0,297500.0,356.0862691960253,6.0,8.0,2.0,0.9985994397759104,0.0
2013-02-01,2013-04-30,Zip Code: 98125,Single Family Residential,368250.0,365000.0,216.38059701492537,81.0,109.0,34.0,0.9989931138024218,0.3703703703703703
2023-12-01,2024-02-29,Zip Code: 98119,Condo/Co-op,489000.0,494250.0,554.6425636811832,17.0,24.0,16.0,0.9849574190713732,0.1176470588235294
2022-05-01,2022-07-31,Zip Code: 98108,All Residential,770000.0,719950.0,441.58333333333326,79.0,105.0,32.0,1.020406000865706,0.5189873417721518
2019-06-01,2019-08-31,Zip Code: 98144,Single Family Residential,825000.0,847000.0,440.4145077720207,67.0,74.0,44.0,1.0028282879952846,0.3134328358208955
2023-02-01,2023-04-30,Zip Code: 98115,Townhouse,761500.0,799475.0,582.1712268314211,18.0,34.0,15.0,0.9980002190634808,0.3333333333333333
2022-07-01,2022-09-30,Zip Code: 98118,Townhouse,674900.0,700000.0,493.2378679395386,23.0,31.0,25.0,0.9947099309469392,0.0869565217391304
2021-07-01,2021-09-30,Zip Code: 98177,Townhouse,665000.0,585000.0,494.3047310599085,8.0,7.0,2.0,1.0353608069953528,0.375
2017-12-01,2018-02-28,Zip Code: 98146,All Residential,450000.0,450000.0,280.8641975308642,83.0,71.0,19.0,1.0271290386504917,0.5060240963855421
2012-05-01,2012-07-31,Zip Code: 98107,Multi-Family (2-4 Unit),479000.0,618000.0,174.08972480052108,4.0,7.0,5.0,0.9865405633562844,0.0
2017-06-01,2017-08-31,Zip Code: 98115,All Residential,813500.0,744500.0,428.031212484994,238.0,256.0,42.0,1.0734793295535474,0.6554621848739495
2022-02-01,2022-04-30,Zip Code: 98133,Townhouse,734950.0,834384.0,488.599348534202,53.0,74.0,27.0,1.0452505970931578,0.5094339622641509
2023-10-01,2023-12-31,Zip Code: 98136,Townhouse,727500.0,720000.0,500.8456001394805,4.0,1.0,2.0,1.0055970149253732,0.25
2014-09-01,2014-11-30,Zip Code: 98115,Multi-Family (2-4 Unit),743750.0,736000.0,235.30331772683243,2.0,3.0,4.0,0.9845533137175168,0.0
2021-06-01,2021-08-31,Zip Code: 98115,Townhouse,759950.0,754950.0,595.5956375838928,49.0,49.0,15.0,0.9958680814121512,0.1428571428571428
2018-04-01,2018-06-30,Zip Code: 98102,Condo/Co-op,529000.0,509975.0,715.962441314554,71.0,96.0,21.0,1.0509515755552443,0.5211267605633803
2014-08-01,2014-10-31,Zip Code: 98178,All Residential,285000.0,279975.0,156.66666666666666,95.0,122.0,77.0,0.9912805377120376,0.3368421052631578
2021-08-01,2021-10-31,Zip Code: 98136,Single Family Residential,899000.0,869900.0,483.19487231869255,68.0,57.0,8.0,1.0595485131336893,0.588235294117647
2022-08-01,2022-10-31,Zip Code: 98115,Condo/Co-op,468000.0,505000.0,483.3984375,43.0,45.0,17.0,0.9922768373637472,0.1860465116279069
2015-12-01,2016-02-29,Zip Code: 98108,All Residential,396824.0,417500.0,262.89251207729467,53.0,54.0,25.0,1.014760616808883,0.4339622641509434
2012-05-01,2012-07-31,Zip Code: 98178,Single Family Residential,202500.0,234950.0,118.84127256739669,74.0,92.0,87.0,0.992897459946494,0.3108108108108108
2019-11-01,2020-01-31,Zip Code: 98146,All Residential,549975.0,499974.5,304.8868620414673,62.0,56.0,23.0,0.9908310897715414,0.2258064516129032
2013-11-01,2014-01-31,Zip Code: 98115,Condo/Co-op,190000.0,184250.0,212.07764198418403,23.0,14.0,11.0,0.9892017227826572,0.1739130434782608
2012-11-01,2013-01-31,Zip Code: 98178,Single Family Residential,197500.0,238750.0,126.63006177076184,61.0,68.0,65.0,0.9732497469373445,0.2459016393442622
2018-09-01,2018-11-30,Zip Code: 98125,Single Family Residential,690000.0,675000.0,366.9724770642202,65.0,96.0,47.0,0.9859005348519236,0.2307692307692307
2021-08-01,2021-10-31,Zip Code: 98126,Condo/Co-op,307500.0,304975.0,425.2173913043478,11.0,12.0,5.0,0.9845778817302228,0.2727272727272727
2014-12-01,2015-02-28,Zip Code: 98118,Condo/Co-op,230000.0,222400.0,301.36986301369865,3.0,4.0,2.0,0.978567369115006,0.0
2020-01-01,2020-03-31,Zip Code: 98177,All Residential,876250.0,799500.0,372.4141824751581,66.0,72.0,26.0,1.0079176470924325,0.3939393939393939
2014-11-01,2015-01-31,Zip Code: 98144,All Residential,449500.0,429900.0,293.3755111009209,80.0,85.0,34.0,1.0009861200962484,0.275
2019-05-01,2019-07-31,Zip Code: 98102,Townhouse,1040000.0,950000.0,610.3631963690405,12.0,19.0,11.0,0.9940066538516424,0.0833333333333333
2013-07-01,2013-09-30,Zip Code: 98115,Condo/Co-op,180000.0,194987.5,197.4484744607916,28.0,32.0,19.0,0.9951296150607774,0.3571428571428571
2016-05-01,2016-07-31,Zip Code: 98105,Townhouse,629000.0,534950.0,424.2774566473988,7.0,6.0,1.0,1.0548796070402202,0.4285714285714285
2012-04-01,2012-06-30,Zip Code: 98112,Townhouse,483000.0,402450.0,397.85831960461286,5.0,4.0,3.0,0.9789135755160088,0.0
2012-03-01,2012-05-31,Zip Code: 98199,Multi-Family (2-4 Unit),471900.0,689000.0,179.42227619708535,2.0,3.0,2.0,1.0040530582166545,0.5
2020-03-01,2020-05-31,Zip Code: 98109,All Residential,528400.0,762500.0,626.7927992725593,62.0,124.0,71.0,0.999368166641468,0.2580645161290322
2014-06-01,2014-08-31,Zip Code: 98144,Multi-Family (2-4 Unit),355000.0,550000.0,165.77008346374544,2.0,7.0,7.0,1.0507238370152456,1.0
2012-04-01,2012-06-30,Zip Code: 98115,Multi-Family (2-4 Unit),426250.0,479475.0,191.86152721958348,2.0,4.0,3.0,0.9113661463169548,0.0
2013-01-01,2013-03-31,Zip Code: 98109,Single Family Residential,763750.0,658000.0,296.083118974218,16.0,30.0,7.0,0.9967991019986931,0.375
2020-02-01,2020-04-30,Zip Code: 98199,Condo/Co-op,410000.0,422500.0,468.1404421326399,15.0,12.0,6.0,1.0106010197979096,0.4
2021-02-01,2021-04-30,Zip Code: 98126,Multi-Family (2-4 Unit),869000.0,828000.0,298.2530612244898,2.0,1.0,,0.978947872576708,0.0
2017-07-01,2017-09-30,Zip Code: 98109,Condo/Co-op,515000.0,499000.0,617.696160267112,65.0,69.0,15.0,1.0550981830413029,0.5230769230769231
2017-08-01,2017-10-31,Zip Code: 98133,Townhouse,528000.0,545000.0,385.038503850385,33.0,33.0,1.0,1.029647193454916,0.5151515151515151
2012-08-01,2012-10-31,Zip Code: 98146,Condo/Co-op,124950.0,100000.0,213.22525597269623,5.0,5.0,4.0,0.9781322194390484,0.0
2019-12-01,2020-02-29,Zip Code: 98122,Single Family Residential,950000.0,1097500.0,503.5971223021583,41.0,36.0,23.0,0.9927960476318468,0.2439024390243902
2012-05-01,2012-07-31,Zip Code: 98178,Condo/Co-op,63500.0,35900.0,71.25207574886632,2.0,1.0,1.0,0.8885212019437172,0.0
2017-06-01,2017-08-31,Zip Code: 98136,Condo/Co-op,367000.0,359975.0,465.21035598705504,9.0,8.0,1.0,1.0751859218978792,0.7777777777777777
2013-04-01,2013-06-30,Zip Code: 98112,Multi-Family (2-4 Unit),980000.0,710000.0,473.8878143133462,1.0,3.0,1.0,1.0000510230113782,1.0
2021-12-01,2022-02-28,Zip Code: 98126,Condo/Co-op,332475.0,437450.0,445.7763268825753,10.0,14.0,1.0,1.0182408911852503,0.2999999999999999
2021-03-01,2021-05-31,Zip Code: 98199,Single Family Residential,1424000.0,1350000.0,569.8529411764706,117.0,130.0,16.0,1.0781738365665845,0.5982905982905982
2015-03-01,2015-05-31,Zip Code: 98118,Single Family Residential,423500.0,399000.0,230.0,153.0,189.0,78.0,1.0511199668546698,0.5816993464052288
2013-04-01,2013-06-30,Zip Code: 98122,Condo/Co-op,265000.0,269000.0,395.0204384986994,51.0,57.0,26.0,1.0237291950336087,0.5686274509803921
2015-05-01,2015-07-31,Zip Code: 98126,Townhouse,415500.0,385000.0,276.8871057256498,16.0,15.0,3.0,1.0106484380691934,0.5
2017-02-01,2017-04-30,Zip Code: 98116,Condo/Co-op,445000.0,475000.0,466.6666666666666,19.0,19.0,3.0,1.061226846690472,0.5263157894736841
2013-12-01,2014-02-28,Zip Code: 98106,Condo/Co-op,138000.0,163700.0,135.8267716535433,4.0,4.0,3.0,0.9929225746634875,0.25
2012-10-01,2012-12-31,Zip Code: 98117,Townhouse,389900.0,,261.04651162790697,3.0,,1.0,0.9891280294026992,0.0
2022-06-01,2022-08-31,Zip Code: 98125,All Residential,839950.0,775000.0,485.0746268656716,137.0,169.0,52.0,1.0219514367644242,0.4233576642335766
2018-11-01,2019-01-31,Zip Code: 98122,All Residential,685000.0,694500.0,564.8854961832061,107.0,98.0,56.0,0.9801681499958969,0.1214953271028037
2018-05-01,2018-07-31,Zip Code: 98177,Townhouse,662000.0,430000.0,429.86881937436925,3.0,3.0,3.0,1.1126446247628274,0.6666666666666666
2014-07-01,2014-09-30,Zip Code: 98122,Townhouse,506944.0,515000.0,358.22966507177034,22.0,25.0,18.0,0.9961078817637186,0.2727272727272727
2017-11-01,2018-01-31,Zip Code: 98108,Single Family Residential,550000.0,627000.0,323.06714550577294,64.0,48.0,12.0,1.01275674187079,0.484375
2023-07-01,2023-09-30,Zip Code: 98125,Townhouse,624250.0,669500.0,449.88419224088005,8.0,8.0,4.0,1.0148813352794972,0.5
2015-04-01,2015-06-30,Zip Code: 98146,Single Family Residential,335875.0,398500.0,205.40865384615384,112.0,132.0,49.0,1.0228378848332411,0.5535714285714286
2021-08-01,2021-10-31,Zip Code: 98117,Single Family Residential,960000.0,942000.0,521.264367816092,193.0,174.0,19.0,1.055425320808436,0.6062176165803109
2012-07-01,2012-09-30,Zip Code: 98117,All Residential,435000.0,425000.0,239.77777777777777,135.0,149.0,55.0,1.0037531949444205,0.3925925925925926
2021-09-01,2021-11-30,Zip Code: 98107,All Residential,785000.0,775000.0,586.9565217391304,175.0,186.0,26.0,1.0278764437523111,0.4971428571428571
2014-05-01,2014-07-31,Zip Code: 98199,Single Family Residential,730000.0,712450.0,312.04992798847815,81.0,110.0,59.0,1.0129168844533951,0.4444444444444444
2013-11-01,2014-01-31,Zip Code: 98115,All Residential,484000.0,455000.0,248.6583001734517,130.0,84.0,37.0,0.9985204960686496,0.3461538461538461
2019-03-01,2019-05-31,Zip Code: 98199,Townhouse,722500.0,715000.0,506.6891891891892,16.0,18.0,8.0,0.9924287540810408,0.1875
2021-01-01,2021-03-31,Zip Code: 98109,Single Family Residential,1355000.0,1411500.0,601.3604010408694,20.0,34.0,9.0,1.0134972430597415,0.3499999999999999
2014-10-01,2014-12-31,Zip Code: 98133,Single Family Residential,370000.0,399900.0,227.69905729546983,130.0,103.0,50.0,0.9991151341389032,0.2999999999999999
2017-07-01,2017-09-30,Zip Code: 98199,Multi-Family (2-4 Unit),774400.0,,465.0830564784053,3.0,,,0.988989247311828,0.0
2020-07-01,2020-09-30,Zip Code: 98109,All Residential,817500.0,749000.0,603.5614082722418,122.0,201.0,119.0,0.9936367862836538,0.1967213114754098
2018-10-01,2018-12-31,Zip Code: 98126,Condo/Co-op,562523.0,339888.5,402.65502183406113,29.0,8.0,14.0,0.9956427454474968,0.2068965517241379
2016-06-01,2016-08-31,Zip Code: 98144,Multi-Family (2-4 Unit),505500.0,667500.0,252.7656794425087,4.0,6.0,3.0,0.9499687131050766,0.25
2021-07-01,2021-09-30,Zip Code: 98116,Condo/Co-op,465000.0,569975.0,552.9943502824858,38.0,38.0,24.0,0.9970524586817944,0.263157894736842
2017-05-01,2017-07-31,Zip Code: 98105,Single Family Residential,915000.0,899000.0,449.1017964071857,93.0,76.0,14.0,1.0925649733346623,0.6451612903225806
2019-09-01,2019-11-30,Zip Code: 98177,All Residential,741850.0,797475.0,341.08527131782944,85.0,82.0,32.0,0.9968757307230832,0.2470588235294117
2023-12-01,2024-02-29,Zip Code: 98119,Single Family Residential,1313800.0,1300000.0,581.2121212121212,21.0,17.0,10.0,0.981176084110388,0.2857142857142857
2013-05-01,2013-07-31,Zip Code: 98112,Condo/Co-op,410000.0,420000.0,428.84431709646606,27.0,32.0,12.0,0.9872486098072544,0.1111111111111111
2013-09-01,2013-11-30,Zip Code: 98199,Townhouse,417450.0,434500.0,291.4325717841586,6.0,7.0,4.0,0.9926350390902628,0.0
2014-02-01,2014-04-30,Zip Code: 98126,Single Family Residential,405000.0,399950.0,234.50704225352112,97.0,102.0,44.0,0.9999642394400023,0.3711340206185567
2021-07-01,2021-09-30,Zip Code: 98106,Multi-Family (2-4 Unit),850000.0,995000.0,295.13888888888886,1.0,3.0,3.0,1.0,0.0
2020-01-01,2020-03-31,Zip Code: 98116,All Residential,753075.0,769000.0,493.7570942111237,82.0,99.0,35.0,1.0190003432874786,0.4634146341463414
2018-02-01,2018-04-30,Zip Code: 98146,Single Family Residential,520000.0,510000.0,315.2173913043478,87.0,105.0,28.0,1.0526443615819556,0.5747126436781608
2023-03-01,2023-05-31,Zip Code: 98118,Multi-Family (2-4 Unit),680000.0,,435.8974358974359,1.0,,,0.883174232092993,0.0
2012-12-01,2013-02-28,Zip Code: 98108,Townhouse,272500.0,265000.0,177.8843987926296,12.0,7.0,2.0,0.9988072344322344,0.0833333333333333
2012-08-01,2012-10-31,Zip Code: 98117,Townhouse,304500.0,290000.0,275.9129369850813,8.0,5.0,1.0,0.9894743342619547,0.0
2022-03-01,2022-05-31,Zip Code: 98199,All Residential,1270000.0,1125000.0,632.7889005971198,138.0,167.0,30.0,1.0992395577698175,0.6666666666666666
2013-07-01,2013-09-30,Zip Code: 98144,Condo/Co-op,235450.0,241900.0,290.53225794439845,14.0,25.0,22.0,0.9984707978514124,0.2142857142857142
2023-04-01,2023-06-30,Zip Code: 98109,Townhouse,1242500.0,1125000.0,719.5320128330311,12.0,11.0,7.0,0.9921466287482484,0.1666666666666666
2018-05-01,2018-07-31,Zip Code: 98109,Townhouse,890000.0,892500.0,636.6666666666665,13.0,16.0,4.0,1.050736576916902,0.8461538461538461
2016-03-01,2016-05-31,Zip Code: 98106,All Residential,384500.0,375000.0,273.02944529622204,116.0,150.0,34.0,1.053015958572795,0.6810344827586206
2022-07-01,2022-09-30,Zip Code: 98104,Condo/Co-op,447475.0,699000.0,684.7060911085301,24.0,35.0,38.0,0.9772354002226632,0.0416666666666666
2018-05-01,2018-07-31,Zip Code: 98117,Townhouse,715000.0,725000.0,510.27397260273966,23.0,33.0,10.0,1.0285174046675138,0.3913043478260869
2019-05-01,2019-07-31,Zip Code: 98144,Townhouse,652500.0,629950.0,476.2915561105041,40.0,59.0,30.0,0.9975652286724718,0.1749999999999999
2016-02-01,2016-04-30,Zip Code: 98126,All Residential,460000.0,435000.0,304.08856907894733,112.0,140.0,31.0,1.0533416859514204,0.6071428571428571
2018-06-01,2018-08-31,Zip Code: 98118,Single Family Residential,620000.0,592475.0,364.741641337386,119.0,160.0,72.0,1.0298410935772553,0.4369747899159663
2019-04-01,2019-06-30,Zip Code: 98126,Condo/Co-op,413750.0,379000.0,421.756071040232,18.0,21.0,12.0,0.9935820088603768,0.2777777777777777
2016-03-01,2016-05-31,Zip Code: 98177,Townhouse,375000.0,424900.0,281.9548872180451,1.0,5.0,1.0,1.2502083680613436,1.0
2014-12-01,2015-02-28,Zip Code: 98126,Single Family Residential,439950.0,427000.0,247.8897502153316,64.0,48.0,21.0,1.0064784599088463,0.328125
2014-06-01,2014-08-31,Zip Code: 98119,Condo/Co-op,305000.0,296900.0,405.4054054054054,43.0,48.0,25.0,0.9920941185393296,0.2790697674418604
2017-04-01,2017-06-30,Zip Code: 98126,Condo/Co-op,296000.0,299950.0,405.2111410601977,21.0,26.0,5.0,1.0651687547781312,0.8571428571428571
2015-08-01,2015-10-31,Zip Code: 98109,All Residential,476200.0,589500.0,441.1428571428572,103.0,102.0,36.0,1.0171624194199778,0.4563106796116505
2018-05-01,2018-07-31,Zip Code: 98102,Townhouse,950000.0,999000.0,643.3267720905451,30.0,23.0,11.0,0.9954191798577584,0.2
2020-06-01,2020-08-31,Zip Code: 98105,Condo/Co-op,503750.0,415000.0,487.899372637002,12.0,27.0,16.0,0.993557555364181,0.0833333333333333
2020-02-01,2020-04-30,Zip Code: 98118,Condo/Co-op,384850.0,382500.0,373.49284123129314,6.0,6.0,3.0,1.0046328512716396,0.3333333333333333
2023-02-01,2023-04-30,Zip Code: 98118,Single Family Residential,720000.0,804975.0,479.7804737146158,65.0,94.0,38.0,1.0173317716376704,0.4153846153846154
2016-07-01,2016-09-30,Zip Code: 98177,All Residential,676788.0,645000.0,300.83714423557154,88.0,118.0,56.0,1.0263811224051158,0.4431818181818181
2019-08-01,2019-10-31,Zip Code: 98126,Townhouse,549950.0,575000.0,345.9627329192547,13.0,31.0,19.0,0.990277138872755,0.2307692307692307
2020-11-01,2021-01-31,Zip Code: 98109,All Residential,750000.0,740000.0,592.8853754940711,81.0,89.0,68.0,0.9842858035702164,0.0864197530864197
2014-05-01,2014-07-31,Zip Code: 98133,Single Family Residential,372500.0,374500.0,230.1829268292683,141.0,176.0,74.0,1.0193462468458243,0.5177304964539006
2017-10-01,2017-12-31,Zip Code: 98117,Townhouse,732000.0,650000.0,496.947370529013,22.0,25.0,2.0,1.0394422672710897,0.5
2012-02-01,2012-04-30,Zip Code: 98177,All Residential,420000.0,455000.0,196.12903225806448,57.0,94.0,73.0,0.9789170338566608,0.1578947368421052
2015-11-01,2016-01-31,Zip Code: 98108,All Residential,387499.5,398700.0,236.3636363636364,48.0,50.0,26.0,1.0012716666449846,0.375
2021-03-01,2021-05-31,Zip Code: 98133,Single Family Residential,755754.0,700000.0,456.98867115737903,128.0,156.0,19.0,1.0982240458119583,0.734375
2020-09-01,2020-11-30,Zip Code: 98105,Townhouse,775000.0,777249.5,585.0,19.0,20.0,9.0,0.992932679301118,0.2105263157894736
2020-01-01,2020-03-31,Zip Code: 98119,Condo/Co-op,550888.0,550000.0,545.4545454545455,33.0,41.0,21.0,0.993089506921841,0.2121212121212121
2012-03-01,2012-05-31,Zip Code: 98108,Single Family Residential,243500.0,279950.0,150.89398306611423,40.0,75.0,61.0,0.9919121484414224,0.3499999999999999
2014-03-01,2014-05-31,Zip Code: 98107,Single Family Residential,579000.0,550000.0,328.67946480511927,49.0,58.0,13.0,1.0351016533566415,0.5510204081632653
2019-05-01,2019-07-31,Zip Code: 98133,Townhouse,462250.0,503500.0,344.63265629958744,14.0,24.0,20.0,0.9951998323076358,0.1428571428571428
2014-02-01,2014-04-30,Zip Code: 98136,Condo/Co-op,210000.0,245000.0,242.4542005251949,10.0,11.0,4.0,1.0109398277665755,0.5
2017-07-01,2017-09-30,Zip Code: 98102,Single Family Residential,1240000.0,1285000.0,505.09337860780977,19.0,23.0,11.0,0.9882898207042792,0.1052631578947368
2013-04-01,2013-06-30,Zip Code: 98146,Single Family Residential,270000.0,275325.0,161.71428571428572,99.0,108.0,69.0,1.0080531177456873,0.4848484848484848
2021-05-01,2021-07-31,Zip Code: 98125,Single Family Residential,901375.0,799000.0,499.6330306547416,158.0,164.0,24.0,1.1096910006422125,0.7784810126582278
2016-08-01,2016-10-31,Zip Code: 98175,Townhouse,505000.0,469900.0,365.6770456191166,1.0,1.0,,1.0746967439880826,1.0
2012-01-01,2012-03-31,Zip Code: 98109,Single Family Residential,665000.0,641250.0,256.8965517241379,17.0,28.0,13.0,0.975884543557799,0.2941176470588235
2018-03-01,2018-05-31,Zip Code: 98126,Townhouse,599950.0,589000.0,382.0224719101124,25.0,31.0,10.0,1.0464210603694977,0.5999999999999999
2012-01-01,2012-03-31,Zip Code: 98119,Condo/Co-op,201000.0,235990.0,269.9784017278617,19.0,31.0,35.0,1.0011252483904685,0.263157894736842
2014-03-01,2014-05-31,Zip Code: 98199,Condo/Co-op,326000.0,304500.0,278.15699658703073,11.0,26.0,8.0,1.0270482803637973,0.7272727272727272
2023-09-01,2023-11-30,Zip Code: 98178,Single Family Residential,691500.0,725000.0,351.5703203203203,46.0,48.0,19.0,1.0064812261237337,0.3478260869565217
2017-05-01,2017-07-31,Zip Code: 98146,Multi-Family (2-4 Unit),476000.0,765000.0,176.9516728624535,1.0,2.0,,1.0577777777777777,1.0
2017-04-01,2017-06-30,Zip Code: 98105,All Residential,845000.0,799000.0,457.7039274924471,127.0,130.0,25.0,1.089569974564305,0.6692913385826772
2016-08-01,2016-10-31,Zip Code: 98116,Townhouse,604990.0,644970.0,407.36203519462754,32.0,32.0,12.0,1.0094710470281505,0.25
2016-07-01,2016-09-30,Zip Code: 98116,Multi-Family (2-4 Unit),725000.0,662500.0,268.51851851851853,3.0,2.0,3.0,0.9687688813884202,0.0
2021-02-01,2021-04-30,Zip Code: 98116,Single Family Residential,949500.0,949500.0,513.0597014925373,83.0,105.0,26.0,1.092354084593177,0.6506024096385542
2019-04-01,2019-06-30,Zip Code: 98119,Condo/Co-op,463750.0,485000.0,590.3020134228188,44.0,63.0,34.0,0.99579000651024,0.1818181818181818
2023-09-01,2023-11-30,Zip Code: 98199,Multi-Family (2-4 Unit),1150000.0,,461.84738955823286,1.0,,,0.9214743589743588,0.0
2021-02-01,2021-04-30,Zip Code: 98126,All Residential,675650.0,639950.0,437.5628772635815,152.0,175.0,46.0,1.0497601573487827,0.5657894736842105
2018-11-01,2019-01-31,Zip Code: 98136,All Residential,699000.0,729000.0,384.8432055749129,65.0,43.0,26.0,0.9793932116292954,0.1076923076923077
2013-06-01,2013-08-31,Zip Code: 98178,Condo/Co-op,85000.0,69300.0,92.29098805646036,1.0,3.0,1.0,0.8508508508508508,0.0
2022-05-01,2022-07-31,Zip Code: 98146,Condo/Co-op,365000.0,342475.0,382.0116054158608,11.0,12.0,2.0,1.0974770082118572,1.0
2013-10-01,2013-12-31,Zip Code: 98146,Condo/Co-op,105000.0,166425.0,101.54738878143134,5.0,2.0,8.0,0.9863499253542904,0.2
2013-12-01,2014-02-28,Zip Code: 98118,Condo/Co-op,145000.0,201880.0,216.4179104477612,3.0,5.0,5.0,0.9846801346801346,0.0
2019-02-01,2019-04-30,Zip Code: 98199,Single Family Residential,1102500.0,1177000.0,472.4264705882353,55.0,100.0,39.0,1.0062892085599608,0.3818181818181818
2023-08-01,2023-10-31,Zip Code: 98146,Single Family Residential,642250.0,699950.0,437.2809840520632,56.0,64.0,18.0,0.9994863280042944,0.2857142857142857
2022-07-01,2022-09-30,Zip Code: 98177,Condo/Co-op,749000.0,569000.0,450.7348385764439,6.0,5.0,2.0,1.029134861997251,0.8333333333333333
2015-11-01,2016-01-31,Zip Code: 98125,Multi-Family (2-4 Unit),395000.0,,292.5925925925926,1.0,,,0.9295211201317802,0.0
2022-05-01,2022-07-31,Zip Code: 98106,Multi-Family (2-4 Unit),945250.0,748944.0,402.8571428571428,3.0,2.0,2.0,1.044755003450656,0.6666666666666666
2013-03-01,2013-05-31,Zip Code: 98126,Multi-Family (2-4 Unit),319000.0,319000.0,157.92079207920793,1.0,1.0,,1.0,0.0
2019-01-01,2019-03-31,Zip Code: 98133,Single Family Residential,600000.0,625000.0,347.5138121546961,59.0,100.0,48.0,0.9888666797686404,0.2542372881355932
2023-03-01,2023-05-31,Zip Code: 98122,Multi-Family (2-4 Unit),1061250.0,1165000.0,428.7420382165605,2.0,1.0,,1.0137877477355697,0.5
2017-08-01,2017-10-31,Zip Code: 98144,Multi-Family (2-4 Unit),875000.0,799950.0,436.2139917695473,5.0,3.0,1.0,1.0746931415899108,0.8
2018-02-01,2018-04-30,Zip Code: 98117,Single Family Residential,891500.0,804975.0,477.0019892672095,102.0,140.0,28.0,1.1243295719296855,0.803921568627451
2014-02-01,2014-04-30,Zip Code: 98126,Multi-Family (2-4 Unit),515000.0,475000.0,210.7201309328969,1.0,1.0,,1.0842105263157895,1.0
2017-09-01,2017-11-30,Zip Code: 98113,Single Family Residential,697000.0,,357.43589743589746,1.0,,,1.0028776978417266,1.0
2023-07-01,2023-09-30,Zip Code: 98112,Single Family Residential,1800995.0,1750000.0,663.7297394251407,50.0,37.0,22.0,0.9740178712498244,0.26
2012-07-01,2012-09-30,Zip Code: 98106,Single Family Residential,232500.0,239500.0,137.75877882599582,58.0,81.0,53.0,0.9985820872851268,0.3793103448275861
2019-07-01,2019-09-30,Zip Code: 98126,All Residential,612450.0,586500.0,379.4025945539436,118.0,136.0,80.0,0.9995135543750664,0.3220338983050847
2016-02-01,2016-04-30,Zip Code: 98133,Condo/Co-op,201475.0,207450.0,258.5139318885449,54.0,42.0,6.0,1.0217527873577317,0.3703703703703703
2013-11-01,2014-01-31,Zip Code: 98125,Multi-Family (2-4 Unit),633500.0,,160.01515534225814,1.0,,,0.9746153846153846,0.0
2022-10-01,2022-12-31,Zip Code: 98122,Townhouse,879950.0,799900.0,598.1772990886495,39.0,27.0,19.0,0.9939814684440051,0.1538461538461538
2012-12-01,2013-02-28,Zip Code: 98105,Single Family Residential,500000.0,660750.0,240.53264604811,43.0,44.0,18.0,0.9836780090685002,0.3023255813953488
2021-06-01,2021-08-31,Zip Code: 98136,All Residential,840000.0,799000.0,480.6443556443557,112.0,127.0,24.0,1.0482156204489732,0.5625
2019-12-01,2020-02-29,Zip Code: 98177,Condo/Co-op,975000.0,767500.0,288.0434782608696,7.0,2.0,2.0,0.9777990330042275,0.0
2021-01-01,2021-03-31,Zip Code: 98175,Condo/Co-op,345000.0,,348.133198789102,1.0,,,0.9858551221603084,0.0
2012-04-01,2012-06-30,Zip Code: 98118,Single Family Residential,258000.0,297250.0,140.8,123.0,138.0,102.0,0.9955453484550828,0.3089430894308943
2013-07-01,2013-09-30,Zip Code: 98108,Townhouse,260000.0,344800.0,194.634402945818,5.0,15.0,7.0,0.9823342334144756,0.2
2014-06-01,2014-08-31,Zip Code: 98102,Townhouse,670000.0,699925.0,415.4624277456648,21.0,20.0,10.0,0.99360664111636,0.0952380952380952
2012-05-01,2012-07-31,Zip Code: 98177,Single Family Residential,435000.0,499900.0,188.48167539267016,75.0,89.0,71.0,0.9919014512372,0.32
2017-06-01,2017-08-31,Zip Code: 98133,Condo/Co-op,284000.0,286925.0,360.3421235000183,46.0,58.0,9.0,1.048159564464323,0.5652173913043477
2012-06-01,2012-08-31,Zip Code: 98199,Multi-Family (2-4 Unit),660050.0,399950.0,178.1282823871907,2.0,1.0,2.0,0.9506680603663272,0.0
2017-12-01,2018-02-28,Zip Code: 98125,All Residential,635000.0,612000.0,395.78144458281446,86.0,90.0,19.0,1.0575047849651489,0.6046511627906976
2014-05-01,2014-07-31,Zip Code: 98126,Single Family Residential,429700.0,429000.0,242.24806201550388,111.0,141.0,58.0,1.01506548328699,0.3873873873873873
2016-12-01,2017-02-28,Zip Code: 98118,Townhouse,429800.0,459800.0,351.32530120481925,27.0,20.0,3.0,1.0016537383566877,0.1851851851851851
2016-09-01,2016-11-30,Zip Code: 98122,Multi-Family (2-4 Unit),975500.0,865000.0,408.0246913580247,4.0,3.0,2.0,1.0162691558617398,0.75
2015-01-01,2015-03-31,Zip Code: 98109,Townhouse,675000.0,609000.0,403.33333333333326,3.0,3.0,,1.0004686076011724,0.6666666666666666
2020-01-01,2020-03-31,Zip Code: 98102,Condo/Co-op,450000.0,449950.0,673.6768502581756,74.0,75.0,29.0,0.9931903123887854,0.1756756756756756
2022-03-01,2022-05-31,Zip Code: 98109,Multi-Family (2-4 Unit),1282500.0,1251975.0,618.44934582744,4.0,4.0,1.0,1.0021795196650083,0.5
2014-03-01,2014-05-31,Zip Code: 98106,Townhouse,276500.0,306500.0,178.92617169567214,20.0,23.0,17.0,0.9977745207204342,0.25
2013-08-01,2013-10-31,Zip Code: 98101,Condo/Co-op,394500.0,577125.0,470.2687821192593,50.0,72.0,38.0,0.9900604395991606,0.16
2012-02-01,2012-04-30,Zip Code: 98105,Condo/Co-op,267500.0,255000.0,276.2125165672631,6.0,18.0,16.0,0.9712333749311272,0.1666666666666666
2018-09-01,2018-11-30,Zip Code: 98105,Townhouse,780000.0,774975.0,582.3754789272032,13.0,18.0,9.0,0.983544224525226,0.0769230769230769
2015-08-01,2015-10-31,Zip Code: 98126,Condo/Co-op,240000.0,284950.0,318.1159420289855,21.0,17.0,3.0,1.0098061609558475,0.4761904761904761
2023-12-01,2024-02-29,Zip Code: 98125,All Residential,725000.0,799950.0,465.0436744632845,44.0,61.0,29.0,0.9873913679496829,0.2272727272727272
2023-03-01,2023-05-31,Zip Code: 98102,Condo/Co-op,547500.0,527475.0,623.4776401255291,48.0,72.0,29.0,0.9952454247985184,0.1875
2014-08-01,2014-10-31,Zip Code: 98177,All Residential,494000.0,499000.0,238.755980861244,89.0,79.0,54.0,0.9920127603718388,0.2134831460674157
2016-07-01,2016-09-30,Zip Code: 98146,Single Family Residential,397000.0,399925.0,242.16749644381224,116.0,136.0,49.0,1.0303675838960134,0.586206896551724
2016-03-01,2016-05-31,Zip Code: 98106,Condo/Co-op,212500.0,235000.0,232.42110187484252,2.0,5.0,2.0,0.9769353128313892,0.0
2019-05-01,2019-07-31,Zip Code: 98146,Single Family Residential,520000.0,524970.0,314.518059073413,96.0,110.0,48.0,1.006458921774659,0.3645833333333333
2018-01-01,2018-03-31,Zip Code: 98122,Multi-Family (2-4 Unit),1250000.0,1000000.0,491.68565174662734,4.0,5.0,1.0,0.9921870478546762,0.25
2015-01-01,2015-03-31,Zip Code: 98144,All Residential,454000.0,479000.0,287.4418604651163,91.0,131.0,36.0,1.0059581621535405,0.3626373626373626
2021-06-01,2021-08-31,Zip Code: 98116,All Residential,875000.0,800000.0,505.5759803921569,186.0,195.0,55.0,1.0265267046042623,0.4301075268817204
2022-03-01,2022-05-31,Zip Code: 98126,Multi-Family (2-4 Unit),980000.0,1598506.5,455.54035567715454,3.0,2.0,1.0,1.0373306710516013,0.3333333333333333
2020-12-01,2021-02-28,Zip Code: 98122,Condo/Co-op,418950.0,477475.0,612.7659574468086,41.0,42.0,37.0,0.9886385788151992,0.1463414634146341
2019-08-01,2019-10-31,Zip Code: 98112,All Residential,1032000.0,1037500.0,546.3403037735038,92.0,110.0,66.0,0.9926239075216804,0.2391304347826087
2017-02-01,2017-04-30,Zip Code: 98121,Condo/Co-op,575000.0,539000.0,693.1659866460201,86.0,91.0,20.0,1.0391706965928067,0.627906976744186
2021-04-01,2021-06-30,Zip Code: 98112,Townhouse,849500.0,799000.0,644.6666105798442,42.0,40.0,5.0,1.012257517444435,0.3333333333333333
2018-05-01,2018-07-31,Zip Code: 98125,Multi-Family (2-4 Unit),717500.0,640000.0,380.73988948114817,2.0,1.0,,0.996125001953247,0.5
2014-10-01,2014-12-31,Zip Code: 98117,Multi-Family (2-4 Unit),850000.0,809000.0,262.34567901234567,3.0,2.0,1.0,0.9888653353814644,0.0
2021-04-01,2021-06-30,Zip Code: 98105,Multi-Family (2-4 Unit),1025000.0,1471500.0,322.32704402515725,1.0,4.0,4.0,0.976190476190476,0.0
2020-04-01,2020-06-30,Zip Code: 98146,All Residential,562500.0,540000.0,333.33333333333326,67.0,106.0,45.0,1.012761828806545,0.4477611940298507
2021-06-01,2021-08-31,Zip Code: 98146,All Residential,640000.0,585000.0,386.6310160427808,147.0,139.0,18.0,1.0548630192456283,0.673469387755102
2014-05-01,2014-07-31,Zip Code: 98115,Single Family Residential,576000.0,535000.0,286.3425925925926,169.0,214.0,48.0,1.0383221828857687,0.5621301775147928
2022-09-01,2022-11-30,Zip Code: 98126,Townhouse,675000.0,649000.0,413.66906474820144,11.0,15.0,3.0,0.99502825049548,0.0909090909090909
2018-04-01,2018-06-30,Zip Code: 98118,Condo/Co-op,393500.0,389894.0,436.4860124528633,8.0,14.0,6.0,1.0255415109477313,0.625
2023-08-01,2023-10-31,Zip Code: 98125,All Residential,740000.0,699000.0,457.29303547963207,85.0,81.0,30.0,1.0009146562605544,0.3647058823529411
2023-07-01,2023-09-30,Zip Code: 98105,Single Family Residential,1250000.0,1325000.0,586.8200836820083,39.0,58.0,25.0,1.0110049786310773,0.4102564102564102
2012-10-01,2012-12-31,Zip Code: 98199,Multi-Family (2-4 Unit),373000.0,552000.0,193.2642487046632,1.0,2.0,,0.932616577072134,0.0
2015-11-01,2016-01-31,Zip Code: 98199,Condo/Co-op,306000.0,299950.0,337.037827076223,14.0,15.0,5.0,0.9873201279056876,0.2857142857142857
2020-07-01,2020-09-30,Zip Code: 98199,Condo/Co-op,440000.0,440000.0,472.7298666297528,22.0,25.0,11.0,1.0010709941611493,0.3181818181818181
2017-05-01,2017-07-31,Zip Code: 98102,Townhouse,895000.0,919990.0,635.5932203389831,15.0,29.0,16.0,1.0130227415278108,0.4
2015-04-01,2015-06-30,Zip Code: 98126,Condo/Co-op,290000.0,239950.0,292.87109375,17.0,19.0,4.0,1.0194835780860192,0.3529411764705882
2023-03-01,2023-05-31,Zip Code: 98133,All Residential,723440.0,715000.0,460.5012398157989,176.0,190.0,67.0,1.0058312350871346,0.3693181818181818
2022-11-01,2023-01-31,Zip Code: 98199,Multi-Family (2-4 Unit),1770000.0,1770000.0,,1.0,1.0,,1.0,0.0
2018-10-01,2018-12-31,Zip Code: 98116,Townhouse,749900.0,755000.0,451.96134167140417,21.0,18.0,8.0,0.9915438152770274,0.1428571428571428
2012-09-01,2012-11-30,Zip Code: 98107,Single Family Residential,475000.0,440000.0,255.625,35.0,45.0,8.0,1.0206571264028694,0.5714285714285714
2018-10-01,2018-12-31,Zip Code: 98108,Condo/Co-op,397000.0,409000.0,495.7852900069881,2.0,1.0,,0.9873417721518986,0.0
2021-07-01,2021-09-30,Zip Code: 98106,Condo/Co-op,379000.0,325000.0,464.9805447470817,5.0,5.0,5.0,1.0,0.0
2017-06-01,2017-08-31,Zip Code: 98144,Single Family Residential,750000.0,700000.0,420.53347654851416,86.0,89.0,30.0,1.064068058216995,0.5813953488372093
2013-11-01,2014-01-31,Zip Code: 98105,Single Family Residential,600000.0,625000.0,283.1232182451695,38.0,21.0,8.0,1.0047384176095138,0.3684210526315789
2021-06-01,2021-08-31,Zip Code: 98118,Multi-Family (2-4 Unit),1300000.0,995000.0,394.2181340341656,3.0,7.0,4.0,1.0000512490547064,0.6666666666666666
2013-08-01,2013-10-31,Zip Code: 98146,Townhouse,133800.0,129800.0,99.63099630996308,3.0,3.0,1.0,1.0506762540660846,0.6666666666666666
2016-12-01,2017-02-28,Zip Code: 98178,Multi-Family (2-4 Unit),446500.0,550000.0,152.38907849829351,1.0,1.0,1.0,0.992442765058902,0.0
2022-05-01,2022-07-31,Zip Code: 98106,Townhouse,650000.0,649950.0,438.5964912280701,53.0,40.0,8.0,1.0138862870326255,0.490566037735849
2021-09-01,2021-11-30,Zip Code: 98146,Single Family Residential,645000.0,609900.0,398.30388191043926,110.0,111.0,15.0,1.0546019124731878,0.6545454545454545
2019-12-01,2020-02-29,Zip Code: 98136,Townhouse,619300.0,609000.0,429.5774647887324,28.0,19.0,1.0,1.0007037221600572,0.1785714285714285
2020-06-01,2020-08-31,Zip Code: 98118,Condo/Co-op,364500.0,350000.0,374.7795414462081,10.0,12.0,4.0,1.0058999219187332,0.4
2012-05-01,2012-07-31,Zip Code: 98105,Townhouse,429500.0,469500.0,263.33537706928263,3.0,6.0,5.0,0.9487487242229729,0.0
2019-08-01,2019-10-31,Zip Code: 98109,Townhouse,778500.0,899500.0,586.1694123237763,8.0,13.0,10.0,0.986078699049132,0.125
2014-12-01,2015-02-28,Zip Code: 98117,Single Family Residential,581000.0,575000.0,300.2415468324913,84.0,82.0,28.0,1.0132278543069928,0.3809523809523809
2014-08-01,2014-10-31,Zip Code: 98122,Single Family Residential,575000.0,599950.0,304.9599964041712,66.0,60.0,21.0,1.0035563648890482,0.4090909090909091
2023-06-01,2023-08-31,Zip Code: 98119,Condo/Co-op,474000.0,474500.0,589.0168290522587,29.0,38.0,21.0,0.9863706052951158,0.1379310344827586
2023-01-01,2023-03-31,Zip Code: 98105,Single Family Residential,1423900.0,1549500.0,603.864734299517,29.0,47.0,20.0,1.030538249991508,0.4827586206896551
2023-08-01,2023-10-31,Zip Code: 98107,All Residential,815000.0,899995.0,588.0200225454936,94.0,101.0,41.0,0.9966036611363682,0.2553191489361701
2015-09-01,2015-11-30,Zip Code: 98122,Townhouse,597000.0,594950.0,393.929614982926,26.0,30.0,9.0,1.0207325089358463,0.4615384615384615
2017-05-01,2017-07-31,Zip Code: 98116,All Residential,711000.0,695000.0,417.0731707317073,149.0,159.0,32.0,1.055136951238983,0.6174496644295302
2013-11-01,2014-01-31,Zip Code: 98116,Condo/Co-op,320000.0,275000.0,336.21366849960725,15.0,19.0,26.0,0.989441542574927,0.0666666666666666
2015-12-01,2016-02-29,Zip Code: 98125,Condo/Co-op,205000.0,219350.0,222.7497398543184,20.0,13.0,4.0,0.9971452466330958,0.2999999999999999
2021-05-01,2021-07-31,Zip Code: 98194,Condo/Co-op,1500000.0,,859.5988538681949,1.0,,,0.970873786407767,0.0
2012-02-01,2012-04-30,Zip Code: 98105,Single Family Residential,556000.0,624000.0,265.69767441860466,47.0,67.0,25.0,0.9860630800053618,0.3829787234042553
2015-07-01,2015-09-30,Zip Code: 98107,Townhouse,604475.0,579950.0,416.6763140791291,42.0,39.0,10.0,1.0387012790427137,0.5714285714285714
2019-02-01,2019-04-30,Zip Code: 98106,Condo/Co-op,335000.0,330000.0,327.78864970645793,5.0,5.0,2.0,1.0100959289335538,0.4
2023-07-01,2023-09-30,Zip Code: 98122,Multi-Family (2-4 Unit),816000.0,1399950.0,652.8,1.0,3.0,4.0,1.0394904458598726,1.0
2019-12-01,2020-02-29,Zip Code: 98199,Condo/Co-op,450000.0,372475.0,429.26128683427953,12.0,12.0,6.0,1.0005029906394374,0.3333333333333333
2019-12-01,2020-02-29,Zip Code: 98126,Single Family Residential,617500.0,680000.0,360.44794978283255,58.0,56.0,22.0,0.9985900397745464,0.3103448275862069
2013-04-01,2013-06-30,Zip Code: 98105,Single Family Residential,705000.0,649000.0,289.8429951690821,106.0,117.0,24.0,1.0251742115953326,0.4811320754716981
2020-06-01,2020-08-31,Zip Code: 98199,Condo/Co-op,428000.0,425000.0,452.97385965301504,20.0,23.0,12.0,1.006109481705048,0.3499999999999999
2017-08-01,2017-10-31,Zip Code: 98199,All Residential,850000.0,839974.5,441.22720345653374,142.0,140.0,46.0,1.030381293135247,0.4929577464788732
2012-02-01,2012-04-30,Zip Code: 98133,Single Family Residential,265000.0,289900.0,152.2243699013759,86.0,113.0,53.0,0.9856199054715824,0.2674418604651162
2014-12-01,2015-02-28,Zip Code: 98146,All Residential,285475.0,265000.0,163.8060994628314,66.0,77.0,39.0,0.9825134819308948,0.1818181818181818
2022-07-01,2022-09-30,Zip Code: 98144,Townhouse,702000.0,699950.0,532.5443786982248,58.0,77.0,38.0,0.9941735257625052,0.2758620689655172
2019-09-01,2019-11-30,Zip Code: 98144,Single Family Residential,875000.0,797000.0,403.0176322418136,55.0,50.0,26.0,0.9878194604981884,0.2181818181818181
2022-12-01,2023-02-28,Zip Code: 98126,Townhouse,645000.0,621999.5,456.95500207757925,10.0,12.0,4.0,0.979359756582677,0.2
2021-09-01,2021-11-30,Zip Code: 98125,Condo/Co-op,355000.0,350000.0,365.97938144329896,29.0,26.0,4.0,1.0069540222886624,0.3448275862068965
2018-02-01,2018-04-30,Zip Code: 98126,Townhouse,580000.0,569000.0,382.0224719101124,15.0,25.0,5.0,1.0686047309213342,0.8
2017-08-01,2017-10-31,Zip Code: 98108,Single Family Residential,546500.0,549475.0,300.0202922077922,66.0,88.0,27.0,1.0267436467282596,0.4393939393939393
2018-08-01,2018-10-31,Zip Code: 98117,Single Family Residential,784500.0,795000.0,424.44603431828887,132.0,145.0,47.0,1.0191273781071268,0.4015151515151514
2022-08-01,2022-10-31,Zip Code: 98116,Condo/Co-op,642500.0,659500.0,598.7012987012987,36.0,28.0,15.0,0.9862442115365962,0.1944444444444444
2021-12-01,2022-02-28,Zip Code: 98178,Condo/Co-op,297750.0,279999.0,263.6022350270648,2.0,1.0,,1.035716198986425,0.5
2017-04-01,2017-06-30,Zip Code: 98116,Townhouse,649990.0,679990.0,426.1902286902287,27.0,29.0,11.0,1.0344366004462069,0.4814814814814814
2014-06-01,2014-08-31,Zip Code: 98125,Single Family Residential,430000.0,425000.0,241.19718309859155,125.0,131.0,52.0,1.026284823009468,0.504
2015-01-01,2015-03-31,Zip Code: 98102,Condo/Co-op,309000.0,392800.0,424.45328031809146,33.0,51.0,17.0,1.0220775745530024,0.3939393939393939
2019-12-01,2020-02-29,Zip Code: 98122,All Residential,730000.0,750000.0,581.3953488372093,101.0,105.0,50.0,0.9887943851649224,0.1881188118811881
2012-04-01,2012-06-30,Zip Code: 98102,Townhouse,475000.0,1305000.0,329.59326788218794,7.0,9.0,6.0,0.974530814489552,0.1428571428571428
2015-08-01,2015-10-31,Zip Code: 98119,Single Family Residential,793250.0,899500.0,368.5961412309473,40.0,42.0,15.0,1.013995205485584,0.325
2016-09-01,2016-11-30,Zip Code: 98108,Multi-Family (2-4 Unit),487500.0,485000.0,184.4209811606161,2.0,1.0,,0.9538297872340424,0.0
2018-03-01,2018-05-31,Zip Code: 98133,Single Family Residential,657375.0,615000.0,385.08040411286464,96.0,136.0,37.0,1.0914251352914683,0.7604166666666666
2014-09-01,2014-11-30,Zip Code: 98104,Condo/Co-op,440000.0,314450.0,393.43544857768046,19.0,16.0,12.0,0.975527247437391,0.1578947368421052
2016-08-01,2016-10-31,Zip Code: 98113,Single Family Residential,520000.0,520000.0,460.17699115044246,1.0,1.0,,1.0,0.0
2019-05-01,2019-07-31,Zip Code: 98106,All Residential,565000.0,555000.0,346.04997192588434,156.0,185.0,93.0,1.00005285088163,0.2564102564102563
2016-12-01,2017-02-28,Zip Code: 98133,Condo/Co-op,248250.0,225000.0,296.37504855758414,28.0,23.0,3.0,1.0146705802867804,0.4285714285714285
2023-01-01,2023-03-31,Zip Code: 98106,Single Family Residential,680000.0,715000.0,424.9390456287008,49.0,41.0,15.0,0.9919760743887712,0.2857142857142857
2023-09-01,2023-11-30,Zip Code: 98126,Condo/Co-op,377300.0,495000.0,499.6835860250495,12.0,9.0,6.0,0.9847583544046056,0.1666666666666666
2021-06-01,2021-08-31,Zip Code: 98194,All Residential,1500000.0,,859.5988538681949,1.0,,,0.970873786407767,0.0
2018-09-01,2018-11-30,Zip Code: 98117,Single Family Residential,795000.0,798000.0,423.6343366778149,119.0,127.0,47.0,1.0087792554445505,0.3445378151260504
2021-12-01,2022-02-28,Zip Code: 98125,Multi-Family (2-4 Unit),696000.0,995000.0,333.0143540669856,1.0,1.0,1.0,1.0,0.0
2023-11-01,2024-01-31,Zip Code: 98109,Condo/Co-op,612500.0,535000.0,605.7769393260713,20.0,20.0,16.0,0.9639943201929988,0.1499999999999999
2017-01-01,2017-03-31,Zip Code: 98116,Townhouse,614000.0,592475.0,425.6647020301244,33.0,32.0,4.0,1.0075862591398297,0.3333333333333333
2015-02-01,2015-04-30,Zip Code: 98107,Condo/Co-op,328000.0,350000.0,419.27083333333326,31.0,75.0,20.0,1.0386601550960406,0.5161290322580645
2018-06-01,2018-08-31,Zip Code: 98119,Townhouse,885000.0,986500.0,580.3571428571429,31.0,38.0,14.0,1.0133806277682291,0.2903225806451613
2017-06-01,2017-08-31,Zip Code: 98146,Multi-Family (2-4 Unit),476000.0,674975.0,176.9516728624535,1.0,2.0,1.0,1.0577777777777777,1.0
2014-03-01,2014-05-31,Zip Code: 98108,All Residential,312800.0,315000.0,200.0,77.0,83.0,36.0,0.9994441402606402,0.3376623376623376
2018-09-01,2018-11-30,Zip Code: 98199,Single Family Residential,1071250.0,1042500.0,423.1362820718839,84.0,84.0,32.0,0.9812370579663428,0.2142857142857142
2021-06-01,2021-08-31,Zip Code: 98136,Townhouse,630000.0,647500.0,488.3805374001452,19.0,28.0,5.0,1.0149324885715292,0.3684210526315789
2023-03-01,2023-05-31,Zip Code: 98133,Multi-Family (2-4 Unit),563000.0,1060000.0,360.8974358974359,1.0,4.0,2.0,0.9008,0.0
2019-06-01,2019-08-31,Zip Code: 98146,All Residential,505000.0,510000.0,312.8092145949289,106.0,116.0,59.0,1.005159958107206,0.3018867924528301
2021-04-01,2021-06-30,Zip Code: 98199,Condo/Co-op,389500.0,379000.0,442.00558596626007,30.0,32.0,13.0,1.0053692108512282,0.3333333333333333
2021-06-01,2021-08-31,Zip Code: 98105,All Residential,976750.0,927000.0,553.7045027625206,146.0,150.0,42.0,1.0395407323461956,0.4246575342465753
2015-12-01,2016-02-29,Zip Code: 98112,Condo/Co-op,391000.0,329950.0,515.1515151515151,11.0,15.0,6.0,1.0193461467477671,0.5454545454545454
2015-04-01,2015-06-30,Zip Code: 98117,Townhouse,461150.0,452500.0,359.3001443001443,16.0,12.0,1.0,1.0411600806404293,0.6875
2018-10-01,2018-12-31,Zip Code: 98105,Multi-Family (2-4 Unit),1362200.0,1495000.0,312.8464880366392,2.0,2.0,2.0,0.9046239554317548,0.0
2014-05-01,2014-07-31,Zip Code: 98118,Single Family Residential,379000.0,361250.0,206.59286186384668,127.0,164.0,90.0,1.0058463189487,0.4724409448818897
2016-08-01,2016-10-31,Zip Code: 98146,Condo/Co-op,170593.5,180000.0,184.1013289036545,10.0,11.0,6.0,1.0085081983014863,0.2999999999999999
2020-02-01,2020-04-30,Zip Code: 98109,Multi-Family (2-4 Unit),1100000.0,995000.0,406.45161290322574,3.0,1.0,2.0,1.0389955725486868,0.3333333333333333
2022-09-01,2022-11-30,Zip Code: 98112,Condo/Co-op,837000.0,872000.0,746.2238344178257,20.0,12.0,6.0,0.9831846828052216,0.1499999999999999
2021-04-01,2021-06-30,Zip Code: 98126,All Residential,670500.0,649995.0,432.16101694915255,169.0,203.0,46.0,1.0474220284168447,0.6035502958579881
2015-04-01,2015-06-30,Zip Code: 98118,Single Family Residential,435000.0,399000.0,225.68511552928533,167.0,180.0,63.0,1.0552262261808485,0.5808383233532934
2020-10-01,2020-12-31,Zip Code: 98125,Townhouse,493750.0,574950.0,396.83667147156257,14.0,18.0,15.0,0.9983870680299504,0.1428571428571428
2015-12-01,2016-02-29,Zip Code: 98199,All Residential,788000.0,699000.0,365.342996245577,96.0,77.0,29.0,1.0169559812499636,0.46875
2018-01-01,2018-03-31,Zip Code: 98146,Townhouse,264975.0,357475.0,225.4251155954533,4.0,2.0,2.0,1.0402134855210314,0.5
2019-07-01,2019-09-30,Zip Code: 98116,Single Family Residential,875000.0,889450.0,409.7963951935914,84.0,80.0,36.0,0.9946639344528064,0.2976190476190476
2015-09-01,2015-11-30,Zip Code: 98126,Townhouse,413500.0,359000.0,281.2657377874769,14.0,15.0,2.0,1.0309529554236423,0.7142857142857143
2022-01-01,2022-03-31,Zip Code: 98126,Condo/Co-op,433000.0,425000.0,499.16805324459233,17.0,21.0,2.0,1.057775616225067,0.7058823529411765
2021-01-01,2021-03-31,Zip Code: 98125,Townhouse,582475.0,649975.0,446.8687515596731,34.0,28.0,6.0,1.0068357184608787,0.1764705882352941
2017-02-01,2017-04-30,Zip Code: 98119,Single Family Residential,1200000.0,959475.0,472.22222222222223,29.0,56.0,20.0,1.0522137663336135,0.6551724137931034
2012-06-01,2012-08-31,Zip Code: 98126,Condo/Co-op,212475.0,206950.0,220.03825920612147,16.0,16.0,13.0,0.9734650157381892,0.0625
2014-05-01,2014-07-31,Zip Code: 98125,All Residential,400000.0,399975.0,230.4095537586104,160.0,176.0,61.0,1.0215870039471997,0.4749999999999999
2015-12-01,2016-02-29,Zip Code: 98108,Townhouse,380500.0,392500.0,291.25475285171103,14.0,13.0,1.0,1.02410713551296,0.7142857142857143
2015-10-01,2015-12-31,Zip Code: 98199,Single Family Residential,817000.0,840500.0,357.89473684210526,77.0,50.0,12.0,1.0235857044559051,0.5064935064935064
2015-03-01,2015-05-31,Zip Code: 98116,Townhouse,558000.0,567450.0,365.1724137931034,25.0,20.0,4.0,1.0142295086213118,0.4
2016-03-01,2016-05-31,Zip Code: 98177,Condo/Co-op,590000.0,559950.0,242.998352553542,3.0,4.0,1.0,1.0788871126893242,0.6666666666666666
2017-10-01,2017-12-31,Zip Code: 98115,Townhouse,747611.0,749000.0,528.3870858798794,18.0,13.0,2.0,1.0101266056504798,0.2222222222222222
2016-09-01,2016-11-30,Zip Code: 98109,Condo/Co-op,430000.0,425000.0,499.06612133606,72.0,52.0,8.0,1.0194820472360608,0.4305555555555555
2013-12-01,2014-02-28,Zip Code: 98115,Townhouse,371250.0,435000.0,270.883570452536,6.0,7.0,3.0,0.9884999180294394,0.1666666666666666
2017-03-01,2017-05-31,Zip Code: 98109,Townhouse,1089900.0,959444.0,656.968559361802,15.0,10.0,3.0,1.0367712710678114,0.5333333333333333
2015-11-01,2016-01-31,Zip Code: 98178,All Residential,325000.0,328750.0,189.7887323943662,81.0,56.0,31.0,0.9912884386605972,0.3209876543209876
2022-07-01,2022-09-30,Zip Code: 98106,All Residential,697000.0,675000.0,445.5314009661836,100.0,134.0,68.0,0.9975509182258198,0.33
2013-03-01,2013-05-31,Zip Code: 98125,All Residential,319100.0,339500.0,205.81983397807863,122.0,173.0,58.0,1.0082853467244526,0.4262295081967212
2014-02-01,2014-04-30,Zip Code: 98109,Multi-Family (2-4 Unit),775000.0,759000.0,259.1973244147157,1.0,1.0,,1.0210803689064558,1.0
2019-06-01,2019-08-31,Zip Code: 98105,Condo/Co-op,470000.0,485000.0,508.4745762711864,15.0,15.0,13.0,0.9920152091534838,0.4
2022-02-01,2022-04-30,Zip Code: 98116,Condo/Co-op,515000.0,595000.0,616.4383561643835,29.0,35.0,12.0,1.0298514485924075,0.4827586206896551
2012-05-01,2012-07-31,Zip Code: 98112,All Residential,635000.0,787000.0,307.706831635883,90.0,110.0,79.0,0.9808608216575568,0.2111111111111111
2021-10-01,2021-12-31,Zip Code: 98105,Townhouse,777000.0,837475.0,566.5703275529866,16.0,6.0,2.0,0.9935965050412376,0.1875
2021-10-01,2021-12-31,Zip Code: 98126,Multi-Family (2-4 Unit),995000.0,949950.0,319.935691318328,1.0,1.0,,1.0474235486078214,1.0
2013-12-01,2014-02-28,Zip Code: 98146,Multi-Family (2-4 Unit),297000.0,,103.125,1.0,,,0.8389830508474576,0.0
2017-07-01,2017-09-30,Zip Code: 98134,All Residential,380000.0,332500.0,339.1304347826087,5.0,4.0,1.0,0.9822158704975996,0.4
2017-03-01,2017-05-31,Zip Code: 98126,All Residential,531250.0,528769.5,355.9731752963194,126.0,162.0,24.0,1.0744729341200694,0.746031746031746
2012-05-01,2012-07-31,Zip Code: 98109,Condo/Co-op,270000.0,294500.0,332.52230332522305,65.0,61.0,41.0,0.989121659344077,0.2461538461538461
2023-02-01,2023-04-30,Zip Code: 98119,Multi-Family (2-4 Unit),880000.0,,584.1346153846154,3.0,,1.0,0.9964427933693007,0.3333333333333333
2021-04-01,2021-06-30,Zip Code: 98199,Multi-Family (2-4 Unit),780000.0,807000.0,719.1379310344828,3.0,6.0,2.0,0.9925474105578348,0.3333333333333333
2017-04-01,2017-06-30,Zip Code: 98105,Townhouse,751500.0,809000.0,489.2905462540165,4.0,10.0,3.0,1.0565868696637246,0.75
2015-09-01,2015-11-30,Zip Code: 98177,Single Family Residential,649950.0,597000.0,294.04466501240694,89.0,76.0,16.0,1.0117836334878931,0.449438202247191
2021-03-01,2021-05-31,Zip Code: 98133,Multi-Family (2-4 Unit),790000.0,804975.0,343.92598551890586,7.0,8.0,5.0,1.047246996558319,0.7142857142857143
2015-03-01,2015-05-31,Zip Code: 98122,Single Family Residential,635500.0,650000.0,325.20315941368574,56.0,69.0,20.0,1.0275825366214333,0.5357142857142857
2012-09-01,2012-11-30,Zip Code: 98112,Townhouse,428320.0,387000.0,309.1106290672451,3.0,2.0,1.0,0.9595872888898312,0.0
2020-04-01,2020-06-30,Zip Code: 98107,Single Family Residential,907500.0,889000.0,515.4902505730618,44.0,61.0,18.0,1.0078361092536656,0.4318181818181818
2022-03-01,2022-05-31,Zip Code: 98146,Condo/Co-op,350000.0,336250.0,383.9590443686007,7.0,12.0,1.0,1.087633512450792,0.8571428571428571
2018-04-01,2018-06-30,Zip Code: 98146,Townhouse,361000.0,275000.0,238.76121458523085,8.0,7.0,1.0,1.0332331218056567,0.625
2021-01-01,2021-03-31,Zip Code: 98177,Single Family Residential,950000.0,980000.0,465.55727554179566,50.0,63.0,6.0,1.0587847116533138,0.5
2023-06-01,2023-08-31,Zip Code: 98109,Single Family Residential,1755000.0,1687500.0,639.871382636656,23.0,28.0,5.0,1.026251221149958,0.4782608695652174
2015-07-01,2015-09-30,Zip Code: 98107,Multi-Family (2-4 Unit),776000.0,792475.0,296.42857142857144,13.0,6.0,,1.0296842720653403,0.6153846153846154
2017-06-01,2017-08-31,Zip Code: 98136,All Residential,639000.0,645000.0,399.673735725938,99.0,85.0,21.0,1.0430426865949691,0.5555555555555555
2020-08-01,2020-10-31,Zip Code: 98126,All Residential,662500.0,629000.0,395.8141584815807,194.0,205.0,74.0,1.007973080086375,0.3608247422680412
2012-06-01,2012-08-31,Zip Code: 98136,Condo/Co-op,178000.0,219386.0,178.4665991902834,4.0,6.0,5.0,0.9811958197213062,0.25
2015-03-01,2015-05-31,Zip Code: 98108,Multi-Family (2-4 Unit),364250.0,475000.0,126.69647100760456,2.0,1.0,1.0,0.9585407481154886,0.0
2013-05-01,2013-07-31,Zip Code: 98106,Multi-Family (2-4 Unit),306925.0,439950.0,167.36063581808264,4.0,5.0,3.0,0.9888378580228608,0.25
2023-08-01,2023-10-31,Zip Code: 98126,Multi-Family (2-4 Unit),1237500.0,1250000.0,312.9742033383915,1.0,1.0,,0.99,0.0
2013-04-01,2013-06-30,Zip Code: 98136,Condo/Co-op,228000.0,239950.0,242.17706716714187,12.0,14.0,8.0,0.969126678892946,0.0833333333333333
2021-08-01,2021-10-31,Zip Code: 98175,Single Family Residential,610000.0,600000.0,1694.4444444444443,1.0,1.0,1.0,1.0166666666666666,1.0
2023-03-01,2023-05-31,Zip Code: 98107,All Residential,812475.0,824950.0,597.6756424543464,122.0,147.0,41.0,0.995138995795154,0.2049180327868852
2014-07-01,2014-09-30,Zip Code: 98125,Multi-Family (2-4 Unit),478750.0,469475.0,188.92227564102564,2.0,2.0,4.0,0.9820334094505528,0.0
2020-09-01,2020-11-30,Zip Code: 98144,Townhouse,710000.0,712900.0,487.32394366197184,53.0,59.0,33.0,0.9955728388730316,0.150943396226415
2014-05-01,2014-07-31,Zip Code: 98177,Single Family Residential,590444.0,599000.0,249.8356120898805,82.0,127.0,58.0,1.0187427361808414,0.4878048780487804
2020-10-01,2020-12-31,Zip Code: 98119,Condo/Co-op,415000.0,472000.0,545.9176151690444,48.0,34.0,33.0,0.9866641518264496,0.1041666666666666
2014-03-01,2014-05-31,Zip Code: 98115,Townhouse,452500.0,425000.0,288.3295194508009,13.0,11.0,,1.0328403085847353,0.5384615384615384
2020-02-01,2020-04-30,Zip Code: 98106,Single Family Residential,608500.0,589000.0,384.500315258512,46.0,73.0,36.0,1.0293304073536185,0.5217391304347825
2012-12-01,2013-02-28,Zip Code: 98115,All Residential,424500.0,429000.0,235.53008595988533,131.0,127.0,43.0,0.9966029318283776,0.3587786259541984
2016-05-01,2016-07-31,Zip Code: 98126,Condo/Co-op,310000.0,300000.0,366.5977596741344,25.0,27.0,8.0,1.0147100933779472,0.56
2022-04-01,2022-06-30,Zip Code: 98107,Townhouse,1015000.0,899950.0,666.6666666666665,63.0,75.0,21.0,1.0416219667402815,0.5555555555555555
2018-05-01,2018-07-31,Zip Code: 98133,Multi-Family (2-4 Unit),802500.0,1122500.0,327.54777070063693,4.0,6.0,3.0,0.9810206607712358,0.0
2015-05-01,2015-07-31,Zip Code: 98106,Single Family Residential,375000.0,361750.0,226.3736263736264,107.0,100.0,36.0,1.0343835375364483,0.5700934579439251
2017-01-01,2017-03-31,Zip Code: 98104,Condo/Co-op,300000.0,517500.0,546.2962962962963,19.0,44.0,18.0,1.007574370622504,0.3157894736842105
2018-07-01,2018-09-30,Zip Code: 98122,Single Family Residential,998000.0,869900.0,496.7911702873161,50.0,69.0,36.0,1.0093869205632038,0.46
2023-04-01,2023-06-30,Zip Code: 98177,Single Family Residential,1138250.0,1260000.0,565.521978021978,60.0,78.0,18.0,1.0386436055721435,0.5166666666666667
2014-12-01,2015-02-28,Zip Code: 98115,Single Family Residential,593750.0,594000.0,291.4308176100629,78.0,73.0,25.0,1.0169282901860883,0.4102564102564102
2014-08-01,2014-10-31,Zip Code: 98117,Multi-Family (2-4 Unit),708580.0,868000.0,269.86710019571944,4.0,5.0,2.0,1.0058162578444236,0.5
2022-03-01,2022-05-31,Zip Code: 98115,Single Family Residential,1267723.0,1050000.0,655.2036199095022,167.0,201.0,26.0,1.155601492346224,0.7544910179640718
2020-07-01,2020-09-30,Zip Code: 98107,All Residential,772500.0,749000.0,544.9179974905524,178.0,211.0,79.0,1.0144922437712611,0.398876404494382
2015-05-01,2015-07-31,Zip Code: 98112,Multi-Family (2-4 Unit),1074500.0,1042500.0,394.2647218600608,2.0,2.0,2.0,1.0285071527457317,0.5
2021-12-01,2022-02-28,Zip Code: 98144,All Residential,756000.0,799990.0,560.6159895150721,125.0,135.0,28.0,1.028293911645478,0.4239999999999999
2022-06-01,2022-08-31,Zip Code: 98126,All Residential,740000.0,749900.0,492.3850574712644,122.0,141.0,45.0,1.0159603165106852,0.3770491803278688
2012-12-01,2013-02-28,Zip Code: 98136,Townhouse,387000.0,189900.0,233.27441886598405,4.0,1.0,4.0,0.9837668889884112,0.0
2017-02-01,2017-04-30,Zip Code: 98109,All Residential,725000.0,582000.0,578.0210816915547,78.0,102.0,20.0,1.050914444953307,0.5384615384615384
2017-08-01,2017-10-31,Zip Code: 98109,Multi-Family (2-4 Unit),1165000.0,2594262.5,475.5102040816327,3.0,2.0,2.0,0.9899567572871328,0.0
2023-03-01,2023-05-31,Zip Code: 98144,Townhouse,694475.0,704925.0,546.2580778444226,54.0,74.0,28.0,0.9951195715628436,0.1666666666666666
2016-06-01,2016-08-31,Zip Code: 98115,All Residential,697450.0,634000.0,347.6082571451026,250.0,248.0,43.0,1.0567761057730851,0.6079999999999999
2014-07-01,2014-09-30,Zip Code: 98107,Townhouse,519950.0,469495.0,348.22987644530286,32.0,40.0,11.0,1.0326034066491294,0.53125
2020-08-01,2020-10-31,Zip Code: 98106,Multi-Family (2-4 Unit),800000.0,850000.0,276.0115606936416,5.0,3.0,,0.97801369215789,0.2
2021-12-01,2022-02-28,Zip Code: 98133,All Residential,712500.0,750000.0,471.8586446745361,158.0,171.0,35.0,1.0545259662782511,0.5253164556962024
2017-05-01,2017-07-31,Zip Code: 98109,All Residential,617500.0,625000.0,595.8585858585859,125.0,131.0,24.0,1.075774329732561,0.656
2022-07-01,2022-09-30,Zip Code: 98122,Townhouse,890955.0,879950.0,623.5687022900763,32.0,61.0,37.0,0.9953856257573716,0.15625
2021-08-01,2021-10-31,Zip Code: 98107,Single Family Residential,1027500.0,1011940.0,597.3684210526316,56.0,50.0,10.0,1.0556216360795918,0.5535714285714286
2017-01-01,2017-03-31,Zip Code: 98136,Condo/Co-op,335000.0,438500.0,361.7415151254857,10.0,11.0,1.0,1.0410522677648175,0.5999999999999999
2022-06-01,2022-08-31,Zip Code: 98144,Townhouse,775000.0,699999.0,557.9710144927536,46.0,73.0,35.0,1.0117548062526096,0.4347826086956521
2023-07-01,2023-09-30,Zip Code: 98108,Multi-Family (2-4 Unit),789000.0,,391.5632754342432,1.0,,1.0,0.9874843554443052,0.0
2014-09-01,2014-11-30,Zip Code: 98109,All Residential,417000.0,459900.0,394.42330607880575,86.0,94.0,52.0,0.9979362566723624,0.3023255813953488
2018-07-01,2018-09-30,Zip Code: 98119,Multi-Family (2-4 Unit),875000.0,1110000.0,326.3692162417375,4.0,7.0,3.0,0.9156989750010588,0.0
2022-08-01,2022-10-31,Zip Code: 98199,Single Family Residential,1435000.0,1468000.0,589.292130794107,71.0,74.0,35.0,0.9809519307231293,0.2535211267605633
2017-07-01,2017-09-30,Zip Code: 98125,All Residential,600000.0,565000.0,360.2484472049689,165.0,183.0,41.0,1.067440296515449,0.6727272727272727
2022-05-01,2022-07-31,Zip Code: 98115,All Residential,947500.0,950000.0,592.2223173781489,306.0,315.0,75.0,1.051326451542297,0.5032679738562091
2022-02-01,2022-04-30,Zip Code: 98144,Multi-Family (2-4 Unit),833000.0,749970.0,311.37403758143546,4.0,4.0,1.0,1.0961075717814088,1.0
2013-02-01,2013-04-30,Zip Code: 98108,Condo/Co-op,250000.0,,208.3333333333333,1.0,,,0.8771929824561403,0.0
2023-04-01,2023-06-30,Zip Code: 98112,All Residential,1193250.0,1499000.0,685.536002700826,88.0,117.0,45.0,1.013073306538616,0.2954545454545454
2013-05-01,2013-07-31,Zip Code: 98102,Single Family Residential,910000.0,848000.0,316.58092599920855,25.0,25.0,13.0,0.9978282317257944,0.32
2016-10-01,2016-12-31,Zip Code: 98115,All Residential,670000.0,675000.0,369.5326124869201,230.0,134.0,22.0,1.0248895151881343,0.4739130434782608
2020-04-01,2020-06-30,Zip Code: 98199,Townhouse,780000.0,719000.0,495.4954954954955,15.0,23.0,5.0,1.0022131770432925,0.2666666666666666
2023-01-01,2023-03-31,Zip Code: 98109,Single Family Residential,1240000.0,1390000.0,601.9417475728155,13.0,18.0,7.0,0.994226494374684,0.3846153846153846
2016-12-01,2017-02-28,Zip Code: 98126,Townhouse,474750.0,509102.5,321.1308516774008,12.0,12.0,,1.0045520160480537,0.3333333333333333
2016-03-01,2016-05-31,Zip Code: 98118,Condo/Co-op,191000.0,225000.0,243.3285403142247,10.0,7.0,,1.0240407820483748,0.6999999999999998
2015-11-01,2016-01-31,Zip Code: 98125,All Residential,447500.0,435000.0,279.4866071428571,106.0,70.0,22.0,1.023757923030879,0.4528301886792452
2016-01-01,2016-03-31,Zip Code: 98133,Single Family Residential,447500.0,454500.0,267.4563884959924,74.0,100.0,21.0,1.0553536203989855,0.7162162162162162
2012-11-01,2013-01-31,Zip Code: 98118,Single Family Residential,255000.0,264925.0,157.4257425742574,113.0,90.0,69.0,1.0060761057323908,0.3716814159292035
2020-02-01,2020-04-30,Zip Code: 98104,All Residential,564500.0,653975.0,749.7431286925249,12.0,28.0,30.0,1.013603589303173,0.3333333333333333
2016-11-01,2017-01-31,Zip Code: 98102,Townhouse,746725.0,809990.0,494.6825045962977,12.0,12.0,,0.9914215152745854,0.25
2021-08-01,2021-10-31,Zip Code: 98115,All Residential,954000.0,875000.0,544.3786982248521,269.0,251.0,36.0,1.0476365379979184,0.4869888475836431
2014-01-01,2014-03-31,Zip Code: 98125,Condo/Co-op,144900.0,166250.0,156.81544028950543,11.0,19.0,10.0,0.9978127330089296,0.2727272727272727
2014-07-01,2014-09-30,Zip Code: 98177,Condo/Co-op,330000.0,340000.0,237.04414587332053,9.0,8.0,5.0,1.0014846067018104,0.3333333333333333
2022-01-01,2022-03-31,Zip Code: 98133,Multi-Family (2-4 Unit),1200000.0,955000.0,428.5996835443038,2.0,2.0,3.0,0.9979790030940926,0.5
2016-03-01,2016-05-31,Zip Code: 98109,Multi-Family (2-4 Unit),1184000.0,1142500.0,363.6070381231672,2.0,4.0,4.0,0.982962962962963,0.5
2020-09-01,2020-11-30,Zip Code: 98199,Multi-Family (2-4 Unit),775000.0,815000.0,391.4141414141414,3.0,6.0,4.0,0.9859067959754458,0.0
2016-09-01,2016-11-30,Zip Code: 98177,Single Family Residential,636250.0,645000.0,300.77225130890054,80.0,77.0,32.0,1.0140112729020987,0.4874999999999999
2022-04-01,2022-06-30,Zip Code: 98109,Townhouse,1250000.0,1200000.0,716.2977867203219,12.0,27.0,16.0,1.031596882690852,0.5
2016-01-01,2016-03-31,Zip Code: 98105,Single Family Residential,825000.0,824975.0,409.78593272171247,41.0,72.0,20.0,1.0670142944579373,0.6097560975609756
2017-08-01,2017-10-31,Zip Code: 98106,Townhouse,428625.0,460000.0,327.5688603001814,14.0,27.0,9.0,1.0405721424336951,0.6428571428571429
2013-05-01,2013-07-31,Zip Code: 98133,Townhouse,297000.0,299475.0,213.2067943456452,30.0,38.0,19.0,1.001282844042075,0.2999999999999999
2019-01-01,2019-03-31,Zip Code: 98146,All Residential,447450.0,499000.0,293.57649442755826,54.0,79.0,48.0,0.9759462094569512,0.2037037037037036
2013-06-01,2013-08-31,Zip Code: 98178,Townhouse,69000.0,175000.0,57.74058577405858,1.0,1.0,2.0,1.0,0.0
2019-02-01,2019-04-30,Zip Code: 98199,All Residential,913500.0,969950.0,471.356139520202,82.0,146.0,59.0,0.9988691724739732,0.2926829268292682
2015-04-01,2015-06-30,Zip Code: 98144,Multi-Family (2-4 Unit),819950.0,425000.0,248.4775641025641,4.0,3.0,3.0,0.941009834018934,0.25
2019-05-01,2019-07-31,Zip Code: 98125,Single Family Residential,674950.0,675000.0,386.0759493670886,107.0,136.0,55.0,1.0068890459676687,0.4205607476635513
2018-11-01,2019-01-31,Zip Code: 98105,Multi-Family (2-4 Unit),1524400.0,995000.0,312.37704918032784,1.0,1.0,3.0,0.8492479108635097,0.0
2016-02-01,2016-04-30,Zip Code: 98146,Single Family Residential,426500.0,404500.0,207.98319327731093,89.0,102.0,28.0,1.0147408336900827,0.4606741573033708
2020-03-01,2020-05-31,Zip Code: 98115,Townhouse,725000.0,749880.0,538.5150530627001,24.0,44.0,16.0,1.0119374819999924,0.375
2014-08-01,2014-10-31,Zip Code: 98133,Townhouse,323500.0,314975.0,230.23888520238887,26.0,26.0,12.0,1.0000689178682702,0.3461538461538461
2012-05-01,2012-07-31,Zip Code: 98119,Condo/Co-op,245000.0,269000.0,308.1570996978852,41.0,39.0,32.0,0.9948781082651444,0.2439024390243902
2023-12-01,2024-02-29,Zip Code: 98125,Single Family Residential,798000.0,945500.0,446.98418008889735,30.0,35.0,17.0,0.9808571691783023,0.2
2019-03-01,2019-05-31,Zip Code: 98109,All Residential,723000.0,638475.0,595.4638458236798,110.0,150.0,95.0,0.9873591033257056,0.1818181818181818
2015-07-01,2015-09-30,Zip Code: 98126,Multi-Family (2-4 Unit),575000.0,,256.69642857142856,1.0,,,1.0,0.0
2017-10-01,2017-12-31,Zip Code: 98107,Condo/Co-op,512000.0,485000.0,607.9408914728682,38.0,26.0,1.0,1.0555046278028035,0.7105263157894736
2021-08-01,2021-10-31,Zip Code: 98126,All Residential,663350.0,659000.0,458.002301700701,154.0,171.0,36.0,1.0316642562715637,0.5519480519480519
2014-11-01,2015-01-31,Zip Code: 98126,All Residential,388250.0,415000.0,245.63600485731632,98.0,57.0,44.0,0.9937993540391769,0.2653061224489796
2015-06-01,2015-08-31,Zip Code: 98199,Multi-Family (2-4 Unit),689950.0,639000.0,379.0934065934066,1.0,1.0,1.0,1.0147069637473345,1.0
2020-12-01,2021-02-28,Zip Code: 98177,Single Family Residential,935500.0,875000.0,444.47039043527,58.0,45.0,7.0,1.027785054475744,0.3620689655172413
2016-12-01,2017-02-28,Zip Code: 98119,Multi-Family (2-4 Unit),905000.0,1097500.0,322.06405693950177,1.0,4.0,2.0,1.0929951690821256,1.0
2019-11-01,2020-01-31,Zip Code: 98105,Multi-Family (2-4 Unit),947000.0,1148000.0,430.55976941747576,2.0,3.0,2.0,0.9307091520538746,0.0
2021-11-01,2022-01-31,Zip Code: 98125,All Residential,721000.0,725000.0,464.91925465838506,132.0,111.0,15.0,1.0344586621567184,0.4696969696969697
2015-06-01,2015-08-31,Zip Code: 98177,Single Family Residential,580000.0,597950.0,267.3945915492958,114.0,102.0,33.0,1.022032334710729,0.5263157894736841
2020-01-01,2020-03-31,Zip Code: 98125,Condo/Co-op,314000.0,325500.0,347.03391648706975,14.0,18.0,7.0,0.9894388398040967,0.2142857142857142
2013-09-01,2013-11-30,Zip Code: 98105,Townhouse,449950.0,465000.0,319.031007751938,9.0,13.0,4.0,1.0090940480736883,0.2222222222222222
2020-03-01,2020-05-31,Zip Code: 98112,Multi-Family (2-4 Unit),1190000.0,1635000.0,653.8461538461538,1.0,2.0,,0.9153846153846152,0.0
2016-10-01,2016-12-31,Zip Code: 98199,Single Family Residential,799975.0,820000.0,382.57994290370254,74.0,44.0,12.0,1.0069679666096685,0.4054054054054054
2017-10-01,2017-12-31,Zip Code: 98199,Townhouse,645000.0,779000.0,516.5791956567573,12.0,5.0,2.0,1.029646876493553,0.4166666666666666
2019-01-01,2019-03-31,Zip Code: 98109,Condo/Co-op,480000.0,499950.0,601.8363939899833,35.0,69.0,53.0,0.9775395570919172,0.2
2019-01-01,2019-03-31,Zip Code: 98199,Condo/Co-op,455000.0,409500.0,426.01575950205273,10.0,17.0,12.0,0.9717335995718068,0.0
2020-02-01,2020-04-30,Zip Code: 98108,Single Family Residential,634000.0,664950.0,335.33158486324464,45.0,44.0,18.0,1.0144230426311387,0.4
2013-10-01,2013-12-31,Zip Code: 98177,Single Family Residential,490000.0,519900.0,223.2142857142857,73.0,49.0,26.0,0.9841600228168637,0.1917808219178082
2012-05-01,2012-07-31,Zip Code: 98108,Single Family Residential,264975.0,264400.0,155.14384603199744,58.0,60.0,51.0,0.9818480447705776,0.3620689655172413
2013-04-01,2013-06-30,Zip Code: 98109,Single Family Residential,675000.0,740000.0,298.29545454545456,31.0,32.0,14.0,1.0135371051211317,0.4838709677419355
2020-09-01,2020-11-30,Zip Code: 98199,Townhouse,739950.0,755000.0,502.87769784172656,21.0,25.0,12.0,0.9990197660134132,0.1904761904761904
2021-09-01,2021-11-30,Zip Code: 98199,All Residential,1000000.0,1175000.0,541.6384563303993,129.0,95.0,15.0,1.0161673452705295,0.3875968992248062
2013-05-01,2013-07-31,Zip Code: 98109,Townhouse,492000.0,537475.0,308.3832335329341,11.0,12.0,5.0,0.9968039163051748,0.0909090909090909
2018-06-01,2018-08-31,Zip Code: 98178,Single Family Residential,474000.0,498950.0,276.5439185211351,116.0,138.0,71.0,1.0285978139113174,0.5344827586206896
2013-12-01,2014-02-28,Zip Code: 98115,Single Family Residential,540000.0,511250.0,258.62068965517244,87.0,92.0,28.0,1.011039104104827,0.4022988505747126
2022-09-01,2022-11-30,Zip Code: 98122,Multi-Family (2-4 Unit),900000.0,700000.0,337.4578177727784,3.0,1.0,1.0,0.9880793945917736,0.0
2017-08-01,2017-10-31,Zip Code: 98122,Multi-Family (2-4 Unit),817777.5,998000.0,473.2861476399212,4.0,11.0,7.0,1.0325072489959797,0.5
2016-07-01,2016-09-30,Zip Code: 98107,Single Family Residential,755000.0,739950.0,449.73544973544966,57.0,60.0,10.0,1.0494868972631926,0.543859649122807
2023-06-01,2023-08-31,Zip Code: 98126,Townhouse,625000.0,635000.0,486.7601246105919,19.0,19.0,9.0,0.9936733398628708,0.1052631578947368
2014-12-01,2015-02-28,Zip Code: 98105,Condo/Co-op,290000.0,339000.0,324.7241033358415,12.0,5.0,2.0,0.9830325508971756,0.3333333333333333
2013-06-01,2013-08-31,Zip Code: 98118,Townhouse,285000.0,267975.0,213.963963963964,15.0,12.0,14.0,1.0024851118692983,0.2666666666666666
2021-09-01,2021-11-30,Zip Code: 98133,Multi-Family (2-4 Unit),685000.0,1267500.0,377.2321428571428,3.0,4.0,4.0,0.9627077035649062,0.0
2023-02-01,2023-04-30,Zip Code: 98126,Multi-Family (2-4 Unit),661000.0,1049999.5,274.27385892116183,1.0,2.0,1.0,1.101668502780838,1.0
2018-12-01,2019-02-28,Zip Code: 98118,Condo/Co-op,289999.0,312475.0,368.9554707379135,3.0,2.0,1.0,0.9786107947379282,0.0
2015-04-01,2015-06-30,Zip Code: 98115,Single Family Residential,650000.0,591000.0,327.90758047767395,168.0,195.0,34.0,1.0807803089570056,0.7380952380952381
2019-03-01,2019-05-31,Zip Code: 98108,All Residential,596500.0,599000.0,350.6235514843836,84.0,143.0,65.0,1.0031152197216973,0.3452380952380952
2013-06-01,2013-08-31,Zip Code: 98105,Condo/Co-op,315000.0,264475.0,327.1889400921659,15.0,34.0,17.0,0.996975442276964,0.2
2023-04-01,2023-06-30,Zip Code: 98115,Townhouse,816250.0,799000.0,622.1918202764978,24.0,33.0,15.0,0.9896045002069834,0.2083333333333333
2015-06-01,2015-08-31,Zip Code: 98109,Single Family Residential,964350.0,1047500.0,418.58974358974353,28.0,20.0,9.0,1.0444500350053032,0.5714285714285714
2012-08-01,2012-10-31,Zip Code: 98146,All Residential,210000.0,255000.0,142.26923076923077,89.0,95.0,74.0,0.9883045148230598,0.247191011235955
2016-04-01,2016-06-30,Zip Code: 98116,All Residential,634750.0,634995.0,383.1309767599152,142.0,186.0,48.0,1.0378163024371965,0.5422535211267606
2023-11-01,2024-01-31,Zip Code: 98146,All Residential,625000.0,725000.0,356.687898089172,37.0,39.0,14.0,1.0011309567581652,0.2432432432432432
2014-09-01,2014-11-30,Zip Code: 98109,Multi-Family (2-4 Unit),710000.0,749000.0,355.0,1.0,3.0,1.0,0.9479305740987984,0.0
2014-11-01,2015-01-31,Zip Code: 98177,All Residential,569950.0,590650.0,218.90547263681592,47.0,36.0,33.0,0.9976926937514008,0.2978723404255319
2012-04-01,2012-06-30,Zip Code: 98108,Townhouse,261500.0,247900.0,189.61253091508647,7.0,7.0,6.0,0.9795525397127473,0.2857142857142857
2023-07-01,2023-09-30,Zip Code: 98107,All Residential,793500.0,859950.0,586.3838965142284,92.0,99.0,46.0,0.9949944714135196,0.1847826086956521
2014-06-01,2014-08-31,Zip Code: 98125,Condo/Co-op,177950.0,188975.0,197.9363699274269,20.0,20.0,11.0,0.99949810938558,0.2
2017-04-01,2017-06-30,Zip Code: 98109,All Residential,635000.0,666500.0,593.9716312056737,119.0,140.0,25.0,1.0839939533055318,0.680672268907563
2017-07-01,2017-09-30,Zip Code: 98118,Single Family Residential,575000.0,549000.0,326.62391971006406,168.0,171.0,66.0,1.043758160891787,0.5535714285714286
2017-06-01,2017-08-31,Zip Code: 98125,Single Family Residential,691500.0,635500.0,361.24281609195407,122.0,134.0,28.0,1.0821600813783068,0.7131147540983606
2019-12-01,2020-02-29,Zip Code: 98115,Townhouse,795000.0,749915.0,510.5140186915888,23.0,32.0,16.0,0.9978083782461457,0.1304347826086956
2018-10-01,2018-12-31,Zip Code: 98109,All Residential,820000.0,749750.0,598.5915492957746,71.0,78.0,64.0,0.9817256053063416,0.1267605633802816
2017-05-01,2017-07-31,Zip Code: 98177,All Residential,746500.0,699900.0,346.5716989066442,100.0,121.0,39.0,1.0531559818580425,0.65
2023-09-01,2023-11-30,Zip Code: 98136,All Residential,854285.0,899950.0,522.8,53.0,53.0,21.0,1.010338626877386,0.3584905660377358
2023-09-01,2023-11-30,Zip Code: 98108,All Residential,630000.0,679000.0,401.78571428571433,53.0,53.0,31.0,0.9899697029898163,0.3584905660377358
2022-09-01,2022-11-30,Zip Code: 98118,All Residential,699000.0,672500.0,412.5138427464009,97.0,120.0,77.0,0.9922306181032962,0.2783505154639175
2016-12-01,2017-02-28,Zip Code: 98133,All Residential,468000.0,458888.0,309.72906403940885,151.0,110.0,17.0,1.0283463864164133,0.5033112582781457
2018-09-01,2018-11-30,Zip Code: 98116,Condo/Co-op,419500.0,457000.0,495.9159859976663,19.0,32.0,13.0,0.9910755647225366,0.0526315789473684
2016-08-01,2016-10-31,Zip Code: 98108,Single Family Residential,439500.0,435500.0,272.2955442752397,70.0,77.0,23.0,1.0317646125503686,0.4428571428571428
2019-12-01,2020-02-29,Zip Code: 98105,All Residential,850000.0,899950.0,479.45205479452056,55.0,57.0,36.0,0.989639626194141,0.1454545454545454
2013-01-01,2013-03-31,Zip Code: 98105,Townhouse,378000.0,349950.0,302.8623188405797,5.0,7.0,3.0,0.9943672700099068,0.4
2013-08-01,2013-10-31,Zip Code: 98144,All Residential,419000.0,399950.0,267.175572519084,127.0,149.0,94.0,1.0012576963710662,0.3070866141732283
2018-04-01,2018-06-30,Zip Code: 98126,Multi-Family (2-4 Unit),1077500.0,727450.0,279.3245649398643,2.0,2.0,1.0,1.0192173305380852,0.5
2020-10-01,2020-12-31,Zip Code: 98105,Townhouse,778500.0,729450.0,568.6533573691929,18.0,20.0,10.0,0.9913636976396966,0.2222222222222222
2013-08-01,2013-10-31,Zip Code: 98126,All Residential,347827.5,349900.0,219.87612612612608,110.0,151.0,86.0,1.0014566016212367,0.3363636363636363
2016-09-01,2016-11-30,Zip Code: 98101,All Residential,607450.0,657450.0,754.6192252797731,188.0,50.0,13.0,1.0024082712976137,0.0744680851063829
2014-06-01,2014-08-31,Zip Code: 98119,Single Family Residential,850000.0,719000.0,385.6664632651082,46.0,45.0,18.0,1.0081958815081573,0.4565217391304347
2017-11-01,2018-01-31,Zip Code: 98199,Single Family Residential,980000.0,899000.0,437.4331550802139,53.0,33.0,15.0,1.0385874455193271,0.4150943396226415
2018-06-01,2018-08-31,Zip Code: 98177,Townhouse,430000.0,414975.0,330.7692307692308,1.0,4.0,3.0,1.0,0.0
2023-01-01,2023-03-31,Zip Code: 98122,All Residential,862500.0,775000.0,587.6914000547768,104.0,120.0,61.0,0.9997136991796536,0.1923076923076923
2012-03-01,2012-05-31,Zip Code: 98105,Condo/Co-op,251000.0,259888.0,259.30059523809524,9.0,25.0,20.0,0.9836815170551158,0.2222222222222222
2018-09-01,2018-11-30,Zip Code: 98177,Multi-Family (2-4 Unit),960000.0,,297.4091204878745,2.0,,1.0,0.9352962905038174,0.0
2014-05-01,2014-07-31,Zip Code: 98105,Single Family Residential,763101.0,722000.0,360.7843137254902,61.0,91.0,35.0,1.0300286356850057,0.4918032786885245
2017-08-01,2017-10-31,Zip Code: 98199,Townhouse,750500.0,672475.0,490.4014949102392,32.0,18.0,1.0,1.0252465650862357,0.5
2018-10-01,2018-12-31,Zip Code: 98199,Multi-Family (2-4 Unit),2143500.0,3000000.0,345.96774193548384,2.0,1.0,,0.9766666666666666,0.0
2019-01-01,2019-03-31,Zip Code: 98126,Condo/Co-op,440000.0,432500.0,381.2563543936093,19.0,20.0,11.0,0.9962390671725772,0.2105263157894736
2015-06-01,2015-08-31,Zip Code: 98122,Condo/Co-op,353000.0,339000.0,512.8205128205128,73.0,70.0,15.0,1.0566431525289797,0.6301369863013698
2017-09-01,2017-11-30,Zip Code: 98112,Single Family Residential,1285000.0,1300000.0,484.4044553772587,64.0,69.0,19.0,1.0217766186435002,0.453125
2022-06-01,2022-08-31,Zip Code: 98126,Single Family Residential,820000.0,799950.0,500.0,85.0,100.0,31.0,1.0265632170178027,0.4823529411764706
2020-02-01,2020-04-30,Zip Code: 98199,Townhouse,824250.0,744475.0,531.8680609911277,10.0,16.0,8.0,1.00731947205825,0.5
2022-03-01,2022-05-31,Zip Code: 98177,Condo/Co-op,695000.0,972450.0,466.3817158047586,2.0,4.0,1.0,1.0173990584290968,1.0
2016-05-01,2016-07-31,Zip Code: 98115,Single Family Residential,751250.0,699000.0,359.8867701026618,198.0,191.0,34.0,1.0734197954973408,0.6767676767676768
2019-09-01,2019-11-30,Zip Code: 98106,Multi-Family (2-4 Unit),775000.0,817500.0,376.2135922330097,1.0,2.0,1.0,0.9748427672955974,0.0
2018-08-01,2018-10-31,Zip Code: 98116,Condo/Co-op,545000.0,502000.0,538.8888888888889,19.0,36.0,19.0,1.0072083570697246,0.3157894736842105
2023-09-01,2023-11-30,Zip Code: 98112,Townhouse,899800.0,799000.0,661.6176470588235,5.0,7.0,1.0,0.9743297988241184,0.0
2019-06-01,2019-08-31,Zip Code: 98108,Multi-Family (2-4 Unit),600000.0,625000.0,297.029702970297,1.0,3.0,2.0,0.96,0.0
2020-10-01,2020-12-31,Zip Code: 98177,Townhouse,560000.0,575000.0,363.36251224662414,8.0,7.0,2.0,0.9966543273832444,0.125
2017-02-01,2017-04-30,Zip Code: 98199,All Residential,765000.0,822000.0,447.5308641975309,117.0,160.0,48.0,1.0430901089548144,0.5811965811965812
2015-06-01,2015-08-31,Zip Code: 98126,Single Family Residential,460000.0,449950.0,276.4612954186414,109.0,105.0,24.0,1.0432802306525322,0.5963302752293577
2014-06-01,2014-08-31,Zip Code: 98146,Townhouse,110250.0,189525.0,108.72781065088758,1.0,3.0,7.0,1.0,0.0
2013-05-01,2013-07-31,Zip Code: 98119,Condo/Co-op,296750.0,275000.0,365.51840951343377,42.0,57.0,34.0,0.9967143134590952,0.2857142857142857
2021-02-01,2021-04-30,Zip Code: 98107,Townhouse,775000.0,790000.0,563.2186752454013,86.0,81.0,6.0,1.0203955633906263,0.3720930232558139
2015-11-01,2016-01-31,Zip Code: 98105,Townhouse,478500.0,602475.0,443.9254385964912,2.0,2.0,1.0,1.0060996114468357,0.5
2016-05-01,2016-07-31,Zip Code: 98144,All Residential,599000.0,579475.0,371.75572519083966,151.0,190.0,60.0,1.0364982303864854,0.5165562913907285
2012-05-01,2012-07-31,Zip Code: 98126,Multi-Family (2-4 Unit),335000.0,337000.0,152.1486643437863,2.0,2.0,,0.959837019790454,0.0
2023-01-01,2023-03-31,Zip Code: 98177,Condo/Co-op,701250.0,639950.0,490.0702081696779,4.0,3.0,,0.9996737367147918,0.5
2017-02-01,2017-04-30,Zip Code: 98119,All Residential,807475.0,750000.0,523.0704322246149,92.0,135.0,34.0,1.0441658908690916,0.5978260869565217
2014-04-01,2014-06-30,Zip Code: 98199,Townhouse,467000.0,479000.0,298.8640164201055,14.0,15.0,5.0,1.005601012839144,0.2857142857142857
2013-09-01,2013-11-30,Zip Code: 98177,Single Family Residential,490000.0,497000.0,226.25698324022343,75.0,76.0,40.0,0.9877324941551946,0.2399999999999999
2013-03-01,2013-05-31,Zip Code: 98106,Single Family Residential,250000.0,270000.0,171.05263157894737,71.0,91.0,52.0,0.997329171255843,0.380281690140845
2016-03-01,2016-05-31,Zip Code: 98199,Condo/Co-op,299250.0,299485.0,348.33199349328373,18.0,16.0,6.0,1.0480411345727867,0.5555555555555555
2012-02-01,2012-04-30,Zip Code: 98126,Townhouse,249975.0,249970.0,179.40204288795837,14.0,20.0,11.0,0.9856274078765684,0.3571428571428571
2017-05-01,2017-07-31,Zip Code: 98116,Townhouse,669990.0,665000.0,426.9589659851525,24.0,27.0,4.0,1.0283571982195,0.4583333333333333
2021-09-01,2021-11-30,Zip Code: 98109,Townhouse,955000.0,1224975.0,684.9792099792099,13.0,6.0,5.0,0.9943838764223436,0.1538461538461538
2023-09-01,2023-11-30,Zip Code: 98125,Townhouse,652000.0,660000.0,464.5609128817199,6.0,5.0,4.0,1.0041451442139553,0.3333333333333333
2020-12-01,2021-02-28,Zip Code: 98117,Condo/Co-op,509000.0,512500.0,576.9984156704595,4.0,6.0,2.0,0.9883841693149428,0.0
2018-07-01,2018-09-30,Zip Code: 98115,Condo/Co-op,425000.0,404000.0,454.7872340425532,17.0,36.0,22.0,1.0061691798955588,0.5294117647058822
2020-07-01,2020-09-30,Zip Code: 98117,Townhouse,719000.0,699990.0,480.2325581395349,31.0,33.0,11.0,1.0104646786694909,0.4193548387096774
2019-05-01,2019-07-31,Zip Code: 98112,Townhouse,852000.0,836950.0,641.9213973799127,19.0,26.0,7.0,0.9967929527814724,0.263157894736842
2022-02-01,2022-04-30,Zip Code: 98122,Townhouse,872500.0,874975.0,654.9429551886267,52.0,64.0,13.0,1.043023285183262,0.4807692307692307
2021-06-01,2021-08-31,Zip Code: 98177,Single Family Residential,1090000.0,992750.0,490.1840490797546,101.0,102.0,16.0,1.06896995883213,0.6138613861386139
2022-12-01,2023-02-28,Zip Code: 98177,Townhouse,604500.0,629950.0,542.2859008537944,8.0,9.0,5.0,1.000338312400806,0.375
2020-12-01,2021-02-28,Zip Code: 98146,All Residential,522500.0,530000.0,318.97357340909866,94.0,75.0,13.0,1.007322103077358,0.4468085106382978
2016-07-01,2016-09-30,Zip Code: 98146,Condo/Co-op,169950.0,185000.0,189.6312292358804,9.0,13.0,4.0,1.0298739740887386,0.4444444444444444
2022-08-01,2022-10-31,Zip Code: 98105,All Residential,1200000.0,1150000.0,593.9899833055092,89.0,103.0,65.0,0.9849692839576352,0.2584269662921348
2016-10-01,2016-12-31,Zip Code: 98126,Condo/Co-op,274000.0,235000.0,323.4649122807017,17.0,9.0,2.0,1.0164936690360988,0.4117647058823529
2021-02-01,2021-04-30,Zip Code: 98108,Single Family Residential,675000.0,655000.0,363.6363636363636,65.0,72.0,13.0,1.0444054837682315,0.5999999999999999
2013-08-01,2013-10-31,Zip Code: 98146,Single Family Residential,322500.0,299000.0,186.0655737704918,87.0,116.0,93.0,0.9923327993799362,0.3218390804597701
2023-05-01,2023-07-31,Zip Code: 98126,Townhouse,618875.0,645000.0,495.29748706577976,20.0,24.0,9.0,1.009327396646151,0.2
2013-07-01,2013-09-30,Zip Code: 98104,All Residential,357500.0,368000.0,355.71428571428567,23.0,17.0,17.0,0.9925248955204936,0.3478260869565217
2018-02-01,2018-04-30,Zip Code: 98108,Multi-Family (2-4 Unit),630475.0,649990.0,295.1433049708912,2.0,1.0,,1.123855751626948,0.5
2023-06-01,2023-08-31,Zip Code: 98107,Single Family Residential,1224000.0,1129000.0,528.4810126582279,29.0,26.0,6.0,1.0055776095739346,0.3103448275862069
2016-12-01,2017-02-28,Zip Code: 98122,Multi-Family (2-4 Unit),1087500.0,1150000.0,307.16194173658226,6.0,4.0,,1.0517701311167833,0.3333333333333333
2020-10-01,2020-12-31,Zip Code: 98146,Townhouse,209000.0,383975.0,394.33962264150944,1.0,2.0,,1.0,0.0
2021-12-01,2022-02-28,Zip Code: 98108,Multi-Family (2-4 Unit),882000.0,900000.0,272.8960396039604,1.0,1.0,,0.98,0.0
2017-09-01,2017-11-30,Zip Code: 98105,Townhouse,800000.0,749000.0,547.2222222222222,11.0,8.0,,0.9957514650415076,0.1818181818181818
2020-08-01,2020-10-31,Zip Code: 98125,Townhouse,569000.0,569000.0,424.72375690607737,13.0,19.0,18.0,1.0170986334977052,0.4615384615384615
2016-11-01,2017-01-31,Zip Code: 98115,All Residential,670000.0,729500.0,375.9854457246816,171.0,117.0,24.0,1.023315773157932,0.4385964912280701
2017-08-01,2017-10-31,Zip Code: 98118,All Residential,550000.0,505000.0,327.26363665688206,178.0,178.0,68.0,1.040233500620776,0.5224719101123596
2019-01-01,2019-03-31,Zip Code: 98115,Condo/Co-op,346500.0,418500.0,394.1258864959568,20.0,30.0,13.0,0.9819021889404652,0.1499999999999999
2014-07-01,2014-09-30,Zip Code: 98106,Single Family Residential,315000.0,313475.0,182.8571428571429,83.0,88.0,47.0,0.9986055813204274,0.3734939759036144
2023-09-01,2023-11-30,Zip Code: 98118,Condo/Co-op,364428.0,390000.0,456.9798094469252,2.0,7.0,9.0,0.9664589307271614,0.5
2015-11-01,2016-01-31,Zip Code: 98107,Single Family Residential,679475.0,714475.0,387.01201201201206,20.0,28.0,11.0,1.0740295517081684,0.65
2014-06-01,2014-08-31,Zip Code: 98107,Single Family Residential,554600.0,549950.0,310.94890510948903,49.0,49.0,12.0,1.0341843861954694,0.5714285714285714
2020-07-01,2020-09-30,Zip Code: 98126,Multi-Family (2-4 Unit),630000.0,1024999.5,357.95454545454544,1.0,4.0,4.0,0.9012875536480686,0.0
2023-03-01,2023-05-31,Zip Code: 98144,Condo/Co-op,437500.0,562000.0,626.1252446183953,11.0,20.0,12.0,0.9956001683780228,0.0909090909090909
2012-02-01,2012-04-30,Zip Code: 98125,Single Family Residential,357500.0,359475.0,186.35470268724987,60.0,80.0,51.0,0.9745199221034404,0.2333333333333333
2015-09-01,2015-11-30,Zip Code: 98102,Townhouse,824000.0,849950.0,497.677504976775,17.0,19.0,4.0,0.9963771138702242,0.1176470588235294
2023-02-01,2023-04-30,Zip Code: 98146,Single Family Residential,690000.0,744999.5,377.5133360689373,65.0,70.0,16.0,1.0279889837051466,0.4615384615384615
2020-12-01,2021-02-28,Zip Code: 98133,Single Family Residential,680000.0,675000.0,403.22580645161287,117.0,89.0,12.0,1.0343701967524734,0.5128205128205127
2016-05-01,2016-07-31,Zip Code: 98133,Condo/Co-op,216889.0,240000.0,290.7202216066482,41.0,49.0,11.0,1.0349451396561222,0.5121951219512195
2020-08-01,2020-10-31,Zip Code: 98144,All Residential,749975.0,727000.0,477.5880256074494,154.0,204.0,79.0,1.0158136944922236,0.3961038961038961
2019-05-01,2019-07-31,Zip Code: 98146,All Residential,500000.0,510000.0,308.4648493543759,109.0,128.0,57.0,1.0043090395555294,0.3394495412844036
2014-11-01,2015-01-31,Zip Code: 98116,Townhouse,454054.0,529500.0,303.5894373673036,22.0,17.0,6.0,0.9940368376990544,0.0454545454545454
2022-12-01,2023-02-28,Zip Code: 98177,Condo/Co-op,560000.0,719950.0,485.0746268656716,3.0,2.0,,1.0048643370189465,0.6666666666666666
2021-03-01,2021-05-31,Zip Code: 98105,Townhouse,866000.0,853000.0,584.0,17.0,28.0,5.0,1.0085117079707373,0.4117647058823529
2021-08-01,2021-10-31,Zip Code: 98118,Multi-Family (2-4 Unit),1125000.0,850000.0,310.0230854680733,4.0,3.0,1.0,0.9736842105263158,0.0
2022-03-01,2022-05-31,Zip Code: 98126,Condo/Co-op,436450.0,362500.0,506.9716635610101,26.0,28.0,6.0,1.0597222944509477,0.7307692307692307
2022-11-01,2023-01-31,Zip Code: 98108,Townhouse,600000.0,587500.0,465.87926509186354,15.0,12.0,6.0,0.9891618150571868,0.1333333333333333
2016-04-01,2016-06-30,Zip Code: 98117,Townhouse,617475.0,649950.0,433.65,20.0,23.0,4.0,1.0280176080775896,0.5
2021-06-01,2021-08-31,Zip Code: 98102,All Residential,650000.0,799950.0,627.7278562259307,152.0,141.0,61.0,0.9934647516260436,0.1907894736842105
2021-03-01,2021-05-31,Zip Code: 98126,All Residential,682650.0,629475.0,439.3401951368881,164.0,194.0,42.0,1.0524606880806384,0.6158536585365852
2015-10-01,2015-12-31,Zip Code: 98115,All Residential,590500.0,586800.0,332.3424721407624,180.0,101.0,12.0,1.0335541836842892,0.5333333333333333
2019-06-01,2019-08-31,Zip Code: 98106,Single Family Residential,604500.0,569000.0,351.6067266067266,114.0,111.0,60.0,1.0025110158340913,0.2719298245614035
2022-07-01,2022-09-30,Zip Code: 98108,Single Family Residential,703000.0,756800.0,384.61538461538464,48.0,63.0,29.0,0.9828551654576544,0.3125
2012-12-01,2013-02-28,Zip Code: 98178,All Residential,209000.0,237800.0,122.35902577395215,64.0,85.0,69.0,0.9991967448953126,0.296875
2017-11-01,2018-01-31,Zip Code: 98105,Condo/Co-op,445468.5,400000.0,614.4598460033665,10.0,13.0,2.0,1.0457352091583525,0.5999999999999999
2017-12-01,2018-02-28,Zip Code: 98108,Multi-Family (2-4 Unit),583000.0,554475.0,236.704520137634,4.0,2.0,,1.0178976449508328,0.5
2021-08-01,2021-10-31,Zip Code: 98199,All Residential,996400.0,1099000.0,541.637779282329,153.0,120.0,23.0,1.017145149075935,0.3790849673202614
2017-10-01,2017-12-31,Zip Code: 98105,Single Family Residential,972500.0,979000.0,461.3011395508119,60.0,45.0,7.0,1.043305553120622,0.5666666666666667
2012-02-01,2012-04-30,Zip Code: 98118,All Residential,232500.0,269950.0,136.7924528301887,119.0,176.0,140.0,0.972776126504888,0.226890756302521
2022-12-01,2023-02-28,Zip Code: 98133,All Residential,675000.0,700000.0,433.9638189785552,96.0,114.0,64.0,0.9919715068253168,0.25
2021-12-01,2022-02-28,Zip Code: 98109,All Residential,611250.0,625000.0,623.5366237632264,84.0,68.0,25.0,1.0045536498033076,0.3452380952380952
2012-12-01,2013-02-28,Zip Code: 98134,All Residential,204500.0,199950.0,174.3048970560987,2.0,1.0,2.0,0.9641942309834056,0.0
2015-10-01,2015-12-31,Zip Code: 98105,Single Family Residential,862160.0,860000.0,396.60493827160496,47.0,37.0,13.0,1.0074492827792565,0.3617021276595744
2023-04-01,2023-06-30,Zip Code: 98108,Townhouse,583750.0,625000.0,495.0783644246068,8.0,13.0,10.0,0.9956050466764752,0.375
2023-03-01,2023-05-31,Zip Code: 98199,All Residential,1050000.0,1182500.0,585.6766365061535,78.0,116.0,40.0,1.0038929808290311,0.3205128205128205
2018-11-01,2019-01-31,Zip Code: 98109,Townhouse,878000.0,985000.0,598.5915492957746,11.0,8.0,8.0,0.973741930149243,0.0909090909090909
2012-11-01,2013-01-31,Zip Code: 98119,Multi-Family (2-4 Unit),797500.0,922500.0,246.5124077800134,4.0,2.0,1.0,0.9303259623844288,0.0
2013-01-01,2013-03-31,Zip Code: 98199,Townhouse,379550.0,449500.0,253.78378378378372,5.0,17.0,6.0,0.9951845774205628,0.4
2023-06-01,2023-08-31,Zip Code: 98177,Single Family Residential,1180000.0,1100000.0,504.94236349751816,68.0,69.0,16.0,1.030906729407512,0.5147058823529411
2016-02-01,2016-04-30,Zip Code: 98146,Condo/Co-op,148650.0,180000.0,152.0546672277158,4.0,5.0,4.0,1.0187975687103594,0.5
2012-03-01,2012-05-31,Zip Code: 98116,Townhouse,279000.0,349000.0,212.2207621550592,9.0,7.0,3.0,0.9841213958518094,0.1111111111111111
2020-02-01,2020-04-30,Zip Code: 98133,Townhouse,545000.0,560000.0,394.356005788712,27.0,33.0,13.0,1.0007934023072873,0.2962962962962962
2020-09-01,2020-11-30,Zip Code: 98112,All Residential,1095000.0,1199900.0,601.2658227848101,145.0,130.0,58.0,1.000081860851988,0.2827586206896551
2017-07-01,2017-09-30,Zip Code: 98177,Single Family Residential,694000.0,679950.0,332.66456042589186,86.0,89.0,28.0,1.0336295609504966,0.5232558139534884
2015-03-01,2015-05-31,Zip Code: 98107,Condo/Co-op,322250.0,349900.0,420.6226778131634,36.0,79.0,23.0,1.0355350455819323,0.5277777777777777
2021-08-01,2021-10-31,Zip Code: 98125,All Residential,752500.0,737500.0,458.4553846153846,177.0,176.0,30.0,1.0530417441534947,0.5423728813559322
2023-12-01,2024-02-29,Zip Code: 98178,Townhouse,672000.0,832750.0,373.4439834024896,3.0,2.0,1.0,0.9842229701392384,0.0
2020-07-01,2020-09-30,Zip Code: 98109,Multi-Family (2-4 Unit),1337000.0,1495000.0,537.7861721611722,2.0,3.0,4.0,0.9263467019983196,0.0
2023-12-01,2024-02-29,Zip Code: 98102,Townhouse,917500.0,1038000.0,639.1349621960974,6.0,19.0,11.0,0.9625216345365214,0.0
2017-03-01,2017-05-31,Zip Code: 98146,Condo/Co-op,185000.0,129900.0,221.8430034129693,9.0,9.0,1.0,1.05054026632863,0.6666666666666666
2023-04-01,2023-06-30,Zip Code: 98115,Single Family Residential,1125000.0,1149950.0,555.5555555555555,141.0,134.0,33.0,1.0417822229210345,0.5319148936170212
2013-12-01,2014-02-28,Zip Code: 98134,Condo/Co-op,1015000.0,199900.0,554.5454545454545,2.0,3.0,1.0,0.9668073136427566,0.5
2018-04-01,2018-06-30,Zip Code: 98108,All Residential,650000.0,596930.0,410.03894784375706,84.0,124.0,53.0,1.0642089049225003,0.619047619047619
2015-05-01,2015-07-31,Zip Code: 98106,Townhouse,327500.0,312475.0,224.19946103650253,52.0,50.0,7.0,1.0286902047186206,0.5576923076923077
2014-03-01,2014-05-31,Zip Code: 98108,Townhouse,314750.0,299950.0,224.32261314743204,16.0,18.0,7.0,1.002621927136805,0.1875
2023-10-01,2023-12-31,Zip Code: 98125,Single Family Residential,756500.0,830000.0,443.69823782863335,46.0,37.0,13.0,0.9943085083427468,0.3913043478260869
2016-09-01,2016-11-30,Zip Code: 98133,Townhouse,405000.0,425000.0,317.7463201409596,22.0,22.0,7.0,1.017522291377586,0.5909090909090909
2023-05-01,2023-07-31,Zip Code: 98126,All Residential,725000.0,699950.0,486.4021989751708,100.0,119.0,32.0,1.0191667554147523,0.4299999999999999
2015-01-01,2015-03-31,Zip Code: 98177,Condo/Co-op,284500.0,174900.0,201.77124975669648,2.0,1.0,1.0,0.992880172822283,0.5
2012-01-01,2012-03-31,Zip Code: 98178,Condo/Co-op,73000.0,94425.0,66.36363636363636,3.0,2.0,4.0,0.90185343021828,0.3333333333333333
2021-12-01,2022-02-28,Zip Code: 98177,Condo/Co-op,725000.0,665000.0,425.71931884908986,5.0,2.0,,1.001870300998003,0.4
2015-04-01,2015-06-30,Zip Code: 98177,Townhouse,525000.0,399950.0,251.9193857965451,3.0,7.0,2.0,1.0159014962293236,0.6666666666666666
2022-02-01,2022-04-30,Zip Code: 98105,Condo/Co-op,487500.0,449500.0,598.716619134042,18.0,23.0,5.0,1.0146009874599364,0.4444444444444444
2022-05-01,2022-07-31,Zip Code: 98199,Condo/Co-op,390000.0,465000.0,521.2006079027356,25.0,28.0,10.0,1.0233081990902213,0.44
2023-07-01,2023-09-30,Zip Code: 98122,Townhouse,759950.0,807950.0,620.4773019859443,28.0,42.0,21.0,0.9901885948865192,0.1428571428571428
2017-04-01,2017-06-30,Zip Code: 98199,Multi-Family (2-4 Unit),1000000.0,1000000.0,430.1075268817205,3.0,5.0,1.0,0.9473684210526316,0.0
2012-12-01,2013-02-28,Zip Code: 98125,All Residential,333000.0,299950.0,188.1081081081081,87.0,84.0,45.0,0.9934056748528368,0.2873563218390804
2021-02-01,2021-04-30,Zip Code: 98112,All Residential,1336500.0,1295000.0,657.7480490523968,131.0,176.0,54.0,1.0229392919625824,0.4274809160305343
2012-05-01,2012-07-31,Zip Code: 98115,Condo/Co-op,169950.0,174500.0,177.68595041322314,23.0,23.0,24.0,0.9780912006709724,0.0869565217391304
2018-07-01,2018-09-30,Zip Code: 98122,Multi-Family (2-4 Unit),954750.0,1322500.0,449.9979809400744,6.0,4.0,1.0,0.999129907197059,0.3333333333333333
2012-01-01,2012-03-31,Zip Code: 98105,Single Family Residential,662500.0,599500.0,271.42938237965484,36.0,56.0,21.0,0.976862885420206,0.1944444444444444
2016-02-01,2016-04-30,Zip Code: 98177,Condo/Co-op,340000.0,535000.0,242.998352553542,3.0,5.0,2.0,1.0703306798842658,0.6666666666666666
2020-12-01,2021-02-28,Zip Code: 98136,Multi-Family (2-4 Unit),1100000.0,1997500.0,401.4598540145985,1.0,2.0,1.0,0.9205020920502092,0.0
2016-12-01,2017-02-28,Zip Code: 98199,Multi-Family (2-4 Unit),745950.0,739475.0,223.33832335329345,1.0,2.0,2.0,0.962516129032258,0.0
2020-07-01,2020-09-30,Zip Code: 98146,Single Family Residential,600000.0,565000.0,329.93197278911566,109.0,112.0,36.0,1.016108218946647,0.4495412844036697
2016-10-01,2016-12-31,Zip Code: 98125,Single Family Residential,528750.0,516975.0,300.103021978022,102.0,56.0,9.0,1.0181204486280937,0.3823529411764705
2012-11-01,2013-01-31,Zip Code: 98136,Multi-Family (2-4 Unit),482500.0,769900.0,156.48674242424244,2.0,1.0,1.0,0.9901960784313724,0.0
2023-02-01,2023-04-30,Zip Code: 98106,All Residential,625000.0,640000.0,452.8061224489796,99.0,97.0,45.0,1.0019939480872069,0.303030303030303
2022-08-01,2022-10-31,Zip Code: 98117,All Residential,920000.0,898000.0,557.9710144927536,183.0,195.0,79.0,0.9986662369014208,0.2950819672131147
2013-05-01,2013-07-31,Zip Code: 98115,Multi-Family (2-4 Unit),614600.0,632000.0,255.80906828685,4.0,4.0,1.0,0.99015516946982,0.25
2017-05-01,2017-07-31,Zip Code: 98125,Condo/Co-op,300975.0,282444.0,321.2007542325283,26.0,24.0,6.0,1.1117526606287909,0.8461538461538461
2019-07-01,2019-09-30,Zip Code: 98118,Condo/Co-op,317000.0,328750.0,386.869408907904,6.0,6.0,6.0,0.9708191070850712,0.0
2019-12-01,2020-02-29,Zip Code: 98125,All Residential,605000.0,599950.0,356.55737704918033,95.0,67.0,31.0,0.996434764151376,0.2947368421052631
2021-11-01,2022-01-31,Zip Code: 98177,Townhouse,672500.0,650000.0,471.7197659057866,4.0,1.0,,1.0133072809543398,0.5
2018-08-01,2018-10-31,Zip Code: 98115,Single Family Residential,855000.0,850000.0,434.0,161.0,188.0,68.0,1.0034325582057293,0.3167701863354037
2023-08-01,2023-10-31,Zip Code: 98122,Townhouse,816000.0,824950.0,618.3091787439613,31.0,45.0,26.0,0.9917227436382052,0.2580645161290322
2018-10-01,2018-12-31,Zip Code: 98177,Condo/Co-op,265000.0,409950.0,257.60869565217394,3.0,5.0,4.0,0.974639461778602,0.0
2022-03-01,2022-05-31,Zip Code: 98136,Multi-Family (2-4 Unit),1285000.0,1100000.0,346.266017944274,2.0,3.0,2.0,0.9833333333333332,0.0
2018-07-01,2018-09-30,Zip Code: 98112,Single Family Residential,1310000.0,1349000.0,556.6037735849056,75.0,74.0,44.0,1.013487874719166,0.3599999999999999
2018-02-01,2018-04-30,Zip Code: 98109,Single Family Residential,1275000.0,1175000.0,504.8580786026201,14.0,26.0,8.0,1.0147083777069257,0.5
2012-11-01,2013-01-31,Zip Code: 98125,Single Family Residential,350000.0,350000.0,193.5693188822684,70.0,49.0,28.0,0.995315801047242,0.2857142857142857
2022-03-01,2022-05-31,Zip Code: 98115,Townhouse,899975.0,799950.0,630.3077933921279,40.0,57.0,13.0,1.0294335422673826,0.3499999999999999
2020-11-01,2021-01-31,Zip Code: 98126,Single Family Residential,650000.0,665000.0,412.1951219512195,111.0,84.0,14.0,1.0123780627036787,0.4054054054054054
2019-05-01,2019-07-31,Zip Code: 98109,Townhouse,959975.0,1015000.0,647.2712329461193,14.0,14.0,7.0,0.9825577197342584,0.0714285714285714
2020-08-01,2020-10-31,Zip Code: 98119,Multi-Family (2-4 Unit),875000.0,1162475.0,465.2500906125408,4.0,8.0,7.0,0.999616342910061,0.5
2022-11-01,2023-01-31,Zip Code: 98177,Condo/Co-op,452500.0,799950.0,447.9651162790698,2.0,1.0,2.0,0.9994443295771736,0.5
2012-07-01,2012-09-30,Zip Code: 98107,Condo/Co-op,259987.5,234950.0,325.9844042091298,32.0,35.0,16.0,0.9840180664695932,0.0625
2019-03-01,2019-05-31,Zip Code: 98109,Single Family Residential,1209500.0,1300000.0,559.3270365997639,29.0,41.0,18.0,0.9922789588333456,0.3448275862068965
2023-03-01,2023-05-31,Zip Code: 98109,Multi-Family (2-4 Unit),1069000.0,1249500.0,331.84252597921665,2.0,2.0,2.0,0.975629658072464,0.0
2017-01-01,2017-03-31,Zip Code: 98109,Single Family Residential,1245000.0,1339000.0,472.86532726416567,12.0,11.0,3.0,0.9836361425887544,0.1666666666666666
2012-07-01,2012-09-30,Zip Code: 98126,Townhouse,245000.0,277425.0,183.7082706766917,5.0,8.0,9.0,0.986071317479938,0.4
2012-11-01,2013-01-31,Zip Code: 98112,Single Family Residential,937000.0,949975.0,342.4657534246575,55.0,40.0,39.0,0.9694771868358936,0.109090909090909
2014-02-01,2014-04-30,Zip Code: 98105,Multi-Family (2-4 Unit),693750.0,747400.0,217.6157564450475,2.0,2.0,1.0,1.0299529607083564,0.5
2020-11-01,2021-01-31,Zip Code: 98105,Townhouse,767500.0,749000.0,522.7329523682588,26.0,19.0,4.0,0.9953467205234988,0.3076923076923077
2020-11-01,2021-01-31,Zip Code: 98178,All Residential,542990.0,559748.0,302.594571063731,100.0,65.0,9.0,1.016286290184983,0.44
2012-07-01,2012-09-30,Zip Code: 98118,All Residential,270000.0,279999.5,158.5820895522388,115.0,152.0,131.0,0.983570807030444,0.217391304347826
2022-02-01,2022-04-30,Zip Code: 98126,Multi-Family (2-4 Unit),876000.0,1189506.5,380.4984423676012,2.0,4.0,2.0,1.055996006577402,0.5
2014-12-01,2015-02-28,Zip Code: 98199,All Residential,625000.0,550000.0,302.25988700564966,87.0,77.0,35.0,1.0087054370631747,0.3908045977011494
2019-12-01,2020-02-29,Zip Code: 98133,Townhouse,482475.0,611749.5,358.3035975431413,32.0,16.0,5.0,0.9887403254612622,0.09375
2018-11-01,2019-01-31,Zip Code: 98115,All Residential,752500.0,725000.0,413.50280301565823,128.0,93.0,54.0,0.9846957684791257,0.1796875
2021-04-01,2021-06-30,Zip Code: 98144,Single Family Residential,990017.0,949500.0,527.5229357798165,59.0,87.0,20.0,1.0618308718500848,0.6271186440677966
2023-03-01,2023-05-31,Zip Code: 98109,Single Family Residential,1262500.0,1499000.0,649.864084403187,22.0,23.0,8.0,1.0169071660354214,0.5
2018-05-01,2018-07-31,Zip Code: 98133,Condo/Co-op,325000.0,299000.0,386.3636363636364,43.0,51.0,16.0,1.0374983846444132,0.5813953488372093
2015-07-01,2015-09-30,Zip Code: 98113,All Residential,567500.0,499975.0,411.29539733908666,2.0,2.0,,1.1500722302478057,0.5
2014-01-01,2014-03-31,Zip Code: 98109,Townhouse,485000.0,524450.0,310.5960264900662,7.0,12.0,4.0,0.9899466922661828,0.2857142857142857
2017-11-01,2018-01-31,Zip Code: 98136,Townhouse,589000.0,589000.0,437.973137973138,10.0,10.0,2.0,1.0175457875457874,0.2
2017-02-01,2017-04-30,Zip Code: 98177,Townhouse,500000.0,512500.0,333.33333333333326,5.0,2.0,,1.0155543264162483,0.4
2012-12-01,2013-02-28,Zip Code: 98136,All Residential,390000.0,380000.0,216.4284286285486,46.0,53.0,33.0,0.9853875511409874,0.217391304347826
2017-07-01,2017-09-30,Zip Code: 98115,Single Family Residential,818000.0,760000.0,408.4438549955792,170.0,159.0,32.0,1.061770058056898,0.5941176470588235
2018-05-01,2018-07-31,Zip Code: 98109,Single Family Residential,1445000.0,1450000.0,572.4165296751885,42.0,43.0,9.0,1.0208987120252904,0.4761904761904761
2018-01-01,2018-03-31,Zip Code: 98146,Single Family Residential,485000.0,485000.0,301.74107142857144,69.0,89.0,18.0,1.038101673575079,0.5217391304347825
2012-07-01,2012-09-30,Zip Code: 98133,All Residential,280000.0,279974.5,172.0681888785337,154.0,166.0,106.0,0.992799532532736,0.3051948051948051
2015-09-01,2015-11-30,Zip Code: 98105,Single Family Residential,825100.0,849950.0,380.2304147465438,55.0,58.0,20.0,1.0136920322739509,0.4363636363636363
2018-08-01,2018-10-31,Zip Code: 98109,Condo/Co-op,537500.0,527450.0,632.1312216950905,34.0,78.0,49.0,0.9973289153507192,0.1470588235294117
2017-02-01,2017-04-30,Zip Code: 98146,All Residential,421153.5,395000.0,263.6054421768707,90.0,115.0,33.0,1.0547038192641736,0.6777777777777778
2013-07-01,2013-09-30,Zip Code: 98112,Single Family Residential,855000.0,895000.0,363.20918166663546,88.0,89.0,53.0,0.990010831761235,0.2272727272727272
2018-02-01,2018-04-30,Zip Code: 98125,Condo/Co-op,361250.0,300000.0,381.7434521744616,22.0,29.0,3.0,1.0985382122906315,0.8636363636363636
2019-09-01,2019-11-30,Zip Code: 98116,Single Family Residential,835000.0,900000.0,413.9473684210527,65.0,55.0,22.0,0.9989886823295082,0.3076923076923077
2015-01-01,2015-03-31,Zip Code: 98116,Single Family Residential,580875.0,549998.0,286.7212012550426,46.0,93.0,36.0,1.0032794790032256,0.3260869565217391
2021-06-01,2021-08-31,Zip Code: 98119,Condo/Co-op,459000.0,460000.0,568.338249754179,61.0,73.0,32.0,1.005234951637907,0.3114754098360655
2015-01-01,2015-03-31,Zip Code: 98177,Single Family Residential,569950.0,625000.0,251.42857142857144,45.0,63.0,34.0,1.0108949297475966,0.4666666666666666
2016-03-01,2016-05-31,Zip Code: 98105,Single Family Residential,857500.0,839000.0,407.5956690635589,72.0,75.0,14.0,1.0540356361657264,0.5416666666666666
2016-03-01,2016-05-31,Zip Code: 98177,Multi-Family (2-4 Unit),475000.0,,281.06508875739644,1.0,,,0.9405940594059404,0.0
2015-05-01,2015-07-31,Zip Code: 98112,Single Family Residential,1185000.0,1242500.0,409.09090909090907,79.0,76.0,30.0,1.0227854707273834,0.379746835443038
2021-06-01,2021-08-31,Zip Code: 98115,Condo/Co-op,430000.0,449000.0,452.27272727272725,39.0,51.0,10.0,1.0229902739145096,0.4871794871794871
2012-12-01,2013-02-28,Zip Code: 98133,Multi-Family (2-4 Unit),267500.0,354475.0,147.0450281425891,4.0,2.0,1.0,0.9818172775765313,0.25
2013-10-01,2013-12-31,Zip Code: 98109,Townhouse,499750.0,559000.0,321.59468438538204,15.0,4.0,,0.9665718457430736,0.0666666666666666
2015-04-01,2015-06-30,Zip Code: 98107,Townhouse,572000.0,564475.0,391.36690647482015,43.0,38.0,6.0,1.0551617351771267,0.6511627906976744
2020-11-01,2021-01-31,Zip Code: 98117,Single Family Residential,845000.0,875000.0,493.07958477508646,113.0,77.0,11.0,1.0223056154478878,0.4513274336283185
2022-05-01,2022-07-31,Zip Code: 98109,Single Family Residential,1900000.0,1775000.0,712.6051808813711,22.0,33.0,13.0,1.0582462925022311,0.6363636363636364
2021-07-01,2021-09-30,Zip Code: 98105,Condo/Co-op,450000.0,455000.0,575.3137260628719,26.0,38.0,21.0,0.991144703088722,0.1923076923076923
2018-12-01,2019-02-28,Zip Code: 98116,Townhouse,715000.0,729000.0,446.3669950738917,13.0,15.0,10.0,0.9902778390161098,0.2307692307692307
2022-04-01,2022-06-30,Zip Code: 98117,Condo/Co-op,620000.0,699950.0,588.7096774193549,9.0,17.0,5.0,1.0459548755630632,0.5555555555555555
2022-02-01,2022-04-30,Zip Code: 98109,Single Family Residential,1900000.0,1747500.0,727.0029673590504,17.0,26.0,10.0,1.073778364563038,0.588235294117647
2022-12-01,2023-02-28,Zip Code: 98117,Townhouse,775000.0,829925.0,523.9550842170929,23.0,16.0,12.0,0.9975433633890952,0.3913043478260869
2012-12-01,2013-02-28,Zip Code: 98102,Condo/Co-op,270000.0,275000.0,336.95652173913044,39.0,47.0,25.0,0.9861036205991576,0.2307692307692307
2013-05-01,2013-07-31,Zip Code: 98105,Single Family Residential,685000.0,639000.0,288.06584362139915,113.0,111.0,33.0,1.0320150862052826,0.5398230088495574
2022-11-01,2023-01-31,Zip Code: 98125,Condo/Co-op,435000.0,407500.0,342.12401995723445,13.0,4.0,2.0,0.9690252695185114,0.0769230769230769
2019-04-01,2019-06-30,Zip Code: 98119,Townhouse,870750.0,875000.0,575.6546364781303,22.0,40.0,29.0,0.9884458025272104,0.2272727272727272
2012-07-01,2012-09-30,Zip Code: 98115,Single Family Residential,464500.0,489000.0,240.6140350877193,158.0,173.0,76.0,0.9975174529060225,0.3670886075949367
2013-10-01,2013-12-31,Zip Code: 98108,Multi-Family (2-4 Unit),242000.0,245000.0,147.5609756097561,1.0,3.0,2.0,0.9877551020408162,0.0
2023-02-01,2023-04-30,Zip Code: 98109,Townhouse,1300000.0,1379975.0,669.4055099081681,27.0,20.0,7.0,0.98456286274388,0.037037037037037
2023-02-01,2023-04-30,Zip Code: 98118,Townhouse,640450.0,628000.0,451.850422983616,32.0,37.0,19.0,0.9930972300497068,0.25
2020-03-01,2020-05-31,Zip Code: 98108,All Residential,608000.0,649925.0,396.84741488020177,56.0,86.0,32.0,1.020948128683009,0.3928571428571428
2019-06-01,2019-08-31,Zip Code: 98136,Single Family Residential,750000.0,770000.0,405.940594059406,79.0,78.0,27.0,1.019059817650364,0.4050632911392405
2018-12-01,2019-02-28,Zip Code: 98199,All Residential,813500.0,944000.0,462.386200287494,59.0,62.0,50.0,0.9803552486581916,0.135593220338983
2020-05-01,2020-07-31,Zip Code: 98112,All Residential,1260000.0,1140000.0,590.1162790697674,103.0,173.0,70.0,1.0192022311750577,0.3300970873786408
2016-10-01,2016-12-31,Zip Code: 98125,Condo/Co-op,230000.0,246250.0,252.64550264550263,31.0,14.0,,1.0091259020881207,0.3870967741935483
2023-06-01,2023-08-31,Zip Code: 98125,Townhouse,677950.0,624950.0,454.54545454545456,9.0,9.0,4.0,0.9969557112435646,0.2222222222222222
2023-12-01,2024-02-29,Zip Code: 98109,Multi-Family (2-4 Unit),1165000.0,782500.0,448.9928057553957,3.0,2.0,,0.974864197530864,0.0
2014-06-01,2014-08-31,Zip Code: 98199,Multi-Family (2-4 Unit),824000.0,1274000.0,217.41424802110816,1.0,2.0,3.0,0.9694117647058824,0.0
2017-04-01,2017-06-30,Zip Code: 98199,Townhouse,718000.0,719950.0,463.8752052545156,25.0,29.0,6.0,1.0252110673279131,0.3599999999999999
2020-09-01,2020-11-30,Zip Code: 98115,Townhouse,707380.0,737490.0,491.92565741160297,30.0,24.0,12.0,1.0038843539590698,0.1666666666666666
2021-12-01,2022-02-28,Zip Code: 98125,Townhouse,615000.0,754975.0,464.0,23.0,46.0,10.0,1.033382655264134,0.5217391304347825
2018-11-01,2019-01-31,Zip Code: 98107,Multi-Family (2-4 Unit),1100000.0,995000.0,378.0573025856045,2.0,1.0,1.0,0.9876381909547736,0.5
2012-05-01,2012-07-31,Zip Code: 98144,All Residential,368750.0,359925.0,213.1211180124224,92.0,134.0,98.0,0.9942451262834708,0.2717391304347825
2014-12-01,2015-02-28,Zip Code: 98125,Townhouse,303000.0,340000.0,236.33093525179856,7.0,5.0,1.0,0.9927569643605252,0.1428571428571428
2023-07-01,2023-09-30,Zip Code: 98121,Condo/Co-op,577500.0,722000.0,778.3012642859029,68.0,110.0,94.0,0.9861046128151276,0.1617647058823529
2016-06-01,2016-08-31,Zip Code: 98126,Condo/Co-op,315000.0,264950.0,367.6900861504832,26.0,24.0,9.0,1.021650431293629,0.5384615384615384
2012-03-01,2012-05-31,Zip Code: 98116,Single Family Residential,484250.0,519000.0,229.6626984126984,54.0,99.0,51.0,0.9927010257925272,0.2777777777777777
2012-11-01,2013-01-31,Zip Code: 98126,Single Family Residential,327500.0,357500.0,206.25,71.0,66.0,31.0,0.989957229347288,0.323943661971831
2012-08-01,2012-10-31,Zip Code: 98199,Single Family Residential,519000.0,599950.0,236.49289099526067,65.0,67.0,49.0,0.9828432596996824,0.2461538461538461
2018-03-01,2018-05-31,Zip Code: 98117,Single Family Residential,907650.0,795000.0,472.3290598290598,128.0,184.0,38.0,1.109421647433884,0.765625
2022-10-01,2022-12-31,Zip Code: 98109,Condo/Co-op,463000.0,464450.0,624.2197253433209,29.0,36.0,25.0,0.9746122008634728,0.0689655172413793
2012-04-01,2012-06-30,Zip Code: 98107,All Residential,394500.0,399950.0,264.1553269166943,109.0,129.0,42.0,0.9960582127665116,0.2568807339449541
2012-10-01,2012-12-31,Zip Code: 98119,All Residential,473400.0,433150.0,257.24637681159413,77.0,60.0,49.0,0.9817936855961112,0.2207792207792207
2018-12-01,2019-02-28,Zip Code: 98146,Condo/Co-op,237750.0,230995.0,240.69444444444449,9.0,8.0,4.0,1.0075848578933615,0.4444444444444444
2016-06-01,2016-08-31,Zip Code: 98107,Multi-Family (2-4 Unit),922500.0,810000.0,335.7086285352226,8.0,6.0,1.0,1.0266916636265413,0.5
2014-08-01,2014-10-31,Zip Code: 98134,All Residential,228000.0,199500.0,198.2608695652174,1.0,2.0,1.0,0.9559748427672956,0.0
2021-01-01,2021-03-31,Zip Code: 98104,Condo/Co-op,630000.0,684995.0,618.5897435897435,13.0,35.0,45.0,0.9626065757455164,0.0
2017-11-01,2018-01-31,Zip Code: 98108,Multi-Family (2-4 Unit),665000.0,554500.0,251.75879396984925,3.0,4.0,,1.0238635266011105,0.6666666666666666
2019-11-01,2020-01-31,Zip Code: 98115,Single Family Residential,849975.0,937500.0,427.8787910877669,116.0,62.0,15.0,0.99916014589788,0.2672413793103448
2020-01-01,2020-03-31,Zip Code: 98199,Townhouse,730000.0,812475.0,503.92017106201,13.0,18.0,8.0,1.0019240025290068,0.3846153846153846
2019-06-01,2019-08-31,Zip Code: 98107,Single Family Residential,888950.0,850000.0,465.5172413793104,59.0,51.0,14.0,1.0015138832740038,0.2711864406779661
2022-10-01,2022-12-31,Zip Code: 98106,Townhouse,561850.0,584975.0,437.07320068779165,6.0,16.0,16.0,0.9946411331587462,0.3333333333333333
2013-06-01,2013-08-31,Zip Code: 98175,Townhouse,339722.0,339722.0,245.286642599278,1.0,1.0,,1.0,0.0
2021-04-01,2021-06-30,Zip Code: 98105,Single Family Residential,1200000.0,1049500.0,562.8285714285713,95.0,106.0,18.0,1.0800305092267597,0.631578947368421
2021-08-01,2021-10-31,Zip Code: 98146,Condo/Co-op,325000.0,500000.0,335.36585365853654,15.0,7.0,,1.008425833926563,0.4666666666666666
2021-04-01,2021-06-30,Zip Code: 98133,All Residential,677000.0,650000.0,442.3245614035088,250.0,298.0,57.0,1.0606998115258215,0.5879999999999999
2018-11-01,2019-01-31,Zip Code: 98109,All Residential,826500.0,630000.0,598.9093299392072,58.0,64.0,59.0,0.9742494092122208,0.0862068965517241
2014-01-01,2014-03-31,Zip Code: 98133,Single Family Residential,353000.0,374950.0,208.7358897742364,80.0,121.0,47.0,0.9975206510277193,0.3125
2020-03-01,2020-05-31,Zip Code: 98118,All Residential,632850.0,618975.0,362.20978315683305,126.0,170.0,70.0,1.0151975353882468,0.4365079365079365
2017-01-01,2017-03-31,Zip Code: 98116,Single Family Residential,742500.0,699900.0,361.4510638297872,40.0,63.0,17.0,1.0680649276847058,0.6999999999999998
2022-02-01,2022-04-30,Zip Code: 98136,Condo/Co-op,450000.0,449950.0,595.6678700361011,5.0,8.0,,1.0322242423923764,0.5999999999999999
2023-04-01,2023-06-30,Zip Code: 98119,Multi-Family (2-4 Unit),880000.0,1744250.0,577.8546712802768,3.0,2.0,2.0,0.986393773761458,0.0
2022-05-01,2022-07-31,Zip Code: 98118,Multi-Family (2-4 Unit),635000.0,699950.0,390.33536564550377,2.0,3.0,4.0,0.9144667145785088,0.0
2012-02-01,2012-04-30,Zip Code: 98146,Condo/Co-op,41000.0,89750.0,71.9298245614035,1.0,6.0,5.0,0.5473965287049399,0.0
2014-12-01,2015-02-28,Zip Code: 98146,Condo/Co-op,295000.0,130000.0,339.86175115207374,3.0,5.0,3.0,0.9863452888940144,0.0
2012-08-01,2012-10-31,Zip Code: 98126,Multi-Family (2-4 Unit),380000.0,,134.75177304964538,1.0,,,0.9523809523809524,0.0
2019-02-01,2019-04-30,Zip Code: 98118,All Residential,599950.0,585000.0,365.8130081300813,121.0,163.0,90.0,1.0072902895846447,0.3057851239669421
2020-09-01,2020-11-30,Zip Code: 98133,Multi-Family (2-4 Unit),810000.0,772000.0,356.4593301435407,5.0,2.0,2.0,0.9888005771297316,0.0
2019-06-01,2019-08-31,Zip Code: 98116,Single Family Residential,825000.0,849450.0,414.8351648351649,87.0,84.0,36.0,0.9981928995474192,0.3333333333333333
2023-04-01,2023-06-30,Zip Code: 98126,All Residential,715000.0,699475.0,491.9354838709677,101.0,120.0,38.0,1.0208926816546595,0.4455445544554455
2013-04-01,2013-06-30,Zip Code: 98125,Townhouse,282500.0,307400.0,183.2475267514637,14.0,16.0,6.0,1.0163834205989826,0.3571428571428571
2014-09-01,2014-11-30,Zip Code: 98115,All Residential,518000.0,500000.0,285.29411764705884,195.0,191.0,45.0,1.007684640398752,0.3538461538461538
2019-11-01,2020-01-31,Zip Code: 98133,Multi-Family (2-4 Unit),885000.0,995000.0,256.0975609756098,3.0,3.0,,1.0080670059295105,0.6666666666666666
2015-03-01,2015-05-31,Zip Code: 98109,Condo/Co-op,349950.0,343450.0,433.8624338624338,69.0,102.0,29.0,1.012606309411278,0.4782608695652174
2021-01-01,2021-03-31,Zip Code: 98109,All Residential,740000.0,769975.0,612.8181253879577,124.0,138.0,64.0,0.9922819640380804,0.1612903225806451
2017-07-01,2017-09-30,Zip Code: 98199,Townhouse,750000.0,704974.5,469.23121146991446,34.0,30.0,2.0,1.0311450843018637,0.5
2013-09-01,2013-11-30,Zip Code: 98116,Townhouse,495000.0,433000.0,273.37366719600726,16.0,17.0,5.0,0.9903622582944716,0.1875
2019-12-01,2020-02-29,Zip Code: 98126,Condo/Co-op,405000.0,425000.0,417.0323384028016,16.0,18.0,11.0,0.9902672412419764,0.1875
2012-11-01,2013-01-31,Zip Code: 98125,Townhouse,267500.0,239000.0,184.3962131837307,6.0,8.0,6.0,1.041844461444436,0.1666666666666666
2021-02-01,2021-04-30,Zip Code: 98109,Single Family Residential,1463000.0,1522500.0,601.3604010408694,36.0,50.0,11.0,1.0222186140012153,0.4722222222222222
2018-01-01,2018-03-31,Zip Code: 98177,All Residential,885000.0,799950.0,378.41743119266056,63.0,71.0,19.0,1.0414365970243338,0.5238095238095238
2013-11-01,2014-01-31,Zip Code: 98122,Townhouse,506844.0,479000.0,342.1780261523851,18.0,13.0,4.0,0.9975028813943848,0.4444444444444444
2013-02-01,2013-04-30,Zip Code: 98117,Condo/Co-op,381500.0,229700.0,397.39583333333326,3.0,14.0,5.0,0.996536523634029,0.3333333333333333
2015-04-01,2015-06-30,Zip Code: 98133,Condo/Co-op,163000.0,175500.0,226.3083451202263,49.0,64.0,21.0,1.005550061297405,0.346938775510204
2013-01-01,2013-03-31,Zip Code: 98125,All Residential,340000.0,310350.0,194.85294117647052,79.0,124.0,44.0,0.9933867092610916,0.3544303797468354
2022-01-01,2022-03-31,Zip Code: 98146,Townhouse,659000.0,654500.0,334.51776649746193,1.0,4.0,1.0,1.0,0.0
2017-09-01,2017-11-30,Zip Code: 98199,Condo/Co-op,391250.0,429980.0,465.6923458013376,22.0,21.0,5.0,1.030400210933546,0.4090909090909091
2012-02-01,2012-04-30,Zip Code: 98109,Condo/Co-op,215375.0,269950.0,283.27437007275216,54.0,68.0,48.0,0.97856871943273,0.1296296296296296
2019-05-01,2019-07-31,Zip Code: 98125,All Residential,625000.0,619000.0,378.87323943661966,137.0,179.0,83.0,1.0032362600021594,0.3722627737226277
2013-03-01,2013-05-31,Zip Code: 98122,Single Family Residential,586850.0,607475.0,282.97779712668694,67.0,72.0,18.0,1.005949352082511,0.4477611940298507
2023-07-01,2023-09-30,Zip Code: 98177,Condo/Co-op,388500.0,299950.0,422.2648752399232,3.0,5.0,1.0,1.023428555218599,0.6666666666666666
2017-05-01,2017-07-31,Zip Code: 98146,Single Family Residential,470250.0,465000.0,277.2959104819016,116.0,150.0,31.0,1.0565626027055492,0.6120689655172413
2020-09-01,2020-11-30,Zip Code: 98144,Single Family Residential,830000.0,799475.0,435.11195907413617,92.0,74.0,19.0,1.031101852935816,0.5217391304347825
2020-03-01,2020-05-31,Zip Code: 98108,Multi-Family (2-4 Unit),450000.0,739000.0,89.89212944466638,1.0,1.0,1.0,,0.0
2015-08-01,2015-10-31,Zip Code: 98104,Condo/Co-op,265000.0,713070.0,347.60956175298804,15.0,22.0,18.0,0.9874996146077036,0.2666666666666666
2022-05-01,2022-07-31,Zip Code: 98105,Townhouse,1014000.0,909500.0,601.47206818,10.0,6.0,5.0,1.0089761252361924,0.2
2013-07-01,2013-09-30,Zip Code: 98115,Multi-Family (2-4 Unit),613000.0,464950.0,204.7199919373803,2.0,4.0,4.0,0.9642769173353236,0.0
2013-01-01,2013-03-31,Zip Code: 98119,Multi-Family (2-4 Unit),550000.0,522475.0,220.0,1.0,8.0,4.0,1.0378337579016887,1.0
2019-09-01,2019-11-30,Zip Code: 98118,All Residential,600000.0,575000.0,363.7350966516166,136.0,129.0,76.0,0.9932292418825808,0.2352941176470588
2023-06-01,2023-08-31,Zip Code: 98119,Townhouse,950000.0,945000.0,554.9710678590216,5.0,8.0,3.0,0.996006101238654,0.2
2015-04-01,2015-06-30,Zip Code: 98125,Townhouse,330000.0,335000.0,257.40804996530187,18.0,21.0,1.0,1.0513396575068703,0.7222222222222222
2018-07-01,2018-09-30,Zip Code: 98117,Townhouse,707000.0,709950.0,549.4186046511627,22.0,29.0,15.0,0.9860039569101324,0.0909090909090909
2018-05-01,2018-07-31,Zip Code: 98134,All Residential,460000.0,542500.0,429.50513538748834,1.0,4.0,2.0,1.1501437679709965,1.0
2014-11-01,2015-01-31,Zip Code: 98199,Townhouse,475500.0,489950.0,307.5589005235602,22.0,12.0,3.0,1.007728668758814,0.4090909090909091
2014-11-01,2015-01-31,Zip Code: 98136,Multi-Family (2-4 Unit),555000.0,,152.47252747252747,1.0,,,0.925,0.0
2020-03-01,2020-05-31,Zip Code: 98199,Townhouse,801750.0,699500.0,479.6019900497513,10.0,20.0,6.0,1.0038141380414114,0.2999999999999999
2019-11-01,2020-01-31,Zip Code: 98107,Multi-Family (2-4 Unit),1175000.0,1100000.0,362.65432098765433,3.0,7.0,5.0,1.0044211030313912,0.3333333333333333
2023-05-01,2023-07-31,Zip Code: 98112,Condo/Co-op,715000.0,760790.0,680.5337519623233,29.0,26.0,8.0,0.9959377515088204,0.1379310344827586
2017-03-01,2017-05-31,Zip Code: 98112,Townhouse,794475.0,849950.0,459.31734625668446,14.0,7.0,2.0,1.013492714245141,0.3571428571428571
2018-09-01,2018-11-30,Zip Code: 98125,Townhouse,570000.0,519000.0,359.6835191082803,8.0,9.0,2.0,0.9957372725175984,0.125
2023-03-01,2023-05-31,Zip Code: 98144,Single Family Residential,980000.0,1025000.0,560.8288770053476,49.0,79.0,32.0,1.017484279736979,0.510204081632653
2017-06-01,2017-08-31,Zip Code: 98106,Single Family Residential,525000.0,499000.0,335.65284676524874,117.0,96.0,17.0,1.0687566726158868,0.6153846153846154
2018-09-01,2018-11-30,Zip Code: 98126,Multi-Family (2-4 Unit),1250000.0,,381.0975609756098,1.0,,,1.0,0.0
2022-12-01,2023-02-28,Zip Code: 98125,Single Family Residential,750000.0,834750.0,459.42193780410406,50.0,44.0,24.0,0.9894927860033728,0.2399999999999999
2013-07-01,2013-09-30,Zip Code: 98125,Condo/Co-op,150000.0,147000.0,155.88235294117646,25.0,24.0,12.0,1.016789890798402,0.4
2022-10-01,2022-12-31,Zip Code: 98177,Condo/Co-op,452500.0,569975.0,447.9651162790698,2.0,2.0,2.0,0.9994443295771736,0.5
2021-05-01,2021-07-31,Zip Code: 98109,Multi-Family (2-4 Unit),1342500.0,1327475.0,488.4293560606061,6.0,4.0,1.0,1.027706332141258,0.6666666666666666
2018-04-01,2018-06-30,Zip Code: 98199,All Residential,980000.0,949975.0,495.4954954954955,121.0,148.0,50.0,1.056049286033326,0.5702479338842975
2019-04-01,2019-06-30,Zip Code: 98126,Townhouse,570206.0,539975.0,362.31884057971007,19.0,30.0,13.0,0.9970052233938492,0.2105263157894736
2013-10-01,2013-12-31,Zip Code: 98109,Multi-Family (2-4 Unit),540000.0,749950.0,282.72251308900525,3.0,1.0,,0.9704244571953496,0.3333333333333333
2016-06-01,2016-08-31,Zip Code: 98177,Townhouse,375000.0,328000.0,335.7531760435572,5.0,3.0,,1.0936583357079352,0.8
2020-05-01,2020-07-31,Zip Code: 98146,Single Family Residential,577000.0,567975.0,329.93197278911566,83.0,110.0,39.0,1.009947539219992,0.4819277108433734
2012-12-01,2013-02-28,Zip Code: 98116,All Residential,420000.0,425000.0,239.1737891737892,68.0,81.0,59.0,0.9828292289311708,0.1764705882352941
2023-04-01,2023-06-30,Zip Code: 98125,Condo/Co-op,445000.0,430000.0,393.4948979591837,19.0,15.0,5.0,1.0079749393899418,0.5263157894736841
2012-09-01,2012-11-30,Zip Code: 98126,Condo/Co-op,215475.0,335000.0,211.40106402621984,16.0,11.0,6.0,0.9825386816298128,0.125
2014-03-01,2014-05-31,Zip Code: 98126,Multi-Family (2-4 Unit),515000.0,475000.0,210.7201309328969,1.0,1.0,,1.0842105263157895,1.0
2012-07-01,2012-09-30,Zip Code: 98106,Multi-Family (2-4 Unit),325000.0,296750.0,116.07142857142856,1.0,2.0,3.0,0.9285714285714286,0.0
2022-11-01,2023-01-31,Zip Code: 98117,Single Family Residential,870000.0,849995.0,535.7142857142857,75.0,48.0,12.0,0.9836638649763944,0.2133333333333333
2018-06-01,2018-08-31,Zip Code: 98199,All Residential,980985.0,949999.0,486.1573111573112,112.0,145.0,65.0,1.014913320619612,0.4017857142857143
2014-05-01,2014-07-31,Zip Code: 98136,Single Family Residential,524500.0,547000.0,269.3210255710256,54.0,96.0,49.0,1.0235978186995274,0.5185185185185184
2016-03-01,2016-05-31,Zip Code: 98107,Condo/Co-op,392500.0,374000.0,516.4614121510673,98.0,63.0,7.0,1.0312478614189815,0.3979591836734693
2015-01-01,2015-03-31,Zip Code: 98199,Condo/Co-op,237475.0,244975.0,260.2425921356632,12.0,20.0,6.0,1.0193743738506005,0.5
2017-07-01,2017-09-30,Zip Code: 98177,Multi-Family (2-4 Unit),803600.0,,382.6666666666666,1.0,,,1.1496423462088698,1.0
2019-04-01,2019-06-30,Zip Code: 98107,Condo/Co-op,474950.0,467475.0,622.7106227106227,33.0,46.0,31.0,0.9911974308147194,0.1212121212121212
2023-07-01,2023-09-30,Zip Code: 98118,All Residential,718000.0,739880.0,472.1090885280252,124.0,153.0,91.0,1.0041706177743288,0.282258064516129
2020-10-01,2020-12-31,Zip Code: 98199,Condo/Co-op,440500.0,458500.0,427.59460472086926,12.0,16.0,10.0,1.0042927073562855,0.3333333333333333
2020-07-01,2020-09-30,Zip Code: 98106,Condo/Co-op,326249.0,300000.0,348.31496062992125,3.0,9.0,7.0,0.9996031178014982,0.3333333333333333
2013-07-01,2013-09-30,Zip Code: 98106,Multi-Family (2-4 Unit),359950.0,329700.0,180.0709219858156,3.0,6.0,6.0,0.9747978190075844,0.0
2019-04-01,2019-06-30,Zip Code: 98177,Condo/Co-op,632475.0,654975.0,320.9509542312314,12.0,20.0,14.0,1.0037770808156443,0.5
2014-02-01,2014-04-30,Zip Code: 98116,Townhouse,439950.0,439950.0,317.5247790257537,18.0,18.0,4.0,1.0005662323248847,0.2222222222222222
2022-08-01,2022-10-31,Zip Code: 98118,Multi-Family (2-4 Unit),685000.0,1615000.0,386.63584953615447,2.0,2.0,2.0,0.9820246667156596,0.5
2014-11-01,2015-01-31,Zip Code: 98113,Single Family Residential,395000.0,524950.0,195.5445544554456,1.0,1.0,,0.9924623115577887,0.0
2014-04-01,2014-06-30,Zip Code: 98116,Townhouse,434950.0,414500.0,317.7321611173463,16.0,10.0,2.0,1.0036250691438056,0.375
2016-10-01,2016-12-31,Zip Code: 98133,Condo/Co-op,230000.0,233000.0,288.60028860028854,43.0,28.0,4.0,1.004150257742266,0.3023255813953488
2023-08-01,2023-10-31,Zip Code: 98199,All Residential,1026000.0,1075000.0,592.004450400789,86.0,100.0,50.0,0.9944798057424676,0.2441860465116279
2022-01-01,2022-03-31,Zip Code: 98199,Multi-Family (2-4 Unit),1314250.0,1500000.0,487.18635351153046,2.0,1.0,,1.0466260162601626,1.0
2019-09-01,2019-11-30,Zip Code: 98125,Townhouse,478000.0,497475.0,363.7873754152824,11.0,16.0,11.0,0.9818080298334176,0.0909090909090909
2018-02-01,2018-04-30,Zip Code: 98109,All Residential,620000.0,625000.0,677.5956284153006,81.0,111.0,31.0,1.0522629111794322,0.6296296296296297
2020-02-01,2020-04-30,Zip Code: 98126,Multi-Family (2-4 Unit),619000.0,699000.0,418.2432432432432,1.0,1.0,1.0,1.0,0.0
2021-12-01,2022-02-28,Zip Code: 98102,Condo/Co-op,550000.0,650000.0,630.4347826086956,51.0,43.0,14.0,0.997157519172755,0.2549019607843137
2021-09-01,2021-11-30,Zip Code: 98104,Condo/Co-op,589950.0,616975.0,695.6957547169811,29.0,56.0,40.0,0.987002080970676,0.0344827586206896
2015-11-01,2016-01-31,Zip Code: 98126,Townhouse,370500.0,364900.0,268.3098591549296,11.0,13.0,1.0,1.0291545351881797,0.6363636363636364
2015-02-01,2015-04-30,Zip Code: 98112,All Residential,930000.0,955000.0,405.0092982107714,70.0,119.0,49.0,1.027300369725323,0.5
2019-06-01,2019-08-31,Zip Code: 98122,Townhouse,796600.0,799475.0,560.8391608391609,29.0,32.0,23.0,0.9972633168950888,0.1724137931034482
2020-08-01,2020-10-31,Zip Code: 98108,Townhouse,582000.0,568475.0,419.581574049987,30.0,48.0,21.0,0.9980078927914888,0.2
2020-11-01,2021-01-31,Zip Code: 98109,Townhouse,844975.0,815000.0,654.8544915949267,26.0,25.0,17.0,0.9877888949684522,0.0
2012-09-01,2012-11-30,Zip Code: 98116,Single Family Residential,470000.0,505000.0,257.13731144631765,72.0,73.0,39.0,0.9853859566736312,0.25
2017-06-01,2017-08-31,Zip Code: 98177,Condo/Co-op,550000.0,575000.0,272.92909397861564,5.0,12.0,5.0,0.999198495078992,0.4
2014-08-01,2014-10-31,Zip Code: 98146,Townhouse,135500.0,133990.0,111.247947454844,1.0,1.0,4.0,1.0037037037037038,1.0
2020-06-01,2020-08-31,Zip Code: 98177,Single Family Residential,900000.0,879900.0,409.0909090909091,88.0,111.0,25.0,1.0284762540056522,0.5227272727272727
2019-01-01,2019-03-31,Zip Code: 98116,Single Family Residential,775000.0,800000.0,365.530303030303,55.0,68.0,24.0,0.9917803580330558,0.2909090909090908
2018-03-01,2018-05-31,Zip Code: 98105,Condo/Co-op,502000.0,525000.0,514.7948642266824,14.0,25.0,11.0,1.0751056315948262,0.5714285714285714
2016-05-01,2016-07-31,Zip Code: 98108,Townhouse,467475.0,431450.0,324.8237556077761,24.0,26.0,4.0,1.0323219108428174,0.4583333333333333
2017-04-01,2017-06-30,Zip Code: 98144,Condo/Co-op,351500.0,324975.0,485.3877212571789,20.0,18.0,3.0,1.080602265070719,0.75
2013-08-01,2013-10-31,Zip Code: 98177,Single Family Residential,502500.0,481250.0,217.69265207901952,86.0,84.0,48.0,0.9932569567587836,0.2790697674418604
2015-01-01,2015-03-31,Zip Code: 98125,Multi-Family (2-4 Unit),419950.0,506500.0,170.02024291497975,1.0,2.0,1.0,1.0,0.0
2021-03-01,2021-05-31,Zip Code: 98146,Condo/Co-op,315000.0,285000.0,275.62862669245646,7.0,15.0,5.0,1.063587720289793,0.5714285714285714
2019-07-01,2019-09-30,Zip Code: 98109,Townhouse,805000.0,859900.0,636.4591864591864,12.0,11.0,11.0,0.9863916734678012,0.0833333333333333
2012-11-01,2013-01-31,Zip Code: 98118,Townhouse,197450.0,209950.0,154.6390798519302,4.0,3.0,3.0,0.979181295596104,0.25
2020-02-01,2020-04-30,Zip Code: 98105,Single Family Residential,1050000.0,1199974.5,480.8994708994709,49.0,80.0,29.0,1.033099527826731,0.4489795918367346
2019-07-01,2019-09-30,Zip Code: 98117,Multi-Family (2-4 Unit),1222000.0,1000000.0,389.06821713197326,2.0,7.0,6.0,0.9776,0.0
2015-10-01,2015-12-31,Zip Code: 98146,Condo/Co-op,163000.0,154900.0,164.34782608695653,11.0,7.0,5.0,1.0198614703629347,0.2727272727272727
2021-09-01,2021-11-30,Zip Code: 98178,Single Family Residential,622500.0,599950.0,355.25210084033614,102.0,87.0,9.0,1.0449010604719442,0.5784313725490196
2022-03-01,2022-05-31,Zip Code: 98177,All Residential,1200000.0,975000.0,601.4341261425036,80.0,105.0,18.0,1.1109520650363334,0.8125
2013-07-01,2013-09-30,Zip Code: 98199,Townhouse,444950.0,425000.0,294.08496732026146,21.0,17.0,8.0,0.9987689808275906,0.1904761904761904
2022-08-01,2022-10-31,Zip Code: 98105,Condo/Co-op,490000.0,499950.0,653.2754058499606,18.0,28.0,26.0,0.9772866241343072,0.1111111111111111
2016-01-01,2016-03-31,Zip Code: 98109,Single Family Residential,971000.0,1145000.0,424.43410297970775,14.0,25.0,11.0,1.0322708590103342,0.4285714285714285
2020-07-01,2020-09-30,Zip Code: 98133,Condo/Co-op,302500.0,296925.0,381.77072047947473,40.0,56.0,20.0,0.9969590388679624,0.325
2020-10-01,2020-12-31,Zip Code: 98109,Multi-Family (2-4 Unit),1253250.0,1072500.0,344.77303988995874,1.0,6.0,5.0,0.9677606177606176,0.0
2012-10-01,2012-12-31,Zip Code: 98177,Condo/Co-op,202500.0,315000.0,134.31247339293316,2.0,3.0,7.0,1.0,0.0
2020-07-01,2020-09-30,Zip Code: 98126,Condo/Co-op,388000.0,339000.0,426.1437908496732,12.0,21.0,15.0,0.9886227752188614,0.0833333333333333
2012-02-01,2012-04-30,Zip Code: 98102,Townhouse,502500.0,460000.0,311.7647058823529,6.0,7.0,4.0,0.9779491820409256,0.3333333333333333
2012-02-01,2012-04-30,Zip Code: 98126,All Residential,260000.0,295000.0,178.80794701986756,85.0,118.0,88.0,0.9847855662217748,0.2705882352941176
2016-09-01,2016-11-30,Zip Code: 98117,All Residential,675000.0,684475.0,371.1878009630818,163.0,168.0,31.0,1.0299990519954807,0.4846625766871165
2015-03-01,2015-05-31,Zip Code: 98177,All Residential,540000.0,629000.0,259.1695501730104,75.0,127.0,52.0,1.0216048865917884,0.5066666666666667
2020-06-01,2020-08-31,Zip Code: 98116,Condo/Co-op,497500.0,550000.0,598.7649914334665,28.0,55.0,30.0,0.9863741021168771,0.0714285714285714
2022-11-01,2023-01-31,Zip Code: 98109,Condo/Co-op,489712.5,404500.0,621.3882131871244,30.0,30.0,21.0,0.963350489606808,0.0666666666666666
2017-08-01,2017-10-31,Zip Code: 98199,Single Family Residential,966094.5,988000.0,426.4958055872539,92.0,99.0,43.0,1.0338062716550005,0.5108695652173914
2021-12-01,2022-02-28,Zip Code: 98107,All Residential,815000.0,882000.0,613.9218081857056,137.0,128.0,23.0,1.0301616972967542,0.3941605839416058
2012-04-01,2012-06-30,Zip Code: 98109,Townhouse,454000.0,537450.0,268.12688821752266,11.0,12.0,9.0,0.986449983866306,0.1818181818181818
2019-10-01,2019-12-31,Zip Code: 98108,Townhouse,569000.0,569999.0,423.74517374517376,7.0,8.0,6.0,0.9971709837781269,0.0
2019-01-01,2019-03-31,Zip Code: 98144,All Residential,689500.0,699950.0,455.46675191815854,90.0,127.0,60.0,0.998428161099611,0.2888888888888888
2020-01-01,2020-03-31,Zip Code: 98107,Condo/Co-op,444500.0,438500.0,556.5308585220089,28.0,30.0,8.0,0.9974982844646368,0.2857142857142857
2023-01-01,2023-03-31,Zip Code: 98133,All Residential,709950.0,715000.0,454.469696969697,137.0,159.0,71.0,0.9980391319017932,0.2846715328467153
2013-01-01,2013-03-31,Zip Code: 98199,Condo/Co-op,200900.0,247250.0,232.5838414634146,12.0,12.0,11.0,0.9877712911271738,0.0833333333333333
2012-11-01,2013-01-31,Zip Code: 98177,Condo/Co-op,74500.0,315000.0,87.38593666129897,2.0,3.0,4.0,1.0,0.0
2017-11-01,2018-01-31,Zip Code: 98115,Single Family Residential,827500.0,800000.0,423.2949765280874,108.0,77.0,13.0,1.0547527322543624,0.5185185185185184
2013-02-01,2013-04-30,Zip Code: 98134,Condo/Co-op,207400.0,218800.0,177.4833759590793,2.0,1.0,1.0,0.9780487804878047,0.0
2013-09-01,2013-11-30,Zip Code: 98177,Condo/Co-op,184000.0,361500.0,147.94520547945206,5.0,2.0,1.0,0.9179762600788302,0.0
2022-02-01,2022-04-30,Zip Code: 98116,All Residential,1005500.0,937000.0,617.4161697486348,128.0,155.0,28.0,1.1022677890733978,0.6953125
2021-04-01,2021-06-30,Zip Code: 98104,All Residential,639350.0,599900.0,795.1290161495102,36.0,57.0,45.0,0.988144300794389,0.1388888888888889
2016-08-01,2016-10-31,Zip Code: 98125,Condo/Co-op,240000.0,227500.0,257.6013513513513,33.0,33.0,9.0,1.0377551535383214,0.4545454545454545
2016-11-01,2017-01-31,Zip Code: 98117,Single Family Residential,707750.0,699990.0,360.9152752009895,116.0,65.0,12.0,1.025618656015869,0.4655172413793103
2020-01-01,2020-03-31,Zip Code: 98177,Townhouse,397499.5,375000.0,356.3454065311205,8.0,3.0,,1.0060739293016794,0.5
2013-10-01,2013-12-31,Zip Code: 98106,Condo/Co-op,149000.0,169450.0,146.65354330708664,4.0,2.0,3.0,0.9971451356390976,0.25
2018-12-01,2019-02-28,Zip Code: 98146,Townhouse,260000.0,404974.5,228.0701754385965,1.0,2.0,4.0,0.9454545454545454,0.0
2013-12-01,2014-02-28,Zip Code: 98199,Single Family Residential,662250.0,649950.0,283.05432975668725,60.0,53.0,34.0,0.9876223553074444,0.2333333333333333
2013-09-01,2013-11-30,Zip Code: 98116,All Residential,475000.0,449950.0,271.77858439201447,115.0,109.0,60.0,0.998664796377696,0.3391304347826086
2019-03-01,2019-05-31,Zip Code: 98126,Single Family Residential,675000.0,650000.0,394.04761904761904,119.0,150.0,43.0,1.0102787740429604,0.4285714285714285
2015-03-01,2015-05-31,Zip Code: 98118,Condo/Co-op,264750.0,204950.0,311.49617415538063,6.0,13.0,12.0,1.0058229617653514,0.3333333333333333
2016-09-01,2016-11-30,Zip Code: 98126,Condo/Co-op,265000.0,260000.0,323.4649122807017,21.0,17.0,6.0,1.0123922926715538,0.4285714285714285
2015-06-01,2015-08-31,Zip Code: 98109,All Residential,479000.0,489000.0,437.86908257768886,130.0,117.0,39.0,1.0343178124150014,0.5615384615384615
2023-03-01,2023-05-31,Zip Code: 98115,Townhouse,740000.0,791000.0,599.5065789473684,27.0,28.0,12.0,0.995718829952279,0.2592592592592592
2012-09-01,2012-11-30,Zip Code: 98199,Townhouse,379000.0,409000.0,280.688622754491,11.0,11.0,4.0,0.9746995393741352,0.0909090909090909
2017-07-01,2017-09-30,Zip Code: 98108,Single Family Residential,585000.0,549000.0,301.33928571428567,65.0,87.0,36.0,1.0355512201742911,0.5692307692307692
2023-06-01,2023-08-31,Zip Code: 98119,Multi-Family (2-4 Unit),1335000.0,1294250.0,536.9432086560114,2.0,2.0,2.0,0.9969933648725045,0.5
2019-01-01,2019-03-31,Zip Code: 98117,Condo/Co-op,437500.0,465000.0,552.660123966942,4.0,6.0,3.0,0.9765513754045309,0.0
2013-07-01,2013-09-30,Zip Code: 98117,Condo/Co-op,230000.0,337250.0,306.02782071097374,5.0,8.0,9.0,0.9945005174324966,0.2
2015-07-01,2015-09-30,Zip Code: 98177,Townhouse,295975.0,344475.0,240.43263406008504,10.0,4.0,,1.0162031250249313,0.2999999999999999
2015-10-01,2015-12-31,Zip Code: 98109,Townhouse,774475.0,675000.0,480.1620648259304,14.0,5.0,7.0,1.0085160368901709,0.2142857142857142
2018-05-01,2018-07-31,Zip Code: 98177,Multi-Family (2-4 Unit),685000.0,799950.0,344.2211055276382,1.0,3.0,3.0,0.9448927512242224,0.0
2013-01-01,2013-03-31,Zip Code: 98146,All Residential,255500.0,275623.0,161.81758744687806,61.0,98.0,72.0,0.9911783901772704,0.2622950819672131
2015-06-01,2015-08-31,Zip Code: 98105,Multi-Family (2-4 Unit),718500.0,664975.0,295.4892417112684,4.0,6.0,2.0,1.0833258739399394,1.0
2023-12-01,2024-02-29,Zip Code: 98199,Townhouse,870225.0,829975.0,557.2184481911934,12.0,8.0,1.0,0.983824820174978,0.25
2017-06-01,2017-08-31,Zip Code: 98122,Condo/Co-op,460000.0,399000.0,641.9939577039275,65.0,57.0,7.0,1.0865256820123703,0.8
2012-11-01,2013-01-31,Zip Code: 98144,Single Family Residential,435500.0,399450.0,209.43030323382249,46.0,38.0,29.0,0.9844512138881956,0.3478260869565217
2019-01-01,2019-03-31,Zip Code: 98116,Townhouse,715000.0,765000.0,453.7366548042705,17.0,19.0,3.0,0.9932716299320064,0.2352941176470588
2018-02-01,2018-04-30,Zip Code: 98109,Townhouse,990000.0,898475.0,645.7851801495581,9.0,8.0,2.0,1.0402779495014778,0.6666666666666666
2019-05-01,2019-07-31,Zip Code: 98105,Townhouse,808250.0,824475.0,593.1146978021977,10.0,18.0,11.0,0.9844875308320916,0.0
2019-03-01,2019-05-31,Zip Code: 98107,All Residential,750987.5,744975.0,539.0625,166.0,250.0,94.0,1.0043462512614432,0.253012048192771
2015-10-01,2015-12-31,Zip Code: 98105,Condo/Co-op,439500.0,405000.0,427.0941824133314,14.0,8.0,2.0,1.0284696573448529,0.4285714285714285
2021-05-01,2021-07-31,Zip Code: 98105,Multi-Family (2-4 Unit),1225000.0,1385000.0,472.00462880541215,2.0,6.0,4.0,0.9901960784313724,0.0
2020-05-01,2020-07-31,Zip Code: 98133,Single Family Residential,651000.0,649950.0,394.44444444444446,126.0,143.0,28.0,1.0286245252322954,0.4761904761904761
2020-05-01,2020-07-31,Zip Code: 98115,Condo/Co-op,420000.0,488000.0,506.32911392405066,25.0,37.0,14.0,0.9989704114066398,0.28
2022-07-01,2022-09-30,Zip Code: 98144,Single Family Residential,922500.0,899950.0,543.2013638535377,44.0,75.0,44.0,1.007460643089823,0.2727272727272727
2015-06-01,2015-08-31,Zip Code: 98115,Single Family Residential,621000.0,599000.0,327.57309941520464,192.0,217.0,49.0,1.066240087098001,0.671875
2017-12-01,2018-02-28,Zip Code: 98199,All Residential,867000.0,859500.0,493.1715186444018,66.0,64.0,22.0,1.0569423285672526,0.5606060606060606
2019-05-01,2019-07-31,Zip Code: 98106,Townhouse,487000.0,529900.0,355.9065315315316,32.0,41.0,30.0,0.9940141613545996,0.0625
2023-07-01,2023-09-30,Zip Code: 98105,Townhouse,865000.0,865000.0,592.4657534246576,3.0,11.0,6.0,0.9957182616142152,0.0
2014-08-01,2014-10-31,Zip Code: 98144,Condo/Co-op,252950.0,241250.0,289.74384189593246,22.0,14.0,6.0,0.99262639797348,0.2272727272727272
2018-06-01,2018-08-31,Zip Code: 98133,Condo/Co-op,312650.0,317500.0,386.3636363636364,36.0,60.0,22.0,1.016257643028876,0.4444444444444444
2017-06-01,2017-08-31,Zip Code: 98136,Townhouse,572999.5,539950.0,418.1539807524059,12.0,12.0,4.0,1.095812011966449,0.8333333333333333
2022-05-01,2022-07-31,Zip Code: 98108,Multi-Family (2-4 Unit),775000.0,775000.0,407.89473684210526,3.0,3.0,,1.0066666666666666,0.3333333333333333
2014-11-01,2015-01-31,Zip Code: 98106,All Residential,312250.0,349000.0,200.11847762902747,88.0,101.0,50.0,0.9937153193297568,0.1931818181818181
2016-08-01,2016-10-31,Zip Code: 98108,Multi-Family (2-4 Unit),487500.0,522500.0,184.4209811606161,2.0,2.0,,0.9538297872340424,0.0
2021-02-01,2021-04-30,Zip Code: 98116,All Residential,850000.0,832500.0,514.0096618357488,145.0,188.0,59.0,1.0563932497610011,0.5379310344827585
2017-01-01,2017-03-31,Zip Code: 98146,Single Family Residential,453500.0,399950.0,267.85714285714283,65.0,77.0,22.0,1.0346268330107238,0.5538461538461538
2021-02-01,2021-04-30,Zip Code: 98126,Condo/Co-op,400000.0,393500.0,463.4323167469235,10.0,22.0,7.0,0.9914124408116904,0.1
2017-01-01,2017-03-31,Zip Code: 98199,Multi-Family (2-4 Unit),875475.0,879000.0,330.14742254621194,2.0,3.0,,1.0529304194649345,0.5
2021-02-01,2021-04-30,Zip Code: 98125,All Residential,700000.0,699000.0,450.0567721005677,132.0,159.0,31.0,1.0755298947436798,0.5833333333333333
2016-10-01,2016-12-31,Zip Code: 98105,Multi-Family (2-4 Unit),885000.0,899900.0,358.58359480053787,5.0,3.0,,1.0001023867070056,0.4
2019-07-01,2019-09-30,Zip Code: 98133,Single Family Residential,583000.0,595000.0,358.55501580692413,130.0,145.0,66.0,0.9978110853856588,0.323076923076923
2023-06-01,2023-08-31,Zip Code: 98112,Single Family Residential,1876000.0,1737500.0,714.4495412844037,55.0,48.0,21.0,0.9800642712884932,0.2363636363636363
2018-06-01,2018-08-31,Zip Code: 98199,Townhouse,865000.0,792000.0,466.1016949152543,7.0,18.0,9.0,1.0015836127337443,0.1428571428571428
2012-10-01,2012-12-31,Zip Code: 98199,Condo/Co-op,213140.0,279950.0,240.8361581920904,9.0,7.0,10.0,0.9713777984873858,0.1111111111111111
2013-05-01,2013-07-31,Zip Code: 98108,Multi-Family (2-4 Unit),296000.0,320000.0,128.12120261847832,4.0,1.0,,0.9316933821002756,0.0
2022-11-01,2023-01-31,Zip Code: 98112,All Residential,1354000.0,1249975.0,674.6031746031746,35.0,36.0,29.0,0.9760555342684302,0.0571428571428571
2014-07-01,2014-09-30,Zip Code: 98106,Condo/Co-op,159500.0,179950.0,174.64358452138492,5.0,3.0,1.0,1.0022671961287963,0.2
2016-06-01,2016-08-31,Zip Code: 98177,Single Family Residential,677288.0,699500.0,304.1744819677669,92.0,100.0,42.0,1.0299105152250216,0.4673913043478261
2016-11-01,2017-01-31,Zip Code: 98115,Single Family Residential,710000.0,750000.0,372.2904483430799,122.0,75.0,20.0,1.031753016191736,0.4836065573770491
2014-07-01,2014-09-30,Zip Code: 98146,Condo/Co-op,129925.0,95000.0,133.29003689376032,8.0,5.0,4.0,0.9749134185164436,0.0
2023-11-01,2024-01-31,Zip Code: 98177,Single Family Residential,1075000.0,1099500.0,513.9920045688177,35.0,26.0,13.0,1.003342402847213,0.2571428571428571
2020-05-01,2020-07-31,Zip Code: 98116,Townhouse,719999.0,699500.0,503.6764705882353,21.0,35.0,18.0,0.991146058764204,0.1428571428571428
2019-07-01,2019-09-30,Zip Code: 98177,Townhouse,430997.5,388000.0,299.5739970809356,2.0,3.0,2.0,1.0120371484921158,0.5
2014-03-01,2014-05-31,Zip Code: 98126,All Residential,381250.0,375000.0,232.15866186133172,140.0,177.0,74.0,1.0065868075647904,0.4
2019-05-01,2019-07-31,Zip Code: 98108,Single Family Residential,624000.0,597000.0,307.90140401404017,70.0,95.0,42.0,1.0112912572912156,0.4
2018-02-01,2018-04-30,Zip Code: 98177,Single Family Residential,882500.0,875000.0,390.818651826378,56.0,77.0,19.0,1.0702266906997822,0.625
2023-12-01,2024-02-29,Zip Code: 98105,All Residential,1040500.0,985000.0,573.7920168067227,44.0,60.0,35.0,0.985807982770082,0.25
2023-09-01,2023-11-30,Zip Code: 98109,Condo/Co-op,565000.0,525000.0,618.9555125725338,35.0,39.0,34.0,0.9824002807499508,0.1714285714285714
2017-09-01,2017-11-30,Zip Code: 98109,Single Family Residential,1129000.0,988500.0,472.74196654561456,16.0,25.0,7.0,1.0429474673876526,0.6875
2019-02-01,2019-04-30,Zip Code: 98108,Multi-Family (2-4 Unit),640000.0,619999.0,299.50657894736844,2.0,3.0,1.0,1.0491944341845714,0.5
2013-10-01,2013-12-31,Zip Code: 98107,Condo/Co-op,307475.0,340000.0,359.94382392310894,26.0,16.0,12.0,0.982685810294698,0.1538461538461538
2013-08-01,2013-10-31,Zip Code: 98109,Single Family Residential,760000.0,697000.0,339.6652719665272,23.0,28.0,14.0,1.0141238679661249,0.3913043478260869
2016-04-01,2016-06-30,Zip Code: 98106,All Residential,378500.0,376500.0,277.2551319648094,128.0,156.0,35.0,1.0604289180161472,0.75
2022-06-01,2022-08-31,Zip Code: 98106,Multi-Family (2-4 Unit),1085125.0,748944.0,401.4717303510407,2.0,2.0,2.0,1.007608695652174,0.5
2023-08-01,2023-10-31,Zip Code: 98125,Multi-Family (2-4 Unit),1250000.0,,330.6878306878307,1.0,,,0.9615754452094312,0.0
2013-12-01,2014-02-28,Zip Code: 98105,Single Family Residential,617000.0,595000.0,275.96153846153845,35.0,21.0,10.0,1.0189794616722616,0.4571428571428571
2020-08-01,2020-10-31,Zip Code: 98115,All Residential,847000.0,800000.0,479.21337817638266,264.0,281.0,81.0,1.0214897696219851,0.428030303030303
2023-08-01,2023-10-31,Zip Code: 98107,Townhouse,836000.0,859950.0,583.6376988550901,42.0,37.0,14.0,0.9960844454568716,0.2142857142857142
2021-02-01,2021-04-30,Zip Code: 98108,Townhouse,534475.0,544995.0,428.7971368715084,36.0,34.0,8.0,0.9991059239082904,0.2777777777777777
2022-11-01,2023-01-31,Zip Code: 98146,Single Family Residential,677000.0,615000.0,373.3057029177719,44.0,39.0,21.0,0.9886891774727936,0.159090909090909
2020-11-01,2021-01-31,Zip Code: 98177,Condo/Co-op,432000.0,262450.0,358.72994947301663,2.0,2.0,,0.9621752738654146,0.0
2021-08-01,2021-10-31,Zip Code: 98112,All Residential,1245000.0,1265000.0,660.6696428571429,125.0,107.0,31.0,1.0266004965634257,0.3599999999999999
2020-02-01,2020-04-30,Zip Code: 98134,All Residential,450000.0,,375.0,1.0,,,1.0022271714922049,1.0
2022-04-01,2022-06-30,Zip Code: 98133,Multi-Family (2-4 Unit),1070000.0,799721.0,391.8372600941517,2.0,7.0,3.0,1.000716845878136,0.5
2014-09-01,2014-11-30,Zip Code: 98136,All Residential,473600.0,494475.0,289.4736842105263,79.0,74.0,29.0,0.9899689119214456,0.2278481012658227
2023-08-01,2023-10-31,Zip Code: 98105,Single Family Residential,1282500.0,1396500.0,556.5847378277153,42.0,44.0,18.0,1.0112435901323715,0.3809523809523809
2015-04-01,2015-06-30,Zip Code: 98115,Townhouse,463000.0,500000.0,370.89802443644817,16.0,19.0,4.0,1.0257982177791962,0.4375
2012-05-01,2012-07-31,Zip Code: 98146,Condo/Co-op,62500.0,128925.0,93.00595238095238,1.0,14.0,11.0,1.0,0.0
2014-11-01,2015-01-31,Zip Code: 98112,Single Family Residential,1151250.0,1262500.0,382.7751196172249,55.0,38.0,24.0,1.0112459681080217,0.2909090909090908
2016-04-01,2016-06-30,Zip Code: 98106,Townhouse,374500.0,365000.0,271.46810815903524,36.0,38.0,10.0,1.0354873953905204,0.6666666666666666
2022-05-01,2022-07-31,Zip Code: 98118,Condo/Co-op,407500.0,367000.0,562.746489034244,6.0,9.0,4.0,0.9920296936470137,0.3333333333333333
2012-07-01,2012-09-30,Zip Code: 98134,All Residential,183000.0,552000.0,187.69230769230768,1.0,2.0,4.0,0.9387022313413697,0.0
2019-04-01,2019-06-30,Zip Code: 98109,Single Family Residential,1209500.0,1299500.0,545.3020134228188,29.0,38.0,21.0,0.992354889061554,0.2758620689655172
2021-11-01,2022-01-31,Zip Code: 98177,Condo/Co-op,625482.5,692475.0,413.6096594245449,4.0,2.0,,0.9901001140097416,0.25
2016-06-01,2016-08-31,Zip Code: 98126,Single Family Residential,527000.0,498000.0,338.5904976980676,122.0,123.0,24.0,1.0442328952906048,0.5573770491803278
2022-09-01,2022-11-30,Zip Code: 98116,All Residential,875000.0,899000.0,604.1237113402062,93.0,93.0,42.0,0.997213795594326,0.2903225806451613
2018-01-01,2018-03-31,Zip Code: 98126,Townhouse,580000.0,565000.0,398.3739837398374,15.0,17.0,2.0,1.0552382225230237,0.6666666666666666
2017-11-01,2018-01-31,Zip Code: 98177,Single Family Residential,710000.0,705000.0,363.82978723404256,63.0,41.0,7.0,1.0067711152175056,0.4444444444444444
2023-02-01,2023-04-30,Zip Code: 98119,Condo/Co-op,482500.0,425000.0,570.3309692671395,21.0,34.0,21.0,0.9986424383397948,0.0952380952380952
2018-05-01,2018-07-31,Zip Code: 98126,Townhouse,604500.0,588000.0,393.67953275774505,28.0,31.0,12.0,1.0225808033567048,0.4642857142857143
2016-08-01,2016-10-31,Zip Code: 98116,All Residential,619995.0,634950.0,397.90990987066505,154.0,144.0,44.0,1.014407242019574,0.4025974025974026
2016-11-01,2017-01-31,Zip Code: 98136,Townhouse,511000.0,519800.0,381.4814814814815,15.0,5.0,2.0,1.0029362408518712,0.4
2022-10-01,2022-12-31,Zip Code: 98118,Townhouse,658900.0,639950.0,504.07037926944247,10.0,15.0,27.0,1.0044932402961964,0.5
2015-12-01,2016-02-29,Zip Code: 98108,Condo/Co-op,335000.0,375000.0,293.859649122807,1.0,1.0,1.0,0.9572796113730532,0.0
2019-12-01,2020-02-29,Zip Code: 98115,All Residential,799940.0,779000.0,465.528378545335,136.0,143.0,47.0,1.0016039082617672,0.2647058823529411
2019-10-01,2019-12-31,Zip Code: 98116,Multi-Family (2-4 Unit),1420000.0,1495000.0,505.33807829181495,3.0,1.0,1.0,0.9970250169033128,0.3333333333333333
2018-09-01,2018-11-30,Zip Code: 98115,Single Family Residential,867500.0,899000.0,432.6241134751773,137.0,161.0,54.0,0.9980406428567884,0.2773722627737226
2016-09-01,2016-11-30,Zip Code: 98126,Single Family Residential,525500.0,488000.0,316.36074029126206,104.0,107.0,21.0,1.0165424452041478,0.5
2014-05-01,2014-07-31,Zip Code: 98118,All Residential,372000.0,349990.0,200.72169598556607,140.0,187.0,106.0,1.004467073096352,0.4357142857142857
2023-10-01,2023-12-31,Zip Code: 98116,Condo/Co-op,567500.0,599995.0,544.3733591025783,26.0,21.0,12.0,0.9951206485080472,0.3076923076923077
2012-01-01,2012-03-31,Zip Code: 98125,Single Family Residential,329250.0,349975.0,181.75824175824167,48.0,60.0,48.0,0.968967331289132,0.125
2020-06-01,2020-08-31,Zip Code: 98177,Condo/Co-op,457500.0,543994.0,365.1817785190796,4.0,6.0,1.0,0.9782752666111004,0.0
2022-09-01,2022-11-30,Zip Code: 98115,Condo/Co-op,512500.0,525000.0,463.6665362845704,36.0,39.0,13.0,0.9852596351652798,0.1666666666666666
2016-05-01,2016-07-31,Zip Code: 98117,Single Family Residential,715000.0,669000.0,366.3101604278074,175.0,203.0,34.0,1.0705404276718282,0.6914285714285713
2018-02-01,2018-04-30,Zip Code: 98117,Townhouse,708750.0,699500.0,522.2796352583587,24.0,28.0,4.0,1.0435995533334708,0.5416666666666666
2016-07-01,2016-09-30,Zip Code: 98105,Townhouse,595000.0,607475.0,423.2804232804233,9.0,8.0,1.0,1.0682783204607111,0.6666666666666666
2014-03-01,2014-05-31,Zip Code: 98106,Single Family Residential,276000.0,319950.0,205.6962025316456,91.0,103.0,52.0,1.001638498994342,0.4395604395604395
2016-08-01,2016-10-31,Zip Code: 98117,All Residential,675000.0,690000.0,375.0,179.0,187.0,36.0,1.0373736320592033,0.5195530726256982
2023-09-01,2023-11-30,Zip Code: 98107,Townhouse,880000.0,849500.0,579.0960451977401,39.0,34.0,13.0,0.9974901330237246,0.2307692307692307
2022-05-01,2022-07-31,Zip Code: 98144,Townhouse,815000.0,746500.0,564.6749835850295,51.0,71.0,42.0,1.0312887432007125,0.588235294117647
2019-08-01,2019-10-31,Zip Code: 98199,Townhouse,615000.0,779800.0,444.5544554455445,11.0,13.0,9.0,0.9894187068969464,0.1818181818181818
2020-09-01,2020-11-30,Zip Code: 98105,All Residential,953500.0,899975.0,547.4860335195531,123.0,130.0,51.0,0.995334756413775,0.2439024390243902
2022-11-01,2023-01-31,Zip Code: 98107,Condo/Co-op,537500.0,500000.0,642.0715179316096,14.0,11.0,9.0,0.9872325449518063,0.0714285714285714
2015-12-01,2016-02-29,Zip Code: 98125,Single Family Residential,510000.0,462500.0,293.82977610378737,66.0,48.0,15.0,1.0492385228114642,0.606060606060606
2017-11-01,2018-01-31,Zip Code: 98178,Multi-Family (2-4 Unit),315000.0,500000.0,175.0,1.0,1.0,,1.0,0.0
2019-05-01,2019-07-31,Zip Code: 98115,Condo/Co-op,415000.0,400000.0,462.0331661092531,44.0,59.0,31.0,0.9967764030962548,0.2272727272727272
2013-09-01,2013-11-30,Zip Code: 98133,Single Family Residential,343000.0,366500.0,199.0566037735849,123.0,122.0,56.0,0.9956262669117704,0.3089430894308943
2020-12-01,2021-02-28,Zip Code: 98119,Townhouse,907500.0,972347.5,601.419101011106,38.0,32.0,7.0,1.0068691811503527,0.1578947368421052
2018-07-01,2018-09-30,Zip Code: 98146,Condo/Co-op,146475.0,325000.0,283.4857723577236,4.0,10.0,6.0,0.9891076344615106,0.5
2016-05-01,2016-07-31,Zip Code: 98115,Condo/Co-op,280000.0,285000.0,305.41368743615936,41.0,46.0,5.0,1.0493484372723094,0.5609756097560976
2023-07-01,2023-09-30,Zip Code: 98199,Condo/Co-op,476450.0,399950.0,491.4004914004914,15.0,19.0,4.0,1.0037929966355397,0.3333333333333333
2014-02-01,2014-04-30,Zip Code: 98199,Multi-Family (2-4 Unit),557500.0,532475.0,193.94796380090497,2.0,4.0,4.0,1.0,0.0
2016-02-01,2016-04-30,Zip Code: 98109,All Residential,551000.0,525000.0,491.7213114754098,101.0,140.0,37.0,1.0367798206566927,0.5841584158415841
2012-06-01,2012-08-31,Zip Code: 98178,Single Family Residential,212500.0,247475.0,121.25,75.0,86.0,84.0,0.9925898667462426,0.28
2021-09-01,2021-11-30,Zip Code: 98133,Single Family Residential,785000.0,749250.0,448.2758620689655,158.0,132.0,8.0,1.0367484007518046,0.4936708860759493
2023-04-01,2023-06-30,Zip Code: 98133,Single Family Residential,770500.0,795000.0,497.75354416575794,94.0,113.0,30.0,1.0231536577662743,0.4574468085106382
2021-09-01,2021-11-30,Zip Code: 98144,Multi-Family (2-4 Unit),1790000.0,1060000.0,419.19629950852845,5.0,5.0,1.0,1.026881031910674,0.4
2015-08-01,2015-10-31,Zip Code: 98115,All Residential,590500.0,557500.0,328.8202527435983,224.0,206.0,42.0,1.0413575390030596,0.5758928571428571
2022-10-01,2022-12-31,Zip Code: 98126,Condo/Co-op,417500.0,503894.0,476.9480888513624,18.0,16.0,8.0,0.9841496746686584,0.2222222222222222
2018-02-01,2018-04-30,Zip Code: 98112,Multi-Family (2-4 Unit),1400000.0,1400000.0,748.663101604278,1.0,1.0,,1.0,0.0
2023-12-01,2024-02-29,Zip Code: 98126,Single Family Residential,847500.0,830000.0,471.1431742508324,26.0,38.0,20.0,0.9954116412835148,0.3846153846153846
2019-10-01,2019-12-31,Zip Code: 98126,Single Family Residential,615000.0,644975.0,370.8795103092783,82.0,58.0,16.0,0.9976167138368895,0.2926829268292682
2014-08-01,2014-10-31,Zip Code: 98133,Multi-Family (2-4 Unit),484250.0,574500.0,234.8325195378788,2.0,4.0,2.0,1.0193908652533892,0.5
2016-12-01,2017-02-28,Zip Code: 98102,Multi-Family (2-4 Unit),1385000.0,899000.0,477.5862068965517,1.0,3.0,1.0,1.025925925925926,1.0
2020-07-01,2020-09-30,Zip Code: 98107,Townhouse,742000.0,750000.0,545.5635491606714,63.0,67.0,25.0,1.008923452634762,0.4603174603174602
2017-11-01,2018-01-31,Zip Code: 98106,Condo/Co-op,255000.0,315000.0,249.51076320939336,3.0,3.0,,0.9894974337395674,0.3333333333333333
2023-05-01,2023-07-31,Zip Code: 98118,Townhouse,650000.0,667425.0,492.0721705850192,31.0,46.0,26.0,0.994928006769348,0.2258064516129032
2020-09-01,2020-11-30,Zip Code: 98125,Townhouse,569000.0,569950.0,415.12915129151287,15.0,20.0,21.0,1.0029178441213331,0.2666666666666666
2016-03-01,2016-05-31,Zip Code: 98144,Condo/Co-op,299800.0,299950.0,393.25842696629206,19.0,23.0,4.0,1.0752078679795811,0.7368421052631579
2016-04-01,2016-06-30,Zip Code: 98119,Townhouse,730000.0,745000.0,461.1650485436893,11.0,15.0,1.0,1.0130078607286963,0.3636363636363636
2013-10-01,2013-12-31,Zip Code: 98116,Townhouse,501688.0,477500.0,288.255033557047,15.0,18.0,5.0,0.9996938534857144,0.2666666666666666
2018-03-01,2018-05-31,Zip Code: 98118,Condo/Co-op,395000.0,389894.0,436.4640883977901,3.0,10.0,4.0,1.0063104158445293,0.3333333333333333
2015-01-01,2015-03-31,Zip Code: 98108,Townhouse,279000.0,310000.0,237.17799547098048,6.0,1.0,,1.0244020598281336,0.6666666666666666
2015-12-01,2016-02-29,Zip Code: 98126,Condo/Co-op,280000.0,304500.0,348.51851851851853,13.0,10.0,2.0,1.0381106909239457,0.5384615384615384
2019-02-01,2019-04-30,Zip Code: 98146,Condo/Co-op,250000.0,250000.0,240.69444444444449,9.0,5.0,2.0,0.9969383260446844,0.2222222222222222
2015-09-01,2015-11-30,Zip Code: 98133,Single Family Residential,440000.0,411975.0,257.40740740740733,117.0,120.0,23.0,1.0323144490445826,0.5555555555555555
2018-12-01,2019-02-28,Zip Code: 98102,Multi-Family (2-4 Unit),1600000.0,1515000.0,471.49122807017545,5.0,6.0,1.0,0.965530303030303,0.0
2019-08-01,2019-10-31,Zip Code: 98118,Multi-Family (2-4 Unit),770000.0,750000.0,258.58543417366946,4.0,5.0,3.0,0.95471489462942,0.25
2019-06-01,2019-08-31,Zip Code: 98112,All Residential,1100000.0,1080000.0,558.5106382978723,105.0,114.0,54.0,0.9957301557472918,0.3047619047619047
2021-02-01,2021-04-30,Zip Code: 98177,Multi-Family (2-4 Unit),657500.0,,490.6716417910448,1.0,,,0.946043165467626,0.0
2019-05-01,2019-07-31,Zip Code: 98122,Townhouse,760000.0,799000.0,560.8391608391609,31.0,39.0,23.0,0.9986341137102956,0.2258064516129032
2018-03-01,2018-05-31,Zip Code: 98115,All Residential,850000.0,774950.0,472.2513089005236,187.0,249.0,56.0,1.0913843171005049,0.695187165775401
2019-06-01,2019-08-31,Zip Code: 98117,Townhouse,612000.0,620000.0,455.16201959306704,33.0,33.0,18.0,0.9899261850278026,0.1818181818181818
2018-02-01,2018-04-30,Zip Code: 98146,Multi-Family (2-4 Unit),557500.0,500000.0,339.9390243902439,1.0,1.0,,1.115,1.0
2014-04-01,2014-06-30,Zip Code: 98199,All Residential,627000.0,649950.0,304.19238135773566,118.0,160.0,70.0,1.0154615097954272,0.4576271186440678
2013-11-01,2014-01-31,Zip Code: 98116,Townhouse,499500.0,454500.0,293.67469879518075,13.0,12.0,5.0,1.0050337609713236,0.1538461538461538
2022-07-01,2022-09-30,Zip Code: 98116,Townhouse,899995.0,795000.0,547.7815492787005,16.0,13.0,11.0,0.9983942357729864,0.1875
2022-12-01,2023-02-28,Zip Code: 98118,Townhouse,592500.0,549950.0,419.95502209670246,14.0,18.0,27.0,0.99399565121744,0.5
2019-08-01,2019-10-31,Zip Code: 98115,Multi-Family (2-4 Unit),1200000.0,1385000.0,332.409972299169,1.0,1.0,,0.9266409266409266,0.0
2016-01-01,2016-03-31,Zip Code: 98125,Condo/Co-op,207888.0,195500.0,239.8557258791704,17.0,21.0,5.0,1.0147423007445633,0.2941176470588235
2013-10-01,2013-12-31,Zip Code: 98109,Condo/Co-op,305000.0,299999.5,374.8488512696493,59.0,50.0,32.0,0.9890942677588426,0.2033898305084745
2017-01-01,2017-03-31,Zip Code: 98177,Single Family Residential,775000.0,769475.0,325.1748251748252,63.0,58.0,17.0,1.0231528811191162,0.3968253968253968
2013-02-01,2013-04-30,Zip Code: 98125,Multi-Family (2-4 Unit),350000.0,,201.1494252873563,1.0,,2.0,1.0000285722449214,1.0
2022-02-01,2022-04-30,Zip Code: 98199,Single Family Residential,1527500.0,1395000.0,658.1277892506052,68.0,96.0,19.0,1.126503942860003,0.7058823529411765
2023-12-01,2024-02-29,Zip Code: 98133,Townhouse,699482.5,724990.0,464.0902872777018,56.0,47.0,18.0,0.9864407688469576,0.1785714285714285
2014-08-01,2014-10-31,Zip Code: 98116,Condo/Co-op,349000.0,375000.0,381.3725490196079,35.0,23.0,10.0,0.9817753103392356,0.0571428571428571
2020-08-01,2020-10-31,Zip Code: 98146,Single Family Residential,590000.0,550000.0,343.5005292982128,108.0,110.0,38.0,1.02222933757233,0.4722222222222222
2016-03-01,2016-05-31,Zip Code: 98136,Condo/Co-op,267500.0,260000.0,378.57142857142856,13.0,15.0,3.0,1.0696013836482272,0.6153846153846154
2021-04-01,2021-06-30,Zip Code: 98126,Multi-Family (2-4 Unit),828000.0,828000.0,331.2,1.0,3.0,,1.0,0.0
2023-07-01,2023-09-30,Zip Code: 98109,All Residential,960000.0,929000.0,642.4025457438345,83.0,89.0,54.0,0.9867236261758808,0.180722891566265
2016-01-01,2016-03-31,Zip Code: 98177,All Residential,650000.0,627475.0,283.8056680161943,55.0,74.0,25.0,1.0630394212255505,0.5636363636363636
2015-11-01,2016-01-31,Zip Code: 98125,Townhouse,400500.0,350000.0,326.4124668435013,4.0,7.0,1.0,1.1146550256602623,0.75
2016-04-01,2016-06-30,Zip Code: 98177,Townhouse,370000.0,399950.0,344.0968718466196,3.0,6.0,1.0,1.0695300369529357,0.6666666666666666
2014-02-01,2014-04-30,Zip Code: 98106,All Residential,258866.0,300000.0,180.6047657663277,92.0,112.0,65.0,0.9959897940835276,0.3804347826086956
2014-07-01,2014-09-30,Zip Code: 98126,All Residential,365000.0,384975.0,241.9753086419753,147.0,160.0,88.0,1.0027969297791544,0.2721088435374149
2022-03-01,2022-05-31,Zip Code: 98105,Condo/Co-op,487500.0,449750.0,642.2468180820715,20.0,24.0,8.0,1.0150504315445663,0.4
2019-06-01,2019-08-31,Zip Code: 98177,Single Family Residential,865000.0,849990.0,365.768551236749,87.0,81.0,46.0,1.00660931845416,0.3333333333333333
2012-09-01,2012-11-30,Zip Code: 98125,Single Family Residential,325000.0,381975.0,198.7704918032787,89.0,90.0,35.0,0.9994414531050096,0.3033707865168539
2019-04-01,2019-06-30,Zip Code: 98125,Multi-Family (2-4 Unit),1050000.0,808500.0,310.6508875739645,1.0,5.0,4.0,0.958904109589041,0.0
2017-06-01,2017-08-31,Zip Code: 98144,Condo/Co-op,352000.0,317475.0,461.89376443418007,19.0,16.0,4.0,1.0696114519067383,0.631578947368421
2016-01-01,2016-03-31,Zip Code: 98199,Condo/Co-op,302000.0,299950.0,333.03085299455535,13.0,19.0,7.0,0.9947149779291794,0.3076923076923077
2023-04-01,2023-06-30,Zip Code: 98105,Multi-Family (2-4 Unit),1200000.0,1850000.0,425.531914893617,3.0,3.0,2.0,0.8975920653456778,0.0
2021-08-01,2021-10-31,Zip Code: 98112,Condo/Co-op,615000.0,522000.0,740.7407407407406,19.0,16.0,8.0,1.0061196671344743,0.3157894736842105
2019-02-01,2019-04-30,Zip Code: 98109,Condo/Co-op,477500.0,499993.0,607.9651261215506,46.0,79.0,54.0,0.9785065246221823,0.1304347826086956
2022-11-01,2023-01-31,Zip Code: 98115,Townhouse,900000.0,799965.0,613.5151155898044,15.0,14.0,9.0,0.9723533726376176,0.1333333333333333
2015-04-01,2015-06-30,Zip Code: 98146,Townhouse,224750.0,257900.0,132.4745109887968,4.0,1.0,1.0,1.0032228777959098,0.25
2014-10-01,2014-12-31,Zip Code: 98106,Townhouse,299900.0,349900.0,211.6078431372549,27.0,32.0,16.0,0.9954069126192444,0.074074074074074
2017-09-01,2017-11-30,Zip Code: 98108,All Residential,567250.0,559000.0,344.95567375886526,90.0,104.0,27.0,1.0168070049532614,0.4888888888888888
2016-05-01,2016-07-31,Zip Code: 98134,Condo/Co-op,305000.0,318000.0,283.2674571805007,3.0,3.0,2.0,1.022867703850822,0.3333333333333333
2019-05-01,2019-07-31,Zip Code: 98104,All Residential,610000.0,495000.0,603.7735849056604,19.0,35.0,43.0,0.996022560873196,0.1578947368421052
2015-03-01,2015-05-31,Zip Code: 98105,Multi-Family (2-4 Unit),901000.0,890000.0,327.1604938271605,7.0,11.0,5.0,1.0441362218588384,0.5714285714285714
2023-02-01,2023-04-30,Zip Code: 98178,Condo/Co-op,446500.0,623000.0,309.25421883505715,2.0,1.0,,0.9591836734693876,0.0
2015-02-01,2015-04-30,Zip Code: 98104,All Residential,331500.0,399000.0,425.972485768501,24.0,27.0,15.0,0.9876986039837904,0.2083333333333333
2017-08-01,2017-10-31,Zip Code: 98108,All Residential,565000.0,554500.0,326.55246252676653,83.0,114.0,36.0,1.0262401340299836,0.4698795180722891
2013-05-01,2013-07-31,Zip Code: 98133,Single Family Residential,334900.0,347950.0,206.3430356193514,142.0,167.0,75.0,1.0134145966021066,0.5140845070422535
2013-11-01,2014-01-31,Zip Code: 98177,Condo/Co-op,194500.0,297000.0,174.09503011051552,2.0,4.0,1.0,1.0,0.0
2018-08-01,2018-10-31,Zip Code: 98126,All Residential,599000.0,588725.0,375.16778523489927,127.0,150.0,97.0,0.9972395710090308,0.2047244094488188
2020-06-01,2020-08-31,Zip Code: 98104,All Residential,615000.0,615000.0,621.875,17.0,55.0,48.0,0.9889674947226536,0.0588235294117647
2023-02-01,2023-04-30,Zip Code: 98109,Single Family Residential,1262500.0,1475000.0,640.9434796444295,18.0,21.0,7.0,0.9979151673233034,0.3888888888888889
2020-11-01,2021-01-31,Zip Code: 98107,Condo/Co-op,435000.0,460225.0,556.6218809980808,29.0,26.0,20.0,0.9856891104645812,0.0689655172413793
2017-04-01,2017-06-30,Zip Code: 98104,All Residential,355000.0,525000.0,577.1543086172345,33.0,37.0,17.0,1.072548146516368,0.7272727272727272
2015-01-01,2015-03-31,Zip Code: 98126,Multi-Family (2-4 Unit),577750.0,,187.58116883116884,1.0,,,0.9710084033613444,0.0
2022-05-01,2022-07-31,Zip Code: 98126,Condo/Co-op,372500.0,403950.0,479.034214488874,20.0,25.0,7.0,1.0239750605700084,0.3499999999999999
2020-01-01,2020-03-31,Zip Code: 98105,Condo/Co-op,453000.0,544950.0,459.2274678111588,11.0,12.0,9.0,0.9687652855207834,0.0
2023-09-01,2023-11-30,Zip Code: 98199,Condo/Co-op,420000.0,450000.0,486.38838475499085,13.0,15.0,9.0,1.01466499404412,0.3076923076923077
2013-03-01,2013-05-31,Zip Code: 98177,Townhouse,270000.0,289250.0,158.91472868217053,3.0,2.0,,0.936740361876478,0.0
2015-02-01,2015-04-30,Zip Code: 98133,Single Family Residential,418300.0,399950.0,245.6847108859493,128.0,150.0,39.0,1.0115071660477335,0.4609375
2015-02-01,2015-04-30,Zip Code: 98109,Condo/Co-op,349000.0,350000.0,439.3063583815029,55.0,81.0,25.0,1.011646013405518,0.4545454545454545
2020-05-01,2020-07-31,Zip Code: 98144,Townhouse,650000.0,679500.0,521.4285714285713,69.0,77.0,27.0,0.9974104812779204,0.1884057971014492
2015-08-01,2015-10-31,Zip Code: 98122,Multi-Family (2-4 Unit),640000.0,899000.0,291.04477611940297,5.0,5.0,2.0,0.9966579368657686,0.4
2013-12-01,2014-02-28,Zip Code: 98105,Condo/Co-op,315000.0,286500.0,330.88235294117646,7.0,12.0,9.0,0.9984613280241496,0.2857142857142857
2020-12-01,2021-02-28,Zip Code: 98199,All Residential,1093000.0,1050000.0,512.8499562554681,104.0,103.0,28.0,0.9986752395723556,0.2692307692307692
2018-11-01,2019-01-31,Zip Code: 98125,Townhouse,527500.0,565000.0,383.1392284991568,4.0,2.0,2.0,0.9910881801125704,0.25
2012-02-01,2012-04-30,Zip Code: 98178,Single Family Residential,229000.0,219975.0,104.44444444444444,63.0,94.0,94.0,0.9915592611442116,0.3333333333333333
2018-04-01,2018-06-30,Zip Code: 98199,Multi-Family (2-4 Unit),1125000.0,1295000.0,388.96147890050327,2.0,3.0,1.0,1.0000005000005,0.5
2017-05-01,2017-07-31,Zip Code: 98108,Single Family Residential,540000.0,550000.0,318.1818181818182,79.0,76.0,27.0,1.0777706260835882,0.6962025316455696
2013-02-01,2013-04-30,Zip Code: 98146,Condo/Co-op,221350.0,109000.0,212.22445813763088,4.0,7.0,7.0,0.9252877069876432,0.0
2015-05-01,2015-07-31,Zip Code: 98108,All Residential,359500.0,429000.0,226.06382978723408,63.0,85.0,37.0,1.0398269232372903,0.5079365079365079
2015-11-01,2016-01-31,Zip Code: 98115,Townhouse,576975.0,529000.0,343.87438614629104,10.0,9.0,2.0,1.0096882749388068,0.2999999999999999
2023-09-01,2023-11-30,Zip Code: 98105,Single Family Residential,1398000.0,1350000.0,537.3831775700935,29.0,37.0,16.0,1.008892795851296,0.3448275862068965
2017-06-01,2017-08-31,Zip Code: 98109,Single Family Residential,1182500.0,1319750.0,540.4666321121912,30.0,28.0,9.0,1.07882868492917,0.5666666666666667
2013-08-01,2013-10-31,Zip Code: 98125,Townhouse,289500.0,317000.0,197.0795620437956,19.0,26.0,18.0,0.9958862774380784,0.4210526315789473
2015-09-01,2015-11-30,Zip Code: 98105,Multi-Family (2-4 Unit),685000.0,817000.0,292.6065162907268,5.0,4.0,2.0,1.0054426126699023,0.5999999999999999
2020-11-01,2021-01-31,Zip Code: 98144,Townhouse,697475.0,695000.0,498.36506355982726,48.0,51.0,32.0,0.992630097411972,0.1041666666666666
2021-03-01,2021-05-31,Zip Code: 98146,Townhouse,407500.0,315000.0,296.9188045490611,2.0,3.0,,1.062641970994234,0.5
2019-07-01,2019-09-30,Zip Code: 98115,All Residential,740000.0,745000.0,441.0876132930513,223.0,251.0,133.0,1.0035361409695265,0.2825112107623318
2015-04-01,2015-06-30,Zip Code: 98125,All Residential,431000.0,400000.0,272.33711542072365,156.0,190.0,47.0,1.0357451676040386,0.5897435897435896
2020-06-01,2020-08-31,Zip Code: 98126,All Residential,640000.0,649900.0,398.6206896551725,141.0,225.0,86.0,1.0097472405425114,0.3971631205673759
2017-04-01,2017-06-30,Zip Code: 98177,Townhouse,586000.0,411500.0,409.79020979020976,1.0,4.0,,1.1057646947825266,1.0
2022-05-01,2022-07-31,Zip Code: 98119,Townhouse,970000.0,998940.0,694.0210027100271,14.0,30.0,9.0,1.0487897801292416,0.5714285714285714
2022-12-01,2023-02-28,Zip Code: 98106,Townhouse,615000.0,587500.0,427.68392370572207,27.0,30.0,11.0,0.9937918534877126,0.1851851851851851
2021-12-01,2022-02-28,Zip Code: 98112,Condo/Co-op,705000.0,925000.0,771.3086412296726,14.0,11.0,3.0,1.0063435646388794,0.2857142857142857
2018-10-01,2018-12-31,Zip Code: 98199,All Residential,970000.0,1050000.0,427.79639882858976,105.0,69.0,43.0,0.9839281505045266,0.2
2023-06-01,2023-08-31,Zip Code: 98107,Townhouse,799000.0,860000.0,601.4040176256627,46.0,39.0,13.0,0.9965300070777456,0.1739130434782608
2022-11-01,2023-01-31,Zip Code: 98106,Townhouse,602500.0,585000.0,423.3835005574136,14.0,31.0,16.0,0.9886620091845068,0.1428571428571428
2017-04-01,2017-06-30,Zip Code: 98112,Single Family Residential,1350000.0,1395000.0,487.4763870148424,76.0,93.0,34.0,1.0615358998458302,0.5263157894736841
2022-07-01,2022-09-30,Zip Code: 98102,Townhouse,989900.0,950000.0,745.8251150558841,18.0,16.0,11.0,0.9886757932556614,0.1666666666666666
2014-03-01,2014-05-31,Zip Code: 98105,Single Family Residential,720500.0,785000.0,338.3934401044667,58.0,83.0,24.0,1.0422242125024594,0.586206896551724
2021-01-01,2021-03-31,Zip Code: 98125,Condo/Co-op,332675.0,327500.0,376.2661037316018,14.0,16.0,6.0,1.0046028672352982,0.4285714285714285
2017-04-01,2017-06-30,Zip Code: 98136,Condo/Co-op,378500.0,340000.0,474.580404078789,12.0,12.0,1.0,1.1074321970285788,1.0
2014-03-01,2014-05-31,Zip Code: 98117,Condo/Co-op,288000.0,291500.0,312.49826388888886,5.0,8.0,6.0,0.9839530159009142,0.0
2016-11-01,2017-01-31,Zip Code: 98126,Condo/Co-op,262000.0,242450.0,365.8536585365854,15.0,4.0,1.0,1.0023216281450218,0.4
2019-11-01,2020-01-31,Zip Code: 98133,Townhouse,502500.0,477475.0,360.03205128205127,30.0,16.0,4.0,0.9884890239747796,0.1
2013-12-01,2014-02-28,Zip Code: 98133,All Residential,324500.0,325000.0,203.5042475728156,122.0,134.0,77.0,0.9914172429576638,0.2459016393442622
2018-12-01,2019-02-28,Zip Code: 98102,All Residential,745000.0,527475.0,599.5717344753747,67.0,90.0,56.0,0.977028379585076,0.0746268656716417
2016-07-01,2016-09-30,Zip Code: 98113,Single Family Residential,520000.0,520000.0,460.17699115044246,1.0,1.0,,1.0,0.0
2019-10-01,2019-12-31,Zip Code: 98115,Townhouse,749950.0,749950.0,505.6377730796335,27.0,21.0,16.0,0.9923117025619064,0.037037037037037
2021-11-01,2022-01-31,Zip Code: 98178,Condo/Co-op,295500.0,287749.5,237.34939759036143,1.0,2.0,,1.0,0.0
2022-04-01,2022-06-30,Zip Code: 98134,Single Family Residential,1050000.0,1050000.0,582.3627287853577,1.0,1.0,,1.0,0.0
2020-06-01,2020-08-31,Zip Code: 98106,Multi-Family (2-4 Unit),761500.0,899975.0,316.8542654028436,2.0,4.0,3.0,1.004511651235168,0.5
2012-12-01,2013-02-28,Zip Code: 98133,Condo/Co-op,117500.0,135790.0,135.9872932436221,22.0,16.0,12.0,0.9810115310563352,0.2727272727272727
2016-07-01,2016-09-30,Zip Code: 98136,All Residential,599000.0,575000.0,340.36144578313247,93.0,115.0,34.0,1.0333426750105783,0.4838709677419355
2015-10-01,2015-12-31,Zip Code: 98106,Condo/Co-op,207250.0,199500.0,177.27517905600783,4.0,1.0,1.0,1.0,0.0
2020-02-01,2020-04-30,Zip Code: 98119,Multi-Family (2-4 Unit),1300000.0,1268500.0,427.03081232493,5.0,2.0,1.0,0.982723911779744,0.2
2021-10-01,2021-12-31,Zip Code: 98199,Condo/Co-op,420000.0,389000.0,498.0373540280577,14.0,7.0,1.0,1.0089311620116574,0.3571428571428571
2020-01-01,2020-03-31,Zip Code: 98109,Single Family Residential,1225000.0,1479000.0,501.36525060305553,10.0,19.0,14.0,1.0156498343817133,0.4
2019-10-01,2019-12-31,Zip Code: 98115,Condo/Co-op,402500.0,420000.0,386.1144945188794,27.0,19.0,8.0,0.9811929325864048,0.037037037037037
2021-01-01,2021-03-31,Zip Code: 98177,Townhouse,619950.0,609975.0,376.6666666666666,5.0,4.0,2.0,1.0052451177566062,0.2
2019-09-01,2019-11-30,Zip Code: 98133,Multi-Family (2-4 Unit),710000.0,995000.0,393.6335403726708,2.0,5.0,1.0,1.0,0.0
2012-07-01,2012-09-30,Zip Code: 98146,Condo/Co-op,124950.0,126950.0,213.22525597269623,3.0,11.0,8.0,0.9702048417132216,0.0
2014-07-01,2014-09-30,Zip Code: 98115,Condo/Co-op,251000.0,260000.0,256.3840653728294,23.0,37.0,14.0,0.9923145401625062,0.217391304347826
2020-12-01,2021-02-28,Zip Code: 98125,Townhouse,554995.0,609970.0,406.37496628475606,24.0,22.0,7.0,1.007140848351309,0.125
2012-11-01,2013-01-31,Zip Code: 98146,Condo/Co-op,112200.0,104400.0,105.43921916592724,6.0,5.0,3.0,0.9868643496886332,0.3333333333333333
2020-02-01,2020-04-30,Zip Code: 98122,Condo/Co-op,432500.0,424975.0,638.2349456338466,34.0,42.0,15.0,1.0045104624534062,0.3529411764705882
2012-08-01,2012-10-31,Zip Code: 98136,All Residential,399000.0,435000.0,207.38636363636363,71.0,85.0,52.0,0.9895899337337012,0.2676056338028168
2022-06-01,2022-08-31,Zip Code: 98118,Multi-Family (2-4 Unit),750000.0,699950.0,251.6778523489933,1.0,3.0,4.0,0.8384572386808273,0.0
2016-06-01,2016-08-31,Zip Code: 98199,Townhouse,610000.0,599000.0,411.3235294117647,9.0,16.0,3.0,1.030356665108486,0.5555555555555555
2014-09-01,2014-11-30,Zip Code: 98144,Townhouse,384200.0,349950.0,319.77884176926585,22.0,23.0,7.0,1.0058837458066268,0.3181818181818181
2016-02-01,2016-04-30,Zip Code: 98177,Townhouse,328500.0,299950.0,260.97744360902254,2.0,3.0,2.0,1.167411876338364,1.0
2013-11-01,2014-01-31,Zip Code: 98109,Multi-Family (2-4 Unit),650250.0,,268.1935975609756,2.0,,,0.9726313190667272,0.5
2015-01-01,2015-03-31,Zip Code: 98106,All Residential,322500.0,329975.0,205.14345524812367,86.0,110.0,33.0,1.0042084818161987,0.3023255813953488
2015-12-01,2016-02-29,Zip Code: 98118,All Residential,442000.0,425000.0,231.44876325088336,99.0,112.0,44.0,1.0231936947190436,0.4747474747474747
2016-02-01,2016-04-30,Zip Code: 98107,All Residential,427800.0,549950.0,502.08062418725615,221.0,170.0,27.0,1.0384256741112168,0.4660633484162896
2020-03-01,2020-05-31,Zip Code: 98117,Condo/Co-op,423750.0,787500.0,439.03801277225614,2.0,4.0,2.0,0.9965495049290612,0.5
2014-02-01,2014-04-30,Zip Code: 98116,Multi-Family (2-4 Unit),680000.0,1039500.0,286.9198312236287,1.0,4.0,5.0,0.9728183118741058,0.0
2016-11-01,2017-01-31,Zip Code: 98126,All Residential,468750.0,492500.0,325.5662423385196,124.0,66.0,16.0,1.0116287261268828,0.4435483870967741
2023-04-01,2023-06-30,Zip Code: 98177,All Residential,1003750.0,1142500.0,520.8527447307251,78.0,94.0,21.0,1.0301600212590731,0.4487179487179487
2020-01-01,2020-03-31,Zip Code: 98177,Single Family Residential,987500.0,850000.0,381.02083333333337,54.0,65.0,23.0,1.009754468543841,0.4074074074074073
2018-02-01,2018-04-30,Zip Code: 98133,Townhouse,557500.0,525000.0,440.9842110556133,14.0,19.0,3.0,1.0975864097890735,0.7857142857142857
2019-07-01,2019-09-30,Zip Code: 98199,Condo/Co-op,377000.0,449000.0,405.9149408827201,16.0,14.0,9.0,0.9906741248021754,0.125
2019-03-01,2019-05-31,Zip Code: 98115,Condo/Co-op,445000.0,430500.0,431.22102009273567,27.0,50.0,20.0,0.9881029856218224,0.1111111111111111
2021-10-01,2021-12-31,Zip Code: 98109,Single Family Residential,1672500.0,1695000.0,655.6196783739857,28.0,11.0,1.0,1.0609275562860638,0.6785714285714286
2014-07-01,2014-09-30,Zip Code: 98109,Townhouse,650000.0,639975.0,461.6132167152575,13.0,8.0,2.0,0.9881903051859868,0.3076923076923077
2021-08-01,2021-10-31,Zip Code: 98122,Townhouse,779950.0,849475.0,583.6734693877552,65.0,64.0,17.0,1.0013142742322212,0.2461538461538461
2014-10-01,2014-12-31,Zip Code: 98122,Condo/Co-op,311750.0,324500.0,449.2901080557352,46.0,26.0,10.0,0.994134384271739,0.2826086956521738
2016-04-01,2016-06-30,Zip Code: 98122,All Residential,600000.0,593000.0,458.5064935064936,169.0,196.0,41.0,1.051832561626534,0.621301775147929
2015-12-01,2016-02-29,Zip Code: 98144,Multi-Family (2-4 Unit),436500.0,740000.0,257.88073908174687,2.0,4.0,2.0,0.9517039794555175,0.0
2021-05-01,2021-07-31,Zip Code: 98125,Townhouse,659990.0,604975.0,460.82662765179225,41.0,34.0,5.0,1.0217611891047689,0.4146341463414633
2022-04-01,2022-06-30,Zip Code: 98116,Condo/Co-op,577000.0,700000.0,599.53434225844,23.0,28.0,17.0,1.0376475628920727,0.5217391304347825
2013-06-01,2013-08-31,Zip Code: 98144,Single Family Residential,468000.0,449500.0,244.1977563877374,80.0,89.0,46.0,1.005915154724469,0.3499999999999999
2016-09-01,2016-11-30,Zip Code: 98107,Multi-Family (2-4 Unit),937500.0,1124500.0,362.737584304108,2.0,2.0,,1.0645386554056635,0.5
2022-06-01,2022-08-31,Zip Code: 98133,All Residential,800000.0,725000.0,493.9775747280747,212.0,224.0,92.0,1.0189637300956895,0.3867924528301887
2021-08-01,2021-10-31,Zip Code: 98115,Multi-Family (2-4 Unit),1064500.0,1095000.0,421.7390281394108,2.0,3.0,1.0,1.0115769668546797,0.5
2022-12-01,2023-02-28,Zip Code: 98117,Single Family Residential,836250.0,875000.0,517.7005012531329,64.0,39.0,7.0,0.992172130736061,0.265625
2015-12-01,2016-02-29,Zip Code: 98105,Multi-Family (2-4 Unit),930000.0,695000.0,275.5262818029188,2.0,2.0,,0.9883720930232556,0.0
2013-11-01,2014-01-31,Zip Code: 98115,Townhouse,492000.0,369900.0,276.5151515151515,7.0,4.0,3.0,1.0032350759273827,0.4285714285714285
2018-03-01,2018-05-31,Zip Code: 98199,Single Family Residential,1225000.0,1099000.0,478.7234042553192,77.0,101.0,29.0,1.0704130808340553,0.6103896103896103
2013-12-01,2014-02-28,Zip Code: 98109,Single Family Residential,700000.0,849500.0,309.5238095238095,17.0,16.0,9.0,1.0129205288982224,0.4705882352941176
2015-06-01,2015-08-31,Zip Code: 98112,All Residential,882500.0,799999.0,444.33266264252177,114.0,89.0,35.0,1.0308978812669718,0.4473684210526315
2017-12-01,2018-02-28,Zip Code: 98108,Single Family Residential,605000.0,645000.0,326.37075718015666,59.0,47.0,12.0,1.0122331177108332,0.4406779661016949
2018-10-01,2018-12-31,Zip Code: 98115,All Residential,799950.0,760000.0,430.37974683544303,163.0,118.0,52.0,0.990093033851166,0.2024539877300613
2022-04-01,2022-06-30,Zip Code: 98146,Multi-Family (2-4 Unit),1080000.0,921856.5,417.7377892030848,3.0,6.0,3.0,1.011340893929286,0.3333333333333333
2018-07-01,2018-09-30,Zip Code: 98117,Condo/Co-op,510250.0,419990.0,523.8508048402961,8.0,8.0,4.0,1.0115535940980198,0.625
2014-06-01,2014-08-31,Zip Code: 98107,All Residential,513700.0,475000.0,346.9230769230769,119.0,158.0,48.0,1.025284857501546,0.4957983193277311
2016-04-01,2016-06-30,Zip Code: 98126,All Residential,460000.0,450000.0,324.90923737916216,142.0,198.0,45.0,1.0538258898513884,0.6056338028169013
2017-01-01,2017-03-31,Zip Code: 98107,All Residential,740000.0,699950.0,474.95120364346127,121.0,135.0,18.0,1.0515923201597304,0.5619834710743801
2018-08-01,2018-10-31,Zip Code: 98146,Condo/Co-op,260000.0,325000.0,288.5162601626016,7.0,14.0,5.0,0.98694060096937,0.4285714285714285
2018-05-01,2018-07-31,Zip Code: 98199,Townhouse,865000.0,825000.0,538.9408099688474,7.0,12.0,4.0,1.0374466239701194,0.4285714285714285
2014-06-01,2014-08-31,Zip Code: 98177,Single Family Residential,575000.0,599475.0,247.71341463414635,96.0,100.0,54.0,1.0131775938258432,0.4270833333333333
2020-01-01,2020-03-31,Zip Code: 98199,Single Family Residential,1137500.0,1225000.0,482.80859570214886,64.0,86.0,26.0,1.0140078213698858,0.390625
2018-10-01,2018-12-31,Zip Code: 98126,Single Family Residential,620000.0,625000.0,366.04938271604937,71.0,64.0,42.0,0.9840540602556734,0.1549295774647887
2012-09-01,2012-11-30,Zip Code: 98115,Condo/Co-op,185000.0,189250.0,188.96833503575075,31.0,26.0,22.0,0.971965301643336,0.032258064516129
2019-07-01,2019-09-30,Zip Code: 98105,All Residential,973000.0,900000.0,512.0920745920746,92.0,111.0,63.0,1.0006426394615475,0.3043478260869565
2019-08-01,2019-10-31,Zip Code: 98116,Townhouse,715000.0,687500.0,485.0781620085268,17.0,24.0,15.0,0.9967897307430106,0.2352941176470588
2023-03-01,2023-05-31,Zip Code: 98133,Condo/Co-op,358750.0,390000.0,411.888972737371,20.0,29.0,20.0,1.0119022672612838,0.5
2018-09-01,2018-11-30,Zip Code: 98146,Single Family Residential,475000.0,488500.0,284.79532163742687,57.0,90.0,49.0,0.983125653796616,0.1929824561403508
2022-11-01,2023-01-31,Zip Code: 98177,Townhouse,601975.0,604975.0,545.5389069842693,6.0,8.0,4.0,0.996985541144822,0.0
2015-07-01,2015-09-30,Zip Code: 98199,Single Family Residential,791250.0,782000.0,347.4668284176207,80.0,88.0,38.0,1.0294979320797748,0.4874999999999999
2012-01-01,2012-03-31,Zip Code: 98144,Single Family Residential,336500.0,398500.0,189.8215523215524,44.0,63.0,43.0,0.9889127796449064,0.25
2021-04-01,2021-06-30,Zip Code: 98122,Townhouse,783975.0,772500.0,606.0416666666665,64.0,90.0,32.0,1.0115229539800086,0.234375
2014-03-01,2014-05-31,Zip Code: 98199,Single Family Residential,722000.0,799000.0,302.92294256006824,82.0,110.0,41.0,1.0141575837987509,0.4390243902439024
2013-11-01,2014-01-31,Zip Code: 98109,Condo/Co-op,295000.0,307475.0,361.2167300380228,47.0,44.0,34.0,0.9875098319616292,0.2340425531914893
2016-01-01,2016-03-31,Zip Code: 98177,Single Family Residential,712457.0,649950.0,285.15365448504986,48.0,69.0,25.0,1.0596791176148954,0.5416666666666666
2013-09-01,2013-11-30,Zip Code: 98104,Townhouse,715000.0,,409.74212034383953,1.0,,,0.8959899749373433,0.0
2023-01-01,2023-03-31,Zip Code: 98177,Single Family Residential,917500.0,1181975.0,506.67353739567295,42.0,48.0,17.0,1.0139793701662212,0.4047619047619047
2015-10-01,2015-12-31,Zip Code: 98133,Townhouse,399325.0,379950.0,270.85524061291426,12.0,7.0,,1.0193363112226048,0.5833333333333333
2016-04-01,2016-06-30,Zip Code: 98126,Condo/Co-op,310500.0,304440.0,356.1869599641984,22.0,32.0,7.0,1.0222905568228742,0.5909090909090909
2014-09-01,2014-11-30,Zip Code: 98199,All Residential,650000.0,596750.0,306.48148148148147,122.0,116.0,39.0,0.9987719850799456,0.3360655737704917
2021-04-01,2021-06-30,Zip Code: 98115,Townhouse,794975.0,754950.0,605.032853744194,38.0,56.0,23.0,1.011467125993976,0.263157894736842
2014-02-01,2014-04-30,Zip Code: 98126,Townhouse,328000.0,316995.0,214.7887323943662,25.0,24.0,9.0,1.0051923357849013,0.3599999999999999
2015-05-01,2015-07-31,Zip Code: 98126,All Residential,430000.0,412500.0,273.7068965517241,143.0,149.0,31.0,1.0425425595620523,0.5524475524475523
2014-06-01,2014-08-31,Zip Code: 98146,All Residential,279750.0,317000.0,185.25695190356845,106.0,123.0,90.0,0.9942114976459658,0.3018867924528301
2013-05-01,2013-07-31,Zip Code: 98106,All Residential,255000.0,259500.0,177.77777777777777,105.0,135.0,90.0,1.0118413484237907,0.3904761904761904
2012-05-01,2012-07-31,Zip Code: 98175,Townhouse,277000.0,277450.0,200.5792903692976,1.0,2.0,1.0,1.026306039273805,1.0
2014-01-01,2014-03-31,Zip Code: 98115,Condo/Co-op,188000.0,194225.0,193.4032983508246,19.0,20.0,3.0,1.0081003167768927,0.3684210526315789
2021-02-01,2021-04-30,Zip Code: 98106,Condo/Co-op,320000.0,342500.0,338.9265536723164,3.0,4.0,1.0,0.9808541973490428,0.0
2018-10-01,2018-12-31,Zip Code: 98199,Townhouse,774500.0,780000.0,480.19678541958166,12.0,5.0,10.0,0.9871802299636782,0.1666666666666666
2016-09-01,2016-11-30,Zip Code: 98178,All Residential,386250.0,416208.5,220.7465013690295,88.0,86.0,42.0,1.0129605937250927,0.3636363636363636
2023-08-01,2023-10-31,Zip Code: 98126,Townhouse,645000.0,625000.0,469.4776995305164,13.0,16.0,8.0,0.9963354715544808,0.3076923076923077
2018-03-01,2018-05-31,Zip Code: 98125,Condo/Co-op,334000.0,325000.0,385.1694580675728,30.0,31.0,5.0,1.0935686769019866,0.7333333333333332
2020-04-01,2020-06-30,Zip Code: 98177,Condo/Co-op,405000.0,612988.0,286.47849315815296,2.0,5.0,4.0,1.0,0.0
2013-05-01,2013-07-31,Zip Code: 98133,Condo/Co-op,151900.0,144475.0,175.24752475247524,27.0,44.0,25.0,0.9876786629382736,0.4074074074074073
2016-08-01,2016-10-31,Zip Code: 98177,Townhouse,361500.0,415000.0,270.7680900248615,2.0,3.0,1.0,1.0310082435003172,1.0
2019-10-01,2019-12-31,Zip Code: 98146,Townhouse,303500.0,322500.0,265.6448494890914,2.0,2.0,1.0,0.9905294540441436,0.5
2019-06-01,2019-08-31,Zip Code: 98126,Multi-Family (2-4 Unit),890000.0,890000.0,385.28138528138527,1.0,1.0,,1.0,0.0
2017-10-01,2017-12-31,Zip Code: 98199,Single Family Residential,1000000.0,918000.0,433.6734693877551,71.0,39.0,14.0,1.0380966063631936,0.4647887323943661
2023-03-01,2023-05-31,Zip Code: 98109,Condo/Co-op,475000.0,562450.0,601.8957345971564,43.0,52.0,34.0,0.98235743244651,0.1162790697674418
2014-11-01,2015-01-31,Zip Code: 98109,Townhouse,675000.0,1019000.0,400.35587188612095,3.0,2.0,,1.0042272836924293,0.6666666666666666
2023-07-01,2023-09-30,Zip Code: 98115,Condo/Co-op,447500.0,442500.0,523.6013986013986,38.0,42.0,16.0,1.0081979212240768,0.3947368421052631
2016-09-01,2016-11-30,Zip Code: 98199,Condo/Co-op,327475.0,333900.0,361.20254287880994,20.0,21.0,5.0,1.0240704399354104,0.5
2022-11-01,2023-01-31,Zip Code: 98105,All Residential,975000.0,1085000.0,553.1609195402299,55.0,41.0,24.0,0.9717525830053344,0.0727272727272727
2014-03-01,2014-05-31,Zip Code: 98109,Townhouse,525000.0,649950.0,349.7668221185876,11.0,11.0,2.0,1.0130386657531167,0.5454545454545454
2018-10-01,2018-12-31,Zip Code: 98109,Condo/Co-op,589000.0,549500.0,619.5652173913044,35.0,48.0,43.0,0.9832088948409776,0.0857142857142857
2020-08-01,2020-10-31,Zip Code: 98178,Single Family Residential,610250.0,543975.0,300.3410181419367,86.0,102.0,29.0,1.0221489859665027,0.5697674418604651
2022-06-01,2022-08-31,Zip Code: 98105,Condo/Co-op,535000.0,483000.0,664.9219251336898,19.0,34.0,18.0,0.98201244030919,0.1578947368421052
2015-12-01,2016-02-29,Zip Code: 98146,Condo/Co-op,154900.0,180000.0,158.0612244897959,3.0,3.0,4.0,1.0302759125718328,0.6666666666666666
2022-01-01,2022-03-31,Zip Code: 98104,All Residential,376000.0,467925.0,643.3408577878104,35.0,54.0,35.0,1.006495610431809,0.2571428571428571
2018-01-01,2018-03-31,Zip Code: 98199,All Residential,950000.0,895000.0,495.04950495049513,73.0,113.0,34.0,1.0542195488195951,0.5890410958904109
2019-04-01,2019-06-30,Zip Code: 98146,Single Family Residential,520000.0,517475.0,322.6155358898721,96.0,120.0,53.0,1.0017941134017303,0.40625
2013-10-01,2013-12-31,Zip Code: 98105,Single Family Residential,576750.0,612441.5,297.31003220804007,48.0,32.0,11.0,1.003191317995982,0.375
2016-10-01,2016-12-31,Zip Code: 98116,Multi-Family (2-4 Unit),912300.0,,240.2744266023241,2.0,,1.0,1.0331311018131102,0.5
2015-10-01,2015-12-31,Zip Code: 98122,Condo/Co-op,394500.0,348950.0,516.4580513211432,52.0,30.0,5.0,1.0122137743443411,0.4615384615384615
2023-11-01,2024-01-31,Zip Code: 98102,All Residential,659000.0,695475.0,635.8695652173913,51.0,50.0,38.0,0.9785775289281868,0.0980392156862745
2016-10-01,2016-12-31,Zip Code: 98118,All Residential,475000.0,451250.0,270.9163346613546,169.0,130.0,41.0,1.0257270608918505,0.408284023668639
2018-11-01,2019-01-31,Zip Code: 98144,Multi-Family (2-4 Unit),855550.0,907000.0,396.11797121007646,2.0,4.0,5.0,0.9680714133895824,0.0
2016-11-01,2017-01-31,Zip Code: 98146,Townhouse,222750.0,267475.0,189.75391214655016,2.0,2.0,,0.9551130845988206,0.0
2014-03-01,2014-05-31,Zip Code: 98112,Condo/Co-op,450500.0,399950.0,465.1853522821265,14.0,9.0,5.0,1.0159988684246806,0.3571428571428571
2016-05-01,2016-07-31,Zip Code: 98146,Townhouse,268000.0,229500.0,207.59101471727345,1.0,5.0,4.0,1.0,0.0
2022-11-01,2023-01-31,Zip Code: 98126,Single Family Residential,785000.0,715000.0,438.4837028336514,42.0,31.0,9.0,0.979775849089185,0.238095238095238
2018-06-01,2018-08-31,Zip Code: 98146,All Residential,545000.0,484975.0,296.6981132075472,106.0,118.0,54.0,1.009235576460357,0.3962264150943396
2016-08-01,2016-10-31,Zip Code: 98125,Single Family Residential,570000.0,537000.0,293.2692307692308,129.0,124.0,40.0,1.027346891539075,0.4961240310077519
2014-07-01,2014-09-30,Zip Code: 98112,All Residential,785475.0,880000.0,378.4770091638959,96.0,101.0,57.0,1.0157091101084623,0.3958333333333333
2017-03-01,2017-05-31,Zip Code: 98177,Multi-Family (2-4 Unit),595000.0,699000.0,316.48936170212767,1.0,1.0,1.0,0.9754098360655736,0.0
2016-10-01,2016-12-31,Zip Code: 98144,Single Family Residential,630000.0,649000.0,360.49382716049377,67.0,65.0,19.0,1.04070885407818,0.4925373134328358
2015-09-01,2015-11-30,Zip Code: 98107,Condo/Co-op,352500.0,360000.0,455.3472987872106,43.0,43.0,9.0,1.0300074693690162,0.6744186046511627
2014-11-01,2015-01-31,Zip Code: 98146,Single Family Residential,283000.0,275000.0,163.79310344827587,61.0,55.0,40.0,0.978126147956454,0.2295081967213114
2018-01-01,2018-03-31,Zip Code: 98109,Townhouse,990000.0,972950.0,708.1545064377682,9.0,10.0,2.0,1.0348433343363763,0.5555555555555555
2012-03-01,2012-05-31,Zip Code: 98146,Multi-Family (2-4 Unit),90000.0,,62.5,1.0,,,1.0112359550561798,1.0
2019-04-01,2019-06-30,Zip Code: 98115,Condo/Co-op,436000.0,438000.0,483.0568811576354,42.0,52.0,22.0,0.9916874862882508,0.1428571428571428
2017-07-01,2017-09-30,Zip Code: 98126,Townhouse,530750.0,529500.0,333.44686147186144,44.0,40.0,5.0,1.027181181664515,0.3863636363636363
2020-11-01,2021-01-31,Zip Code: 98109,Condo/Co-op,459000.0,425000.0,594.1023417172594,33.0,43.0,40.0,0.9790225519571544,0.0909090909090909
2015-08-01,2015-10-31,Zip Code: 98106,Condo/Co-op,183000.0,207475.0,192.5747364206593,4.0,4.0,1.0,0.9737091969520713,0.0
2018-09-01,2018-11-30,Zip Code: 98118,Multi-Family (2-4 Unit),958750.0,825000.0,266.4141414141414,2.0,2.0,4.0,0.9625,0.0
2022-06-01,2022-08-31,Zip Code: 98102,Multi-Family (2-4 Unit),1065000.0,1132000.0,527.2277227722773,1.0,2.0,2.0,1.0,0.0
2013-10-01,2013-12-31,Zip Code: 98115,Condo/Co-op,202500.0,194475.0,215.43493635077795,28.0,18.0,9.0,0.9849137226998596,0.2857142857142857
2016-10-01,2016-12-31,Zip Code: 98144,All Residential,559000.0,599900.0,383.9103869653768,131.0,103.0,32.0,1.026700300478277,0.4122137404580152
2019-01-01,2019-03-31,Zip Code: 98199,Single Family Residential,1050000.0,1179000.0,493.1640625,43.0,67.0,34.0,0.9940981141054102,0.3023255813953488
2022-03-01,2022-05-31,Zip Code: 98108,Condo/Co-op,617500.0,674975.0,376.8547273982057,2.0,2.0,2.0,0.978255359809826,0.5
2021-12-01,2022-02-28,Zip Code: 98102,Single Family Residential,1618000.0,1772500.0,583.554376657825,13.0,12.0,5.0,1.0209016410037084,0.3076923076923077
2012-01-01,2012-03-31,Zip Code: 98177,Condo/Co-op,127500.0,179000.0,142.37808544807532,4.0,4.0,5.0,0.9455420935807252,0.25
2020-02-01,2020-04-30,Zip Code: 98144,Condo/Co-op,399500.0,449700.0,463.13364055299536,13.0,9.0,5.0,0.9973328878979912,0.1538461538461538
2015-05-01,2015-07-31,Zip Code: 98109,Townhouse,615000.0,789900.0,458.6776859504132,8.0,15.0,3.0,1.0669956112033163,0.875
2013-08-01,2013-10-31,Zip Code: 98105,Single Family Residential,607500.0,582475.0,304.64480874316934,68.0,58.0,24.0,1.015335438573414,0.4264705882352941
2019-05-01,2019-07-31,Zip Code: 98105,All Residential,887475.0,889000.0,503.7107822151551,104.0,119.0,60.0,1.0053059160839333,0.3269230769230769
2019-11-01,2020-01-31,Zip Code: 98126,Single Family Residential,615000.0,650000.0,370.625,73.0,37.0,12.0,0.9939750581156644,0.273972602739726
2017-09-01,2017-11-30,Zip Code: 98125,Multi-Family (2-4 Unit),860000.0,860000.0,232.4324324324324,1.0,2.0,1.0,1.0424242424242425,1.0
2019-03-01,2019-05-31,Zip Code: 98102,Single Family Residential,1362250.0,1498000.0,555.3426248184621,16.0,35.0,21.0,0.9958073628581,0.25
2013-12-01,2014-02-28,Zip Code: 98133,Single Family Residential,361000.0,357000.0,209.94768962510892,92.0,86.0,46.0,0.9917388864968308,0.2608695652173913
2016-03-01,2016-05-31,Zip Code: 98178,All Residential,328500.0,349950.0,206.42162326476847,78.0,123.0,45.0,1.0600761072230935,0.6282051282051281
2021-10-01,2021-12-31,Zip Code: 98108,Single Family Residential,665000.0,709975.0,415.0943396226416,73.0,46.0,3.0,1.026709707117301,0.4657534246575342
2013-04-01,2013-06-30,Zip Code: 98107,Single Family Residential,500000.0,472000.0,280.74317239129425,55.0,66.0,10.0,1.016844704766503,0.4545454545454545
2018-04-01,2018-06-30,Zip Code: 98106,All Residential,574000.0,541750.0,374.8866618945359,138.0,162.0,48.0,1.0569315208316838,0.6521739130434782
2014-09-01,2014-11-30,Zip Code: 98178,Single Family Residential,294500.0,267475.0,163.80768932219706,94.0,96.0,59.0,0.9926030145476176,0.2872340425531915
2022-11-01,2023-01-31,Zip Code: 98177,All Residential,900000.0,899950.0,491.7763157894737,51.0,44.0,19.0,0.990174891878203,0.196078431372549
2014-01-01,2014-03-31,Zip Code: 98136,Condo/Co-op,238000.0,202500.0,264.44444444444446,7.0,10.0,5.0,1.0185369536297713,0.5714285714285714
2019-07-01,2019-09-30,Zip Code: 98146,Single Family Residential,515000.0,499999.0,314.3939393939394,91.0,99.0,53.0,1.0051604618507095,0.3186813186813186
2016-05-01,2016-07-31,Zip Code: 98112,Townhouse,707500.0,698900.0,482.5548696844993,12.0,20.0,5.0,1.0112566543692734,0.4166666666666666
2016-11-01,2017-01-31,Zip Code: 98133,Condo/Co-op,238250.0,225000.0,296.37504855758414,32.0,21.0,7.0,1.0077081722565908,0.40625
2015-09-01,2015-11-30,Zip Code: 98199,All Residential,645000.0,702450.0,346.42857142857144,101.0,112.0,30.0,1.0258811445371234,0.495049504950495
2022-04-01,2022-06-30,Zip Code: 98125,Single Family Residential,985000.0,899000.0,542.8579989042596,120.0,137.0,28.0,1.0934816596700117,0.6833333333333333
2022-08-01,2022-10-31,Zip Code: 98119,Townhouse,925000.0,1050000.0,663.3813495072025,11.0,9.0,8.0,0.98513654922107,0.0
2017-04-01,2017-06-30,Zip Code: 98107,All Residential,750000.0,699950.0,508.1297861903312,161.0,179.0,13.0,1.0642273818963155,0.5590062111801241
2022-09-01,2022-11-30,Zip Code: 98118,Townhouse,682450.0,642925.0,493.0643887023504,10.0,26.0,32.0,0.998033956768463,0.2
2021-12-01,2022-02-28,Zip Code: 98118,Townhouse,699000.0,719990.0,500.0,59.0,45.0,6.0,1.0142223510249393,0.3220338983050847
2013-03-01,2013-05-31,Zip Code: 98199,Single Family Residential,662500.0,675000.0,281.98497386759584,92.0,113.0,40.0,1.0206260268733849,0.532608695652174
2015-02-01,2015-04-30,Zip Code: 98199,Single Family Residential,807000.0,759000.0,334.05172413793105,69.0,89.0,33.0,1.0408716420877768,0.6376811594202898
2013-01-01,2013-03-31,Zip Code: 98104,Condo/Co-op,387500.0,470000.0,360.6687098070739,10.0,13.0,13.0,0.9613422486166648,0.1
2014-09-01,2014-11-30,Zip Code: 98133,All Residential,339975.0,350000.0,218.57311818873023,184.0,196.0,110.0,0.9970926020206388,0.2880434782608695
2018-07-01,2018-09-30,Zip Code: 98177,All Residential,740000.0,737475.0,369.8224852071006,81.0,118.0,68.0,1.004991097523202,0.3703703703703703
2023-05-01,2023-07-31,Zip Code: 98136,Townhouse,727000.0,720000.0,540.909090909091,20.0,13.0,4.0,1.0016248713822973,0.3499999999999999
2018-04-01,2018-06-30,Zip Code: 98117,Single Family Residential,897000.0,789475.0,456.081081081081,147.0,184.0,39.0,1.0859536222368933,0.673469387755102
2020-08-01,2020-10-31,Zip Code: 98199,Multi-Family (2-4 Unit),623500.0,805000.0,216.2790059192392,2.0,7.0,4.0,0.95,0.0
2015-09-01,2015-11-30,Zip Code: 98126,Condo/Co-op,281000.0,250000.0,333.28240252897785,18.0,19.0,2.0,1.0030955037077167,0.3333333333333333
2013-11-01,2014-01-31,Zip Code: 98126,Single Family Residential,344000.0,389000.0,214.07407407407408,63.0,63.0,40.0,0.9923980351515836,0.2539682539682539
2021-08-01,2021-10-31,Zip Code: 98109,Multi-Family (2-4 Unit),1687500.0,1225000.0,536.9560326541107,4.0,7.0,,0.9238207053073209,0.0
2018-02-01,2018-04-30,Zip Code: 98115,Multi-Family (2-4 Unit),1076500.0,1412500.0,576.5600924499229,4.0,6.0,3.0,1.0569009594481444,0.5
2012-03-01,2012-05-31,Zip Code: 98146,Townhouse,119099.5,149000.0,64.1188909084233,2.0,1.0,1.0,0.926473510116324,0.0
2012-09-01,2012-11-30,Zip Code: 98108,Multi-Family (2-4 Unit),315000.0,327000.0,94.82239614689944,1.0,4.0,2.0,0.9001285897985426,0.0
2022-09-01,2022-11-30,Zip Code: 98125,Single Family Residential,778000.0,775000.0,476.73126159554727,66.0,74.0,31.0,0.9929423838736632,0.2272727272727272
2023-01-01,2023-03-31,Zip Code: 98102,All Residential,630000.0,643475.0,610.4129263913824,43.0,70.0,44.0,0.9890944389597734,0.1395348837209302
2014-12-01,2015-02-28,Zip Code: 98177,Condo/Co-op,400000.0,,208.3333333333333,1.0,,1.0,0.9758477677482312,0.0
2022-09-01,2022-11-30,Zip Code: 98104,Condo/Co-op,352475.0,624950.0,589.4347566882777,18.0,34.0,41.0,0.9714132700990112,0.0555555555555555
2022-03-01,2022-05-31,Zip Code: 98126,Single Family Residential,899999.5,824950.0,500.0,86.0,101.0,14.0,1.1269875202376718,0.6860465116279069
2022-10-01,2022-12-31,Zip Code: 98126,Single Family Residential,772500.0,750000.0,456.2841530054645,47.0,39.0,9.0,0.9877347577395408,0.3191489361702127
2017-07-01,2017-09-30,Zip Code: 98106,Townhouse,445000.0,421975.0,328.4313725490196,21.0,22.0,9.0,1.0416695783094192,0.5714285714285714
2014-03-01,2014-05-31,Zip Code: 98133,Condo/Co-op,142500.0,165800.0,167.40911418330774,36.0,42.0,20.0,0.9942153869281892,0.2777777777777777
2014-05-01,2014-07-31,Zip Code: 98107,Multi-Family (2-4 Unit),630000.0,650000.0,283.7837837837838,5.0,7.0,3.0,1.0058926618087247,0.4
2013-04-01,2013-06-30,Zip Code: 98126,All Residential,343000.0,347000.0,222.8583916083916,119.0,156.0,86.0,1.0071171543071002,0.4369747899159663
2014-12-01,2015-02-28,Zip Code: 98109,Townhouse,675000.0,629500.0,407.8702436353682,4.0,4.0,1.0,0.9918232005214832,0.5
2015-09-01,2015-11-30,Zip Code: 98177,Townhouse,434500.0,,259.98752228163994,2.0,,,1.0114217524718718,0.5
2016-12-01,2017-02-28,Zip Code: 98136,Single Family Residential,632000.0,597475.0,305.8620689655172,26.0,30.0,11.0,0.9995633465949644,0.423076923076923
2014-05-01,2014-07-31,Zip Code: 98105,All Residential,668750.0,600000.0,356.27115334548296,86.0,130.0,52.0,1.020067725184952,0.4186046511627907
2016-12-01,2017-02-28,Zip Code: 98109,Townhouse,937500.0,1024940.0,721.664770752362,18.0,12.0,1.0,1.000917921258505,0.1666666666666666
2022-01-01,2022-03-31,Zip Code: 98144,All Residential,805000.0,829000.0,579.3103448275862,133.0,161.0,37.0,1.043968378563763,0.4436090225563909
2017-06-01,2017-08-31,Zip Code: 98199,All Residential,845000.0,800000.0,441.86679190010005,166.0,173.0,30.0,1.0348832895010678,0.4397590361445782
2022-04-01,2022-06-30,Zip Code: 98146,Condo/Co-op,375000.0,337500.0,383.9590443686007,13.0,13.0,3.0,1.1039511187766773,1.0
2014-06-01,2014-08-31,Zip Code: 98126,Single Family Residential,420000.0,413750.0,242.84943335132212,123.0,128.0,57.0,1.01072131261588,0.3333333333333333
2021-02-01,2021-04-30,Zip Code: 98146,Townhouse,330000.0,390000.0,309.2783505154639,1.0,2.0,,0.9850746268656716,0.0
2012-01-01,2012-03-31,Zip Code: 98107,Single Family Residential,415000.0,464975.0,253.1914893617021,29.0,32.0,10.0,0.9858829371851796,0.2758620689655172
2022-09-01,2022-11-30,Zip Code: 98106,All Residential,675000.0,649000.0,413.42807017543856,94.0,117.0,58.0,0.9921851380775888,0.1914893617021276
2018-10-01,2018-12-31,Zip Code: 98108,All Residential,500000.0,550000.0,320.35928143712573,65.0,57.0,35.0,0.9857583700159566,0.2461538461538461
2012-06-01,2012-08-31,Zip Code: 98105,Multi-Family (2-4 Unit),655000.0,747444.0,231.12985001056265,4.0,4.0,4.0,0.9922069340219676,0.0
2020-10-01,2020-12-31,Zip Code: 98126,Townhouse,589500.0,589000.0,382.5041595388184,20.0,21.0,10.0,0.9987130179915156,0.2
2018-12-01,2019-02-28,Zip Code: 98119,Single Family Residential,1175000.0,1082000.0,592.9848567779602,12.0,30.0,22.0,0.9646964073077204,0.0833333333333333
2013-06-01,2013-08-31,Zip Code: 98125,Multi-Family (2-4 Unit),525000.0,447475.0,173.841059602649,1.0,2.0,5.0,1.0,0.0
2015-12-01,2016-02-29,Zip Code: 98107,Townhouse,637000.0,719000.0,430.0,27.0,27.0,4.0,1.0192573533807352,0.4074074074074073
2014-02-01,2014-04-30,Zip Code: 98109,Condo/Co-op,326200.0,300000.0,367.572472594397,61.0,77.0,33.0,0.9950368418949138,0.3770491803278688
2019-08-01,2019-10-31,Zip Code: 98109,Single Family Residential,1242500.0,1322500.0,484.28207306711977,23.0,16.0,8.0,0.9764264967719248,0.1739130434782608
2022-04-01,2022-06-30,Zip Code: 98199,Single Family Residential,1508500.0,1500000.0,676.1346300533944,90.0,129.0,40.0,1.0982379844184358,0.6666666666666666
2017-09-01,2017-11-30,Zip Code: 98178,Multi-Family (2-4 Unit),414000.0,507500.0,257.1428571428572,1.0,2.0,1.0,0.9880668257756564,0.0
2014-08-01,2014-10-31,Zip Code: 98118,All Residential,324750.0,350000.0,211.1684505606524,140.0,161.0,101.0,0.9943631082336783,0.3285714285714285
2018-12-01,2019-02-28,Zip Code: 98126,All Residential,561250.0,587000.0,357.8317282694585,110.0,94.0,67.0,0.9847677101763128,0.1545454545454545
2016-10-01,2016-12-31,Zip Code: 98122,Multi-Family (2-4 Unit),1235000.0,1100000.0,451.8518518518519,4.0,3.0,,0.9973093861822184,0.5
2021-08-01,2021-10-31,Zip Code: 98199,Townhouse,789995.0,799499.5,580.1745635910224,35.0,22.0,4.0,1.0027293189737412,0.2571428571428571
2018-06-01,2018-08-31,Zip Code: 98112,All Residential,1090000.0,980000.0,613.1076675092502,124.0,158.0,58.0,1.022308671775739,0.4758064516129032
2014-04-01,2014-06-30,Zip Code: 98117,Townhouse,412500.0,374750.0,311.66666666666663,8.0,18.0,7.0,1.0091603455182698,0.5
2023-03-01,2023-05-31,Zip Code: 98115,Condo/Co-op,499000.0,495000.0,528.4552845528456,27.0,35.0,14.0,0.9980549033010294,0.2222222222222222
2019-06-01,2019-08-31,Zip Code: 98118,Multi-Family (2-4 Unit),802000.0,1099950.0,232.8571428571429,3.0,2.0,1.0,0.9731693701045848,0.3333333333333333
2016-06-01,2016-08-31,Zip Code: 98115,Multi-Family (2-4 Unit),775000.0,1004975.0,263.81288614298325,2.0,2.0,2.0,1.0000277793210732,0.5
2023-05-01,2023-07-31,Zip Code: 98105,All Residential,1080000.0,1110000.0,558.7044534412955,79.0,94.0,46.0,1.0167321196450922,0.4050632911392405
2022-04-01,2022-06-30,Zip Code: 98125,Townhouse,759950.0,599950.0,441.1764705882353,25.0,22.0,9.0,1.0386131571525814,0.44
2015-08-01,2015-10-31,Zip Code: 98133,Townhouse,375000.0,369950.0,266.6666666666667,21.0,15.0,1.0,1.0050998314546686,0.3809523809523809
2022-08-01,2022-10-31,Zip Code: 98122,Single Family Residential,1199000.0,1050000.0,606.060606060606,65.0,71.0,35.0,0.9831163491214832,0.1846153846153846
2018-11-01,2019-01-31,Zip Code: 98106,All Residential,502500.0,522447.5,326.533714264214,84.0,90.0,63.0,0.9821979724619438,0.1785714285714285
2020-04-01,2020-06-30,Zip Code: 98125,Townhouse,498000.0,498500.0,391.9607843137255,8.0,11.0,12.0,0.9890704824814196,0.25
2015-08-01,2015-10-31,Zip Code: 98109,Condo/Co-op,370000.0,354250.0,445.7050243111832,69.0,54.0,19.0,1.0198701005490238,0.4782608695652174
2023-04-01,2023-06-30,Zip Code: 98122,Multi-Family (2-4 Unit),1122500.0,1071000.0,357.484076433121,1.0,2.0,2.0,0.963519313304721,0.0
2018-11-01,2019-01-31,Zip Code: 98126,Townhouse,480000.0,529000.0,333.8235294117647,15.0,13.0,6.0,0.9764157429076114,0.2
2014-08-01,2014-10-31,Zip Code: 98146,Single Family Residential,299000.0,325000.0,174.6031746031746,89.0,77.0,67.0,0.998011123842926,0.3033707865168539
2015-10-01,2015-12-31,Zip Code: 98144,Condo/Co-op,267450.0,277450.0,346.6593969673477,22.0,8.0,1.0,0.9998289423491612,0.5454545454545454
2021-04-01,2021-06-30,Zip Code: 98126,Condo/Co-op,328247.5,387000.0,457.3384681215233,22.0,22.0,7.0,1.0007351820130306,0.2727272727272727
2012-08-01,2012-10-31,Zip Code: 98109,All Residential,350000.0,412495.0,310.818888224746,79.0,74.0,53.0,0.9836828350480474,0.2531645569620253
2021-11-01,2022-01-31,Zip Code: 98125,Condo/Co-op,338500.0,359500.0,404.88837420005234,26.0,20.0,3.0,1.0037233532713972,0.2692307692307692
2018-12-01,2019-02-28,Zip Code: 98199,Townhouse,780000.0,749000.0,510.4712041884817,9.0,8.0,6.0,0.9845471935455656,0.0
2016-09-01,2016-11-30,Zip Code: 98177,Condo/Co-op,223000.0,250000.0,243.15068493150685,7.0,5.0,,1.0085521370931114,0.2857142857142857
2015-05-01,2015-07-31,Zip Code: 98144,Single Family Residential,600000.0,586500.0,316.8498168498169,91.0,92.0,28.0,1.049631291171664,0.5824175824175823
2016-09-01,2016-11-30,Zip Code: 98126,All Residential,457500.0,459000.0,315.1743976986696,144.0,139.0,29.0,1.0166495584410185,0.4861111111111111
2020-03-01,2020-05-31,Zip Code: 98101,Condo/Co-op,649975.0,655000.0,1047.8863270721463,204.0,239.0,65.0,0.9984722363019046,0.0490196078431372
2016-09-01,2016-11-30,Zip Code: 98117,Single Family Residential,700000.0,699990.0,361.5010669052864,132.0,140.0,27.0,1.0343665350467952,0.5227272727272727
2023-02-01,2023-04-30,Zip Code: 98177,All Residential,900000.0,975000.0,553.5224153705398,59.0,76.0,23.0,1.027064542771887,0.4576271186440678
2020-11-01,2021-01-31,Zip Code: 98133,Townhouse,611500.0,657450.0,421.1544845902728,28.0,38.0,17.0,0.9985504647809114,0.2142857142857142
2023-03-01,2023-05-31,Zip Code: 98107,Single Family Residential,1030000.0,1100000.0,580.110497237569,35.0,37.0,5.0,0.988720025846416,0.2857142857142857
2020-02-01,2020-04-30,Zip Code: 98126,All Residential,650000.0,625000.0,431.45956607495066,118.0,156.0,44.0,1.0250348830587042,0.5423728813559322
2021-03-01,2021-05-31,Zip Code: 98178,All Residential,640000.0,600000.0,327.26572301709666,108.0,143.0,26.0,1.0650745169741098,0.5833333333333333
2023-06-01,2023-08-31,Zip Code: 98116,Townhouse,806250.0,807497.5,596.9040442884041,12.0,20.0,10.0,1.009944837338687,0.3333333333333333
2017-11-01,2018-01-31,Zip Code: 98115,Condo/Co-op,596000.0,454500.0,466.3248218207581,44.0,32.0,11.0,1.0317259683283546,0.3863636363636363
2012-04-01,2012-06-30,Zip Code: 98199,All Residential,494000.0,549500.0,254.2372881355932,113.0,131.0,82.0,0.9914026559003064,0.2654867256637168
2015-05-01,2015-07-31,Zip Code: 98115,Condo/Co-op,272500.0,248250.0,265.76576576576576,47.0,50.0,4.0,1.0234180640072406,0.4468085106382978
2023-09-01,2023-11-30,Zip Code: 98119,Townhouse,990000.0,999950.0,581.9300471960419,6.0,9.0,4.0,0.9830092734506528,0.0
2019-08-01,2019-10-31,Zip Code: 98125,Multi-Family (2-4 Unit),744000.0,837475.0,432.5581395348837,3.0,2.0,3.0,0.9772726141904218,0.0
2023-05-01,2023-07-31,Zip Code: 98125,Multi-Family (2-4 Unit),660000.0,,423.0769230769231,1.0,,1.0,1.015384615384615,1.0
2017-04-01,2017-06-30,Zip Code: 98126,Townhouse,550000.0,550000.0,380.0527240773287,27.0,41.0,7.0,1.0668404260674762,0.7777777777777777
2014-04-01,2014-06-30,Zip Code: 98125,Townhouse,315000.0,319000.0,217.46646026831783,18.0,13.0,5.0,1.0279505873696346,0.5
2012-06-01,2012-08-31,Zip Code: 98146,Townhouse,93450.0,,97.9705794451672,2.0,,,0.9627659574468084,0.0
2018-11-01,2019-01-31,Zip Code: 98146,Townhouse,260000.0,349950.0,228.0701754385965,1.0,3.0,3.0,0.9454545454545454,0.0
2012-09-01,2012-11-30,Zip Code: 98133,All Residential,270000.0,262350.0,167.31517509727627,135.0,112.0,63.0,0.9937825156753262,0.2962962962962962
2016-11-01,2017-01-31,Zip Code: 98109,Single Family Residential,1000000.0,1150000.0,473.5449735449736,25.0,9.0,4.0,0.9841218063605336,0.12
2013-12-01,2014-02-28,Zip Code: 98105,All Residential,576500.0,475000.0,290.97441480675013,52.0,43.0,22.0,1.0119047963185346,0.3846153846153846
2016-10-01,2016-12-31,Zip Code: 98146,Townhouse,200250.0,259950.0,163.8642842649384,2.0,1.0,,0.9646341463414632,0.0
2017-05-01,2017-07-31,Zip Code: 98116,Multi-Family (2-4 Unit),625000.0,897000.0,325.52083333333326,1.0,2.0,1.0,1.0,0.0
2015-08-01,2015-10-31,Zip Code: 98146,All Residential,344250.0,360000.0,203.63072974537943,102.0,117.0,57.0,1.002707541883778,0.4411764705882352
2017-06-01,2017-08-31,Zip Code: 98126,Condo/Co-op,320000.0,299925.0,425.9950248756218,19.0,24.0,4.0,1.0540993794065971,0.7368421052631579
2017-05-01,2017-07-31,Zip Code: 98117,Condo/Co-op,600000.0,380000.0,570.1612903225806,7.0,7.0,1.0,1.0051016694217398,0.2857142857142857
2022-06-01,2022-08-31,Zip Code: 98178,All Residential,672500.0,650000.0,378.3701678438521,88.0,111.0,39.0,1.0308731999634302,0.5
2017-05-01,2017-07-31,Zip Code: 98107,Condo/Co-op,470500.0,444500.0,605.1241658595989,36.0,42.0,9.0,1.0981768600312372,0.7777777777777777
2018-07-01,2018-09-30,Zip Code: 98107,Condo/Co-op,520750.0,509000.0,654.0521918477045,34.0,50.0,21.0,1.010956333115712,0.3823529411764705
2014-05-01,2014-07-31,Zip Code: 98177,All Residential,537500.0,565000.0,240.5002405002405,96.0,143.0,65.0,1.0177977026184717,0.4791666666666666
2012-07-01,2012-09-30,Zip Code: 98119,Multi-Family (2-4 Unit),750000.0,824000.0,223.88059701492537,1.0,3.0,2.0,1.0344827586206895,1.0
2023-06-01,2023-08-31,Zip Code: 98118,Condo/Co-op,425000.0,372499.5,518.7997787610619,11.0,12.0,5.0,1.0079752438613196,0.4545454545454545
2020-05-01,2020-07-31,Zip Code: 98109,All Residential,715000.0,787475.0,606.4073226544623,77.0,170.0,105.0,0.9934530917514696,0.2337662337662337
2018-11-01,2019-01-31,Zip Code: 98133,All Residential,540000.0,554975.0,332.9161717291702,122.0,100.0,62.0,0.9852930593467282,0.1557377049180327
2014-03-01,2014-05-31,Zip Code: 98126,Condo/Co-op,222000.0,204475.0,267.13124274099886,11.0,28.0,16.0,0.9812373359559786,0.1818181818181818
2023-08-01,2023-10-31,Zip Code: 98177,Townhouse,599950.0,625000.0,553.459409594096,1.0,1.0,1.0,1.0,0.0
2023-05-01,2023-07-31,Zip Code: 98178,Multi-Family (2-4 Unit),705000.0,749000.0,370.2301989855637,2.0,3.0,2.0,0.992743688146228,0.5
2022-12-01,2023-02-28,Zip Code: 98109,Condo/Co-op,460000.0,399500.0,611.6207951070336,27.0,27.0,23.0,0.973442738639782,0.1851851851851851
2022-01-01,2022-03-31,Zip Code: 98133,Townhouse,701000.0,790000.0,479.1069100391134,45.0,63.0,19.0,1.0339979148432998,0.4444444444444444
2023-02-01,2023-04-30,Zip Code: 98199,Condo/Co-op,480000.0,532500.0,501.2744265080714,11.0,16.0,9.0,0.9827921933022846,0.0909090909090909
2012-10-01,2012-12-31,Zip Code: 98116,Multi-Family (2-4 Unit),335000.0,,160.3053435114504,3.0,,,0.9857142857142857,0.0
2015-10-01,2015-12-31,Zip Code: 98109,Condo/Co-op,356500.0,357250.0,450.8408023900981,58.0,38.0,7.0,1.0041725443231462,0.3620689655172413
2015-05-01,2015-07-31,Zip Code: 98199,Condo/Co-op,259500.0,269000.0,312.6580953377935,26.0,25.0,5.0,1.0237500860199444,0.5384615384615384
2021-10-01,2021-12-31,Zip Code: 98105,Single Family Residential,1170000.0,1035000.0,579.0135228848821,64.0,39.0,6.0,1.0600304207339717,0.640625
2019-11-01,2020-01-31,Zip Code: 98115,All Residential,787475.0,799900.0,452.2193907787128,164.0,103.0,35.0,0.9956119477838916,0.2012195121951219
2023-09-01,2023-11-30,Zip Code: 98108,Multi-Family (2-4 Unit),1156160.0,,348.2409638554217,1.0,,1.0,0.7838372881355931,0.0
2015-04-01,2015-06-30,Zip Code: 98116,Condo/Co-op,331875.0,348000.0,369.04761904761904,27.0,39.0,14.0,1.0026984550169329,0.4074074074074073
2021-07-01,2021-09-30,Zip Code: 98108,Townhouse,572000.0,552250.0,462.92438271604937,31.0,34.0,8.0,1.0136443352594118,0.3548387096774193
2022-10-01,2022-12-31,Zip Code: 98126,Townhouse,675000.0,660000.0,410.9246575342465,13.0,13.0,2.0,0.9849918775841427,0.1538461538461538
2018-07-01,2018-09-30,Zip Code: 98109,Single Family Residential,1280625.0,1195000.0,505.7698109412712,24.0,37.0,19.0,0.9910988794613907,0.2083333333333333
2012-10-01,2012-12-31,Zip Code: 98125,Multi-Family (2-4 Unit),328000.0,624950.0,130.15873015873015,3.0,2.0,2.0,0.9531398240381131,0.0
2022-01-01,2022-03-31,Zip Code: 98115,Multi-Family (2-4 Unit),1328618.0,1300000.0,421.1538461538461,3.0,5.0,2.0,0.9939510678611884,0.3333333333333333
2015-03-01,2015-05-31,Zip Code: 98199,All Residential,689800.0,675000.0,335.2,123.0,164.0,42.0,1.0384969748572026,0.5934959349593496
2012-10-01,2012-12-31,Zip Code: 98104,All Residential,300000.0,399875.0,278.57142857142856,19.0,14.0,13.0,0.992333685224404,0.2105263157894736
2017-07-01,2017-09-30,Zip Code: 98122,All Residential,722000.0,699999.0,560.9161282812408,170.0,179.0,38.0,1.069516472341598,0.6294117647058823
2017-12-01,2018-02-28,Zip Code: 98144,Multi-Family (2-4 Unit),875000.0,926550.0,405.4726368159204,7.0,8.0,1.0,1.0222547918899405,0.1428571428571428
2013-08-01,2013-10-31,Zip Code: 98144,Single Family Residential,500000.0,477450.0,246.03773584905665,71.0,96.0,55.0,1.0018331136191685,0.323943661971831
2023-10-01,2023-12-31,Zip Code: 98146,Single Family Residential,690000.0,704975.0,432.8358208955224,39.0,40.0,16.0,1.0053049118062825,0.2564102564102563
2016-03-01,2016-05-31,Zip Code: 98116,Single Family Residential,695000.0,687000.0,360.5442176870748,63.0,94.0,21.0,1.0560043944400237,0.6507936507936508
2019-12-01,2020-02-29,Zip Code: 98178,Townhouse,370000.0,514490.0,310.9243697478992,5.0,20.0,11.0,0.9941555374754432,0.2
2020-06-01,2020-08-31,Zip Code: 98122,Single Family Residential,1075000.0,988000.0,498.89502762430936,71.0,99.0,33.0,1.0277998969442574,0.4366197183098591
2022-12-01,2023-02-28,Zip Code: 98105,Condo/Co-op,413750.0,452500.0,473.6371192490099,18.0,8.0,8.0,0.9710729140669208,0.0555555555555555
2016-12-01,2017-02-28,Zip Code: 98146,All Residential,425000.0,382500.0,223.4881682734444,75.0,58.0,19.0,1.0068352245677874,0.3333333333333333
2012-07-01,2012-09-30,Zip Code: 98136,Townhouse,273000.0,399475.0,187.13950368879944,2.0,4.0,5.0,1.01119847263346,0.5
2015-01-01,2015-03-31,Zip Code: 98133,Single Family Residential,429975.0,400000.0,246.93363039399625,106.0,114.0,34.0,1.0061740972797737,0.3962264150943396
2018-06-01,2018-08-31,Zip Code: 98112,Condo/Co-op,552000.0,537250.0,691.0039113428944,21.0,30.0,11.0,1.0225834933743814,0.5238095238095238
2013-10-01,2013-12-31,Zip Code: 98146,Single Family Residential,307682.0,269900.0,165.63029416294472,80.0,59.0,56.0,0.9854360070173596,0.2374999999999999
2014-12-01,2015-02-28,Zip Code: 98105,Single Family Residential,655500.0,772000.0,333.69777972538714,38.0,28.0,19.0,0.9858080922385268,0.263157894736842
2022-05-01,2022-07-31,Zip Code: 98115,Townhouse,812500.0,799950.0,602.4954351795496,61.0,31.0,12.0,1.0045662682569518,0.2131147540983606
2014-09-01,2014-11-30,Zip Code: 98146,Townhouse,187750.0,174975.0,100.7198023632732,2.0,2.0,4.0,0.9837795626952252,0.5
2013-12-01,2014-02-28,Zip Code: 98107,Single Family Residential,580000.0,625000.0,282.60869565217394,25.0,23.0,9.0,1.0191600387217532,0.4799999999999999
2012-03-01,2012-05-31,Zip Code: 98126,All Residential,276500.0,313800.0,189.89321245706137,98.0,119.0,87.0,0.9851608620708112,0.336734693877551
2012-02-01,2012-04-30,Zip Code: 98109,Townhouse,432975.0,525000.0,271.3515797019817,6.0,19.0,9.0,0.988840598515459,0.3333333333333333
2022-08-01,2022-10-31,Zip Code: 98106,Condo/Co-op,410000.0,437500.0,414.65574313141343,6.0,4.0,1.0,0.9934192101069652,0.1666666666666666
2019-03-01,2019-05-31,Zip Code: 98105,Single Family Residential,1152000.0,1225000.0,475.40983606557376,55.0,94.0,38.0,1.0164947975536962,0.4545454545454545
2014-11-01,2015-01-31,Zip Code: 98126,Single Family Residential,421250.0,444950.0,243.43327702702703,74.0,42.0,28.0,0.9947476177134776,0.2567567567567567
2014-05-01,2014-07-31,Zip Code: 98115,Multi-Family (2-4 Unit),490000.0,554975.0,168.9655172413793,1.0,2.0,2.0,1.0002041232904677,1.0
2017-02-01,2017-04-30,Zip Code: 98106,Townhouse,499900.0,489900.0,292.6829268292683,21.0,21.0,4.0,1.0469315277231943,0.4761904761904761
2020-12-01,2021-02-28,Zip Code: 98177,All Residential,895000.0,859000.0,411.9318181818182,69.0,51.0,8.0,1.0223185127889125,0.3478260869565217
2013-09-01,2013-11-30,Zip Code: 98126,Single Family Residential,370000.0,375000.0,226.97297297297297,85.0,107.0,60.0,1.0003926391224447,0.3294117647058823
2022-01-01,2022-03-31,Zip Code: 98199,All Residential,1095000.0,1018500.0,621.1180124223603,83.0,116.0,18.0,1.0835702789264128,0.6626506024096385
2012-02-01,2012-04-30,Zip Code: 98109,All Residential,334500.0,445000.0,278.78109606164526,82.0,122.0,71.0,0.9803608126839504,0.1829268292682926
2017-02-01,2017-04-30,Zip Code: 98108,Single Family Residential,517500.0,494444.0,297.8726836665556,46.0,68.0,18.0,1.0686402989515724,0.6739130434782608
2013-04-01,2013-06-30,Zip Code: 98108,All Residential,298000.0,299999.0,178.08501168354292,86.0,91.0,26.0,1.0059947759247942,0.3488372093023255
2022-09-01,2022-11-30,Zip Code: 98102,Condo/Co-op,485000.0,537500.0,651.36476426799,37.0,36.0,25.0,0.9857423820563972,0.081081081081081
2017-04-01,2017-06-30,Zip Code: 98146,Condo/Co-op,130000.0,129900.0,215.30249110320284,9.0,9.0,2.0,1.0422618724381831,0.6666666666666666
2016-07-01,2016-09-30,Zip Code: 98106,Single Family Residential,418000.0,400000.0,254.6296296296296,87.0,107.0,40.0,1.029267202558087,0.528735632183908
2013-12-01,2014-02-28,Zip Code: 98177,Single Family Residential,558500.0,569000.0,231.88240422585773,46.0,39.0,22.0,0.9884925680430554,0.2391304347826087
2023-04-01,2023-06-30,Zip Code: 98199,All Residential,1109500.0,1274900.0,598.2521259322456,94.0,115.0,44.0,1.0100163105145228,0.3617021276595744
2019-10-01,2019-12-31,Zip Code: 98199,Single Family Residential,1067500.0,1137000.0,443.06569343065695,67.0,55.0,20.0,0.995597724152164,0.2985074626865671
2016-08-01,2016-10-31,Zip Code: 98108,Townhouse,410000.0,482000.0,313.125,23.0,20.0,5.0,1.0110235588171743,0.608695652173913
2014-10-01,2014-12-31,Zip Code: 98112,Townhouse,649000.0,439000.0,381.5261044176706,5.0,1.0,1.0,0.9940224101518472,0.2
2020-03-01,2020-05-31,Zip Code: 98177,Condo/Co-op,405000.0,612475.0,286.47849315815296,2.0,4.0,4.0,1.0,0.0
2016-03-01,2016-05-31,Zip Code: 98117,All Residential,671800.0,650000.0,367.47627372627375,174.0,217.0,30.0,1.0672765292493642,0.6436781609195402
2014-02-01,2014-04-30,Zip Code: 98146,Single Family Residential,294975.0,279000.0,174.66648793565685,68.0,104.0,60.0,1.0003546630590416,0.338235294117647
2021-03-01,2021-05-31,Zip Code: 98146,Multi-Family (2-4 Unit),564500.0,580000.0,266.2735849056604,1.0,1.0,1.0,1.0263636363636364,1.0
2017-08-01,2017-10-31,Zip Code: 98119,Single Family Residential,1044000.0,1040000.0,477.44292237442926,64.0,65.0,22.0,1.0334721010845695,0.484375
2015-09-01,2015-11-30,Zip Code: 98126,All Residential,436000.0,440000.0,294.39252336448595,113.0,119.0,20.0,1.0207818776609654,0.5309734513274336
2014-01-01,2014-03-31,Zip Code: 98102,Townhouse,631500.0,734950.0,407.3388698320997,8.0,14.0,9.0,1.0067447652987618,0.375
2014-08-01,2014-10-31,Zip Code: 98126,Single Family Residential,382000.0,379950.0,246.2908011869436,95.0,104.0,54.0,1.0031942912212035,0.3368421052631578
2023-04-01,2023-06-30,Zip Code: 98104,All Residential,433500.0,439950.0,610.7382550335569,19.0,41.0,33.0,0.9701107384773974,0.1578947368421052
2018-12-01,2019-02-28,Zip Code: 98177,Condo/Co-op,257500.0,700000.0,264.67391304347825,6.0,8.0,6.0,0.9767147730182942,0.1666666666666666
2018-12-01,2019-02-28,Zip Code: 98177,All Residential,725000.0,825000.0,327.42316784869973,53.0,53.0,40.0,0.9825241045081168,0.2641509433962264
2015-07-01,2015-09-30,Zip Code: 98146,Single Family Residential,340558.5,365000.0,203.63072974537943,98.0,116.0,56.0,1.0211857213961024,0.5510204081632653
2015-05-01,2015-07-31,Zip Code: 98178,Multi-Family (2-4 Unit),545000.0,,163.76201923076923,1.0,,2.0,1.068627450980392,1.0
2019-01-01,2019-03-31,Zip Code: 98136,Single Family Residential,750000.0,799975.0,370.81339712918657,39.0,50.0,17.0,0.9991319434848072,0.3333333333333333
2021-08-01,2021-10-31,Zip Code: 98122,All Residential,767000.0,825000.0,587.8467635402906,179.0,210.0,82.0,1.0040575869346366,0.2793296089385474
2018-12-01,2019-02-28,Zip Code: 98178,Townhouse,221500.0,309500.0,192.44135534317985,3.0,6.0,6.0,0.9832251082251084,0.3333333333333333
2020-05-01,2020-07-31,Zip Code: 98178,Single Family Residential,549500.0,559999.0,303.33467255926075,115.0,115.0,26.0,1.0161555676131473,0.4782608695652174
2022-10-01,2022-12-31,Zip Code: 98102,Condo/Co-op,490000.0,477500.0,642.8571428571429,23.0,24.0,18.0,0.9809443179049528,0.0434782608695652
2017-10-01,2017-12-31,Zip Code: 98177,Single Family Residential,711000.0,739475.0,349.1271820448878,69.0,54.0,9.0,1.0250186284038725,0.4637681159420289
2019-09-01,2019-11-30,Zip Code: 98125,Multi-Family (2-4 Unit),744000.0,889000.0,432.5581395348837,3.0,5.0,5.0,0.9772726141904218,0.0
2015-07-01,2015-09-30,Zip Code: 98106,Condo/Co-op,174750.0,189475.0,216.89318835945,4.0,6.0,1.0,0.9737091969520713,0.0
2023-05-01,2023-07-31,Zip Code: 98194,All Residential,1405000.0,,954.4836956521738,1.0,,,0.952542372881356,0.0
2013-02-01,2013-04-30,Zip Code: 98199,Condo/Co-op,209800.0,249500.0,218.2926829268293,9.0,16.0,12.0,0.9907058953959962,0.2222222222222222
2014-05-01,2014-07-31,Zip Code: 98116,Condo/Co-op,292500.0,307000.0,349.24438008735024,34.0,38.0,18.0,0.9890103134881728,0.1764705882352941
2020-06-01,2020-08-31,Zip Code: 98199,Townhouse,721500.0,719975.0,522.0806760704972,30.0,32.0,7.0,1.001041381089212,0.3333333333333333
2013-09-01,2013-11-30,Zip Code: 98199,Single Family Residential,700000.0,672000.0,302.734375,77.0,84.0,43.0,0.9952115376831568,0.3376623376623376
2023-11-01,2024-01-31,Zip Code: 98118,Single Family Residential,704420.0,799950.0,471.6981132075472,47.0,46.0,23.0,0.9870806211116344,0.276595744680851
2014-06-01,2014-08-31,Zip Code: 98105,Multi-Family (2-4 Unit),580100.0,997500.0,281.6019417475728,1.0,6.0,5.0,0.92816,0.0
2016-01-01,2016-03-31,Zip Code: 98116,Single Family Residential,744975.0,704000.0,345.1647053178345,46.0,60.0,13.0,1.0306155109090738,0.5434782608695651
2015-01-01,2015-03-31,Zip Code: 98125,Townhouse,328500.0,317475.0,236.33093525179856,9.0,8.0,1.0,0.9979733171626216,0.2222222222222222
2012-01-01,2012-03-31,Zip Code: 98106,Multi-Family (2-4 Unit),300000.0,226475.0,98.6842105263158,3.0,2.0,4.0,0.9551371452114704,0.0
2022-02-01,2022-04-30,Zip Code: 98199,Townhouse,952750.0,879000.0,653.5826089293153,14.0,23.0,6.0,1.1211378088407251,0.9285714285714286
2014-05-01,2014-07-31,Zip Code: 98118,Townhouse,247500.0,272400.0,180.65693430656933,9.0,10.0,2.0,0.9970502415186432,0.1111111111111111
2015-03-01,2015-05-31,Zip Code: 98107,All Residential,574125.0,499475.0,394.0019063180828,136.0,202.0,44.0,1.0448706322580072,0.6029411764705882
2015-10-01,2015-12-31,Zip Code: 98126,All Residential,447000.0,440000.0,290.33534095549203,114.0,89.0,19.0,1.0173182468817858,0.4385964912280701
2016-11-01,2017-01-31,Zip Code: 98125,Single Family Residential,515000.0,525000.0,312.378134685827,74.0,41.0,12.0,1.0205876790132749,0.3918918918918918
2017-03-01,2017-05-31,Zip Code: 98116,Townhouse,639995.0,677495.0,427.3858025293728,40.0,28.0,10.0,1.0158015424319515,0.4249999999999999
2013-05-01,2013-07-31,Zip Code: 98108,Townhouse,299500.0,279000.0,220.6109243905808,8.0,11.0,7.0,0.9988890082129012,0.125
2012-03-01,2012-05-31,Zip Code: 98177,Single Family Residential,472500.0,487000.0,191.1460443508089,60.0,106.0,74.0,0.9777298313931114,0.2166666666666666
2021-01-01,2021-03-31,Zip Code: 98117,Townhouse,720000.0,736950.0,530.3494788473329,30.0,52.0,10.0,1.0147128554616407,0.2999999999999999
2016-07-01,2016-09-30,Zip Code: 98126,Multi-Family (2-4 Unit),839400.0,825000.0,379.8190045248869,1.0,1.0,,1.0174545454545454,1.0
2014-05-01,2014-07-31,Zip Code: 98133,Condo/Co-op,162500.0,168300.0,194.52449567723343,39.0,45.0,24.0,0.9796634021780732,0.1538461538461538
2019-08-01,2019-10-31,Zip Code: 98126,Single Family Residential,647500.0,638500.0,379.5168012308703,86.0,87.0,39.0,0.9989582479300964,0.313953488372093
2021-06-01,2021-08-31,Zip Code: 98177,Townhouse,585000.0,585000.0,472.2138269739327,7.0,6.0,2.0,1.027616850705774,0.2857142857142857
2019-01-01,2019-03-31,Zip Code: 98104,Condo/Co-op,640000.0,695900.0,560.5493133583021,9.0,37.0,32.0,0.9880399575314828,0.0
2023-05-01,2023-07-31,Zip Code: 98199,Condo/Co-op,435000.0,392450.0,520.4778156996587,15.0,14.0,2.0,0.9980714083744004,0.2
2012-08-01,2012-10-31,Zip Code: 98125,Condo/Co-op,157500.0,149950.0,141.76663031624864,13.0,20.0,15.0,0.9916799643884336,0.3846153846153846
2022-06-01,2022-08-31,Zip Code: 98178,Condo/Co-op,223500.0,248000.0,418.5393258426967,2.0,4.0,,1.0,0.0
2022-06-01,2022-08-31,Zip Code: 98109,Single Family Residential,1900000.0,1500000.0,725.7095770005494,22.0,25.0,14.0,1.0439473673019308,0.5909090909090909
2023-05-01,2023-07-31,Zip Code: 98125,Condo/Co-op,415000.0,409000.0,429.49206721604736,20.0,17.0,6.0,1.0091125338597646,0.5
2022-08-01,2022-10-31,Zip Code: 98144,Single Family Residential,962500.0,895000.0,531.3597935880545,50.0,65.0,32.0,0.9832738089763936,0.1799999999999999
2019-11-01,2020-01-31,Zip Code: 98109,All Residential,693000.0,720000.0,568.9922480620155,51.0,46.0,32.0,0.9836861160655012,0.1568627450980392
2021-03-01,2021-05-31,Zip Code: 98199,All Residential,1100000.0,986750.0,547.945205479452,175.0,197.0,32.0,1.0560488834502415,0.52
2019-11-01,2020-01-31,Zip Code: 98119,Townhouse,828000.0,794975.0,529.8507462686568,17.0,20.0,13.0,0.987958865197893,0.1176470588235294
2012-02-01,2012-04-30,Zip Code: 98199,All Residential,473900.0,542475.0,228.68051337787296,64.0,114.0,83.0,0.98956812058666,0.265625
2016-08-01,2016-10-31,Zip Code: 98105,All Residential,754500.0,776500.0,439.1304347826088,94.0,120.0,32.0,1.0422315710504448,0.5638297872340425
2016-03-01,2016-05-31,Zip Code: 98109,Townhouse,942500.0,895000.0,544.5886928806183,12.0,8.0,6.0,1.003120887010717,0.4166666666666666
2015-06-01,2015-08-31,Zip Code: 98116,All Residential,590000.0,619950.0,342.20061864781263,147.0,143.0,52.0,1.0233114269801034,0.4625850340136054
2020-09-01,2020-11-30,Zip Code: 98146,Single Family Residential,572500.0,545000.0,347.5591494459419,100.0,99.0,25.0,1.0194552885377106,0.4799999999999999
2014-05-01,2014-07-31,Zip Code: 98144,All Residential,428500.0,469500.0,285.7211114478473,148.0,166.0,74.0,1.0054513613892058,0.3918918918918918
2023-03-01,2023-05-31,Zip Code: 98106,Condo/Co-op,567000.0,474950.0,505.9869248373416,10.0,13.0,4.0,1.0019045915826146,0.2999999999999999
2014-09-01,2014-11-30,Zip Code: 98146,Multi-Family (2-4 Unit),340000.0,,137.09677419354838,1.0,,2.0,0.6187443130118289,0.0
2013-01-01,2013-03-31,Zip Code: 98144,All Residential,328950.0,350000.0,239.0953256302521,84.0,123.0,69.0,0.98894511176177,0.2619047619047619
2014-04-01,2014-06-30,Zip Code: 98109,Condo/Co-op,340450.0,319725.0,398.7354261336002,66.0,80.0,31.0,1.000670602112056,0.3333333333333333
2012-05-01,2012-07-31,Zip Code: 98106,All Residential,218750.0,221975.0,147.50713379835128,84.0,96.0,66.0,0.9883605463188548,0.238095238095238
2013-03-01,2013-05-31,Zip Code: 98199,Condo/Co-op,232400.0,249500.0,220.68480300187616,12.0,21.0,13.0,0.995342289173922,0.0833333333333333
2022-01-01,2022-03-31,Zip Code: 98146,Single Family Residential,735000.0,689500.0,430.2439024390244,53.0,76.0,13.0,1.083427413713829,0.6981132075471697
2023-03-01,2023-05-31,Zip Code: 98115,All Residential,986750.0,939000.0,561.134389371487,180.0,203.0,55.0,1.0300872804559795,0.4222222222222222
2019-01-01,2019-03-31,Zip Code: 98105,All Residential,841500.0,898950.0,503.30578512396687,64.0,85.0,45.0,0.9894740038441094,0.265625
2014-05-01,2014-07-31,Zip Code: 98115,Condo/Co-op,265000.0,257450.0,234.5132743362832,29.0,34.0,12.0,1.0113874012530026,0.3793103448275861
2022-02-01,2022-04-30,Zip Code: 98146,Condo/Co-op,375000.0,325000.0,415.28239202657807,3.0,6.0,1.0,1.0930391512554585,0.6666666666666666
2020-09-01,2020-11-30,Zip Code: 98126,Single Family Residential,679950.0,640575.0,420.0945812807881,155.0,122.0,29.0,1.010690571669794,0.4
2014-07-01,2014-09-30,Zip Code: 98109,Single Family Residential,890000.0,810000.0,348.2490272373541,25.0,28.0,17.0,1.0202772933636917,0.44
2015-06-01,2015-08-31,Zip Code: 98104,Condo/Co-op,450000.0,424950.0,422.7272727272728,19.0,16.0,12.0,0.9868168645419984,0.263157894736842
2015-08-01,2015-10-31,Zip Code: 98105,Single Family Residential,750000.0,849450.0,365.9165494608533,57.0,72.0,25.0,1.0170590526545134,0.4736842105263157
2016-02-01,2016-04-30,Zip Code: 98109,Single Family Residential,1185000.0,1380000.0,465.53886438809263,18.0,32.0,12.0,1.036356158718554,0.3888888888888889
2023-03-01,2023-05-31,Zip Code: 98126,Multi-Family (2-4 Unit),661000.0,1050000.0,274.27385892116183,1.0,3.0,1.0,1.101668502780838,1.0
2018-02-01,2018-04-30,Zip Code: 98116,Townhouse,800000.0,796400.0,520.3900182224756,26.0,38.0,6.0,1.0234346151766442,0.5384615384615384
2019-05-01,2019-07-31,Zip Code: 98133,Condo/Co-op,299950.0,299950.0,363.202977837622,30.0,43.0,21.0,0.9921228749426356,0.2666666666666666
2022-02-01,2022-04-30,Zip Code: 98126,Townhouse,699950.0,699950.0,491.04477611940297,29.0,34.0,6.0,1.0599266786151205,0.7241379310344827
2021-10-01,2021-12-31,Zip Code: 98116,Single Family Residential,985000.0,925000.0,495.9349726775956,73.0,47.0,2.0,1.0439429791104935,0.5205479452054794
2016-04-01,2016-06-30,Zip Code: 98199,Condo/Co-op,313000.0,307485.0,368.0981595092025,17.0,18.0,7.0,1.047582225300571,0.588235294117647
2019-05-01,2019-07-31,Zip Code: 98177,Single Family Residential,860000.0,862443.0,391.9714733372954,82.0,116.0,53.0,1.0083707597161398,0.3658536585365853
2014-01-01,2014-03-31,Zip Code: 98105,Condo/Co-op,299000.0,270000.0,298.6725663716814,9.0,15.0,6.0,0.997047296223896,0.3333333333333333
2020-01-01,2020-03-31,Zip Code: 98109,Townhouse,760000.0,915000.0,617.986798679868,9.0,17.0,8.0,0.9965978582537284,0.3333333333333333
2015-12-01,2016-02-29,Zip Code: 98107,Single Family Residential,679950.0,699000.0,385.1351351351352,23.0,32.0,9.0,1.0672806587154493,0.5652173913043477
2012-06-01,2012-08-31,Zip Code: 98126,Multi-Family (2-4 Unit),380000.0,275000.0,137.63066202090593,3.0,1.0,,0.9573516639872868,0.0
2015-12-01,2016-02-29,Zip Code: 98105,Townhouse,545000.0,562425.0,454.1666666666666,3.0,4.0,,1.0194510230158391,0.6666666666666666
2015-04-01,2015-06-30,Zip Code: 98122,Multi-Family (2-4 Unit),665321.0,679475.0,305.02793296089385,3.0,6.0,2.0,1.0342494750111118,0.6666666666666666
2016-07-01,2016-09-30,Zip Code: 98109,Townhouse,866600.0,889950.0,469.5756573767911,8.0,13.0,7.0,1.002996579500892,0.375
2018-05-01,2018-07-31,Zip Code: 98118,Single Family Residential,665000.0,585950.0,361.244019138756,117.0,161.0,59.0,1.0756598050934585,0.5555555555555555
2020-12-01,2021-02-28,Zip Code: 98115,Condo/Co-op,391500.0,359975.0,395.9810874704492,25.0,22.0,10.0,0.9893032218882034,0.12
2023-11-01,2024-01-31,Zip Code: 98126,All Residential,727000.0,730000.0,471.1431742508324,42.0,35.0,18.0,0.9928925506376992,0.2619047619047619
2018-06-01,2018-08-31,Zip Code: 98115,Townhouse,804975.0,694999.5,517.2504897631019,16.0,28.0,13.0,1.0247109096596845,0.5
2018-03-01,2018-05-31,Zip Code: 98125,Townhouse,612500.0,511944.0,455.68185986793833,14.0,20.0,4.0,1.120457095133078,0.8571428571428571
2020-10-01,2020-12-31,Zip Code: 98108,Condo/Co-op,468720.0,468720.0,312.48,1.0,1.0,1.0,1.0,0.0
2013-12-01,2014-02-28,Zip Code: 98109,All Residential,385000.0,359900.0,337.07865168539325,65.0,75.0,44.0,0.9978762271794296,0.3538461538461538
2021-08-01,2021-10-31,Zip Code: 98146,All Residential,620000.0,599000.0,395.06172839506166,121.0,122.0,22.0,1.0352850675088667,0.5619834710743801
2016-11-01,2017-01-31,Zip Code: 98118,All Residential,475000.0,449000.0,296.51162790697674,167.0,117.0,35.0,1.0341352386399607,0.4191616766467065
2013-07-01,2013-09-30,Zip Code: 98177,Townhouse,304975.0,257450.0,194.5945119481572,2.0,6.0,4.0,1.0,0.0
2017-05-01,2017-07-31,Zip Code: 98146,All Residential,455500.0,437250.0,267.505081300813,128.0,174.0,35.0,1.0554420947652632,0.6171875
2013-08-01,2013-10-31,Zip Code: 98177,Townhouse,314950.0,225000.0,209.96666666666667,1.0,7.0,5.0,1.0,0.0
2018-02-01,2018-04-30,Zip Code: 98106,Multi-Family (2-4 Unit),635000.0,724975.0,260.11560693641616,3.0,2.0,,1.094738538680035,0.6666666666666666
2019-08-01,2019-10-31,Zip Code: 98117,Single Family Residential,829000.0,800000.0,431.4814814814815,147.0,137.0,46.0,1.0058690791780938,0.3673469387755102
2014-04-01,2014-06-30,Zip Code: 98144,Single Family Residential,475000.0,564950.0,269.6969696969697,83.0,125.0,46.0,1.0087389064133778,0.4216867469879518
2023-01-01,2023-03-31,Zip Code: 98117,Townhouse,792450.0,839950.0,542.4922479908994,14.0,24.0,13.0,1.0027365046520458,0.4285714285714285
2022-04-01,2022-06-30,Zip Code: 98178,Townhouse,655000.0,809000.0,288.26425933524825,3.0,3.0,,0.972723120277468,0.3333333333333333
2023-04-01,2023-06-30,Zip Code: 98133,Townhouse,705000.0,691945.0,451.2396694214876,53.0,42.0,18.0,0.9914364516647636,0.2452830188679245
2017-12-01,2018-02-28,Zip Code: 98109,Multi-Family (2-4 Unit),1117500.0,1117500.0,325.5949582664384,2.0,2.0,2.0,1.0,0.0
2019-09-01,2019-11-30,Zip Code: 98146,Townhouse,350000.0,262000.0,289.9751449875725,1.0,1.0,,1.0001428775539365,1.0
2012-11-01,2013-01-31,Zip Code: 98125,Multi-Family (2-4 Unit),328000.0,624950.0,130.15873015873015,1.0,2.0,2.0,0.9793968348760824,0.0
2020-07-01,2020-09-30,Zip Code: 98125,Single Family Residential,750000.0,725000.0,410.0877192982456,127.0,148.0,27.0,1.0436189780364975,0.5905511811023622
2013-12-01,2014-02-28,Zip Code: 98146,All Residential,299475.0,314990.0,166.91345084671613,76.0,67.0,66.0,0.9835257521592689,0.2236842105263157
2020-01-01,2020-03-31,Zip Code: 98146,Townhouse,389750.0,350000.0,195.7086612187884,2.0,2.0,,1.0216899134258624,1.0
2021-10-01,2021-12-31,Zip Code: 98109,All Residential,820500.0,638975.0,638.2978723404256,96.0,70.0,30.0,1.0190411242299502,0.4166666666666666
2017-09-01,2017-11-30,Zip Code: 98126,Single Family Residential,595000.0,650000.0,376.42045454545456,85.0,80.0,14.0,1.0366279338185147,0.5999999999999999
2013-04-01,2013-06-30,Zip Code: 98119,Single Family Residential,827500.0,775000.0,327.2413793103448,43.0,59.0,30.0,0.9987260812545564,0.3023255813953488
2019-05-01,2019-07-31,Zip Code: 98126,Single Family Residential,655888.0,639000.0,405.9139784946237,123.0,131.0,46.0,1.0107358868260417,0.3821138211382114
2018-01-01,2018-03-31,Zip Code: 98105,Townhouse,882500.0,948950.0,671.563802686429,2.0,7.0,3.0,1.0409722222222222,0.5
2016-02-01,2016-04-30,Zip Code: 98125,Multi-Family (2-4 Unit),429000.0,564000.0,335.15625,1.0,2.0,1.0,1.0,0.0
2012-08-01,2012-10-31,Zip Code: 98104,Condo/Co-op,210000.0,399000.0,285.9375,23.0,19.0,16.0,0.9784969945913232,0.0869565217391304
2019-04-01,2019-06-30,Zip Code: 98109,Townhouse,1100950.0,1095000.0,669.8599852616065,13.0,15.0,8.0,0.9905835308192514,0.0769230769230769
2012-05-01,2012-07-31,Zip Code: 98105,Single Family Residential,641500.0,599950.0,263.51588628762545,64.0,86.0,38.0,1.0013319772081843,0.390625
2017-04-01,2017-06-30,Zip Code: 98177,Condo/Co-op,535000.0,599500.0,328.62574687669746,7.0,16.0,5.0,1.0389028765702375,0.4285714285714285
2023-03-01,2023-05-31,Zip Code: 98199,Condo/Co-op,515000.0,500000.0,502.59416041646233,10.0,20.0,7.0,0.9925208081183508,0.1
2014-07-01,2014-09-30,Zip Code: 98122,Single Family Residential,599450.0,537000.0,299.1405767494893,76.0,72.0,29.0,1.0175421529359985,0.5
2022-03-01,2022-05-31,Zip Code: 98108,Single Family Residential,815000.0,799000.0,467.11739397664405,63.0,75.0,15.0,1.0895309460922344,0.8095238095238095
2012-12-01,2013-02-28,Zip Code: 98106,Multi-Family (2-4 Unit),343000.0,329900.0,124.27536231884058,1.0,3.0,3.0,0.982808022922636,0.0
2020-02-01,2020-04-30,Zip Code: 98104,Condo/Co-op,564500.0,653975.0,749.7431286925249,12.0,28.0,30.0,1.013603589303173,0.3333333333333333
2019-06-01,2019-08-31,Zip Code: 98118,Condo/Co-op,317000.0,345000.0,386.95573325474766,6.0,7.0,7.0,0.9774857737517378,0.0
2014-05-01,2014-07-31,Zip Code: 98115,All Residential,529500.0,499950.0,283.327615780446,214.0,262.0,65.0,1.0326047046312126,0.5186915887850467
2019-11-01,2020-01-31,Zip Code: 98125,Condo/Co-op,290000.0,300000.0,344.0094899169632,13.0,7.0,3.0,0.9935083960513256,0.1538461538461538
2023-05-01,2023-07-31,Zip Code: 98125,All Residential,760000.0,754000.0,493.8797423049392,129.0,130.0,45.0,1.0231219771821816,0.4728682170542635
2022-11-01,2023-01-31,Zip Code: 98122,Townhouse,954999.5,779000.0,601.501903410707,40.0,35.0,14.0,0.994940827881782,0.2
2017-01-01,2017-03-31,Zip Code: 98144,Single Family Residential,650000.0,725000.0,385.2054794520548,59.0,63.0,15.0,1.03709028552745,0.423728813559322
2017-05-01,2017-07-31,Zip Code: 98109,Single Family Residential,1077000.0,1224500.0,505.05050505050497,27.0,34.0,7.0,1.0997260301994716,0.6666666666666666
2015-02-01,2015-04-30,Zip Code: 98177,All Residential,550875.0,625000.0,250.55299539170505,68.0,95.0,40.0,1.0194909522237658,0.5147058823529411
2017-04-01,2017-06-30,Zip Code: 98178,Townhouse,300000.0,254950.0,159.35293238995058,2.0,3.0,,1.1130295468497042,1.0
2020-02-01,2020-04-30,Zip Code: 98109,All Residential,545000.0,657000.0,607.3793755912961,71.0,110.0,64.0,1.0019480983476454,0.2816901408450704
2019-08-01,2019-10-31,Zip Code: 98109,Multi-Family (2-4 Unit),1662500.0,1127475.0,352.33460822089205,2.0,2.0,2.0,0.9578762615182096,0.0
2012-04-01,2012-06-30,Zip Code: 98108,All Residential,264950.0,249900.0,162.55117973629424,58.0,73.0,64.0,0.9939762087419668,0.3275862068965517
2013-10-01,2013-12-31,Zip Code: 98105,Condo/Co-op,250000.0,270975.0,277.77777777777777,15.0,6.0,3.0,0.974873673637415,0.1333333333333333
2019-10-01,2019-12-31,Zip Code: 98109,Condo/Co-op,485000.0,489000.0,565.0295995564537,36.0,29.0,25.0,0.9928978790154784,0.1388888888888889
2020-01-01,2020-03-31,Zip Code: 98177,Condo/Co-op,975000.0,285000.0,285.3563474387528,3.0,3.0,3.0,0.9824106574399076,0.0
2018-10-01,2018-12-31,Zip Code: 98126,Townhouse,525000.0,489000.0,333.9191564147628,17.0,7.0,6.0,0.9859452241500836,0.1764705882352941
2023-05-01,2023-07-31,Zip Code: 98116,Condo/Co-op,574250.0,720000.0,624.5292207792209,26.0,38.0,18.0,0.9963556450663688,0.3076923076923077
2014-12-01,2015-02-28,Zip Code: 98102,Townhouse,677475.0,774950.0,459.49759437453736,12.0,6.0,2.0,1.0000080818075838,0.25
2015-06-01,2015-08-31,Zip Code: 98199,Condo/Co-op,275000.0,269000.0,327.0150756931986,26.0,25.0,4.0,1.0289532572912683,0.6153846153846154
2018-07-01,2018-09-30,Zip Code: 98106,Condo/Co-op,325000.0,312450.0,398.62204724409446,5.0,10.0,6.0,1.0280829519260184,0.4
2015-05-01,2015-07-31,Zip Code: 98199,Multi-Family (2-4 Unit),654975.0,,334.49351180734163,4.0,,,1.0411236398323305,0.5
2013-12-01,2014-02-28,Zip Code: 98115,Condo/Co-op,191000.0,199500.0,196.2072008216285,20.0,16.0,7.0,1.0001021360460258,0.2999999999999999
2012-10-01,2012-12-31,Zip Code: 98109,Multi-Family (2-4 Unit),725000.0,,297.1311475409836,1.0,,1.0,0.9666666666666666,0.0
2017-06-01,2017-08-31,Zip Code: 98126,Townhouse,530000.0,530000.0,346.58740127307175,44.0,44.0,5.0,1.0452108190054854,0.5
2018-10-01,2018-12-31,Zip Code: 98108,Townhouse,496000.0,499300.0,406.6572987943956,12.0,15.0,12.0,0.9922929046198916,0.0833333333333333
2012-07-01,2012-09-30,Zip Code: 98199,Condo/Co-op,199000.0,179950.0,233.7228714524207,17.0,17.0,15.0,0.9893345840601618,0.2352941176470588
2020-11-01,2021-01-31,Zip Code: 98115,Townhouse,735000.0,834000.0,485.4081090403961,16.0,20.0,14.0,0.9893011069035708,0.125
2018-11-01,2019-01-31,Zip Code: 98146,All Residential,425000.0,449999.0,276.8386652906777,72.0,65.0,42.0,0.9868668342347467,0.1527777777777777
2023-11-01,2024-01-31,Zip Code: 98146,Condo/Co-op,388000.0,329000.0,333.287037037037,5.0,1.0,,0.9959958726859957,0.4
2016-03-01,2016-05-31,Zip Code: 98126,Single Family Residential,510000.0,459950.0,319.4736842105263,95.0,122.0,21.0,1.0704085877898284,0.6421052631578947
2016-05-01,2016-07-31,Zip Code: 98109,Multi-Family (2-4 Unit),1118000.0,987500.0,360.64516129032256,1.0,4.0,3.0,1.04,1.0
2016-02-01,2016-04-30,Zip Code: 98109,Townhouse,942500.0,799950.0,551.2570245489501,14.0,9.0,2.0,1.0142545411952388,0.4285714285714285
2012-12-01,2013-02-28,Zip Code: 98125,Condo/Co-op,146250.0,122394.0,139.6574440052701,15.0,18.0,12.0,0.9978474813916096,0.3333333333333333
2023-10-01,2023-12-31,Zip Code: 98199,Townhouse,925000.0,988500.0,589.171974522293,7.0,6.0,5.0,0.9869340295082876,0.1428571428571428
2019-12-01,2020-02-29,Zip Code: 98178,Single Family Residential,495750.0,495000.0,268.9878639942242,66.0,49.0,21.0,0.9946050886676628,0.2727272727272727
2020-11-01,2021-01-31,Zip Code: 98112,Single Family Residential,1403875.0,1512500.0,570.5555708655993,68.0,52.0,22.0,0.9823859872277108,0.1764705882352941
2015-11-01,2016-01-31,Zip Code: 98116,Townhouse,609000.0,624950.0,387.15829624920536,15.0,28.0,7.0,1.0156894084971673,0.4
2021-10-01,2021-12-31,Zip Code: 98125,Townhouse,610000.0,699950.0,457.0887166236004,22.0,35.0,2.0,1.0131505468190984,0.5
2023-06-01,2023-08-31,Zip Code: 98199,Single Family Residential,1300000.0,1312499.5,618.8118811881188,69.0,72.0,27.0,1.0111906725990896,0.4492753623188405
2021-07-01,2021-09-30,Zip Code: 98118,Townhouse,568500.0,577475.0,404.87867457617017,32.0,56.0,24.0,1.0041810492567411,0.34375
2018-05-01,2018-07-31,Zip Code: 98116,Condo/Co-op,489250.0,550000.0,548.2796839199156,30.0,37.0,9.0,1.0329683016634312,0.5333333333333333
2014-07-01,2014-09-30,Zip Code: 98126,Condo/Co-op,179100.0,229500.0,253.19254207223435,20.0,19.0,14.0,0.999126452532157,0.1499999999999999
2019-02-01,2019-04-30,Zip Code: 98178,All Residential,473500.0,542499.5,270.31153556722387,56.0,94.0,58.0,0.9995612373625142,0.3214285714285714
2014-03-01,2014-05-31,Zip Code: 98107,Townhouse,474001.0,442500.0,346.34146341463406,33.0,35.0,4.0,1.0326255169016452,0.6363636363636364
2022-02-01,2022-04-30,Zip Code: 98125,All Residential,799950.0,764250.0,503.8759689922481,135.0,156.0,24.0,1.10024766725615,0.6444444444444444
2021-08-01,2021-10-31,Zip Code: 98116,Single Family Residential,956000.0,899900.0,477.1784232365145,87.0,79.0,11.0,1.040590822085122,0.586206896551724
2022-03-01,2022-05-31,Zip Code: 98109,Townhouse,1285000.0,1150000.0,719.8612315698178,13.0,21.0,8.0,1.041717228772176,0.4615384615384615
2022-05-01,2022-07-31,Zip Code: 98116,All Residential,975000.0,949975.0,562.6760563380282,117.0,160.0,56.0,1.0422421260723094,0.547008547008547
2015-04-01,2015-06-30,Zip Code: 98126,All Residential,425000.0,410000.0,265.67481402763013,137.0,147.0,35.0,1.0404025712913407,0.5547445255474452
2016-06-01,2016-08-31,Zip Code: 98108,All Residential,461000.0,425000.0,301.53061224489795,99.0,116.0,46.0,1.0545977566586353,0.5656565656565656
2018-07-01,2018-09-30,Zip Code: 98109,All Residential,735000.0,799500.0,601.3986013986014,85.0,131.0,75.0,1.003394593141688,0.3411764705882353
2016-12-01,2017-02-28,Zip Code: 98199,Condo/Co-op,340000.0,282500.0,372.2084367245657,17.0,20.0,5.0,1.0134400354453248,0.3529411764705882
2022-03-01,2022-05-31,Zip Code: 98126,All Residential,795000.0,722500.0,506.5736478711162,143.0,162.0,24.0,1.1015776281223577,0.7132867132867133
2013-12-01,2014-02-28,Zip Code: 98177,Townhouse,274250.0,225000.0,188.50683890577503,2.0,5.0,5.0,0.9905973529619932,0.0
2017-12-01,2018-02-28,Zip Code: 98146,Condo/Co-op,180050.0,194975.0,222.64219576719577,4.0,4.0,2.0,1.0099240278537145,0.5
2013-04-01,2013-06-30,Zip Code: 98177,All Residential,449500.0,475000.0,211.0323886639676,94.0,123.0,51.0,0.9967542751438514,0.3936170212765957
2018-01-01,2018-03-31,Zip Code: 98146,Condo/Co-op,140050.0,180000.0,222.64219576719577,4.0,7.0,1.0,1.0379077194771391,0.75
2014-06-01,2014-08-31,Zip Code: 98199,Condo/Co-op,246640.0,200000.0,278.50908251635275,24.0,27.0,12.0,1.0043027480024371,0.4583333333333333
2018-04-01,2018-06-30,Zip Code: 98109,Condo/Co-op,598000.0,519975.0,677.5956284153006,67.0,86.0,28.0,1.0480500426435553,0.5820895522388059
2021-07-01,2021-09-30,Zip Code: 98177,Single Family Residential,1108600.0,1100000.0,483.8709677419354,95.0,97.0,19.0,1.0580856931821094,0.5473684210526316
2023-04-01,2023-06-30,Zip Code: 98199,Townhouse,950000.0,817950.0,549.5818399044206,11.0,15.0,11.0,0.9881026618503348,0.2727272727272727
2023-07-01,2023-09-30,Zip Code: 98133,Single Family Residential,785500.0,799950.0,462.3753399818676,73.0,97.0,46.0,1.0127137289842767,0.410958904109589
2018-08-01,2018-10-31,Zip Code: 98108,Single Family Residential,499500.0,553000.0,323.52941176470586,51.0,88.0,46.0,0.998034150752079,0.3137254901960784
2014-12-01,2015-02-28,Zip Code: 98118,Townhouse,297975.0,329950.0,207.06959706959708,6.0,7.0,5.0,1.0119496436804063,0.5
2014-03-01,2014-05-31,Zip Code: 98102,Condo/Co-op,313500.0,329000.0,372.81959378733575,48.0,68.0,26.0,1.001780185088728,0.3541666666666666
2023-04-01,2023-06-30,Zip Code: 98126,Condo/Co-op,390000.0,499000.0,482.8326180257511,15.0,25.0,12.0,1.010021241162615,0.3333333333333333
2015-06-01,2015-08-31,Zip Code: 98109,Townhouse,625000.0,799950.0,440.36697247706417,9.0,20.0,4.0,1.0568431946939567,0.7777777777777777
2021-08-01,2021-10-31,Zip Code: 98106,Multi-Family (2-4 Unit),878500.0,1002500.0,340.54816784869973,2.0,2.0,1.0,0.99027027027027,0.0
2012-09-01,2012-11-30,Zip Code: 98146,All Residential,246000.0,275000.0,145.41666666666669,78.0,81.0,70.0,0.980869222535281,0.2179487179487179
2020-05-01,2020-07-31,Zip Code: 98199,Single Family Residential,1217500.0,1188000.0,477.002819854669,98.0,107.0,29.0,0.9979103249351168,0.2959183673469387
2014-11-01,2015-01-31,Zip Code: 98125,Multi-Family (2-4 Unit),570000.0,568000.0,178.125,1.0,1.0,1.0,0.9844559585492229,0.0
2021-08-01,2021-10-31,Zip Code: 98104,Condo/Co-op,627500.0,616975.0,828.2795032125816,34.0,64.0,48.0,0.9875811720366284,0.1176470588235294
2023-02-01,2023-04-30,Zip Code: 98109,All Residential,920000.0,880000.0,625.6598147777438,84.0,86.0,41.0,0.9870775738930464,0.1785714285714285
2012-02-01,2012-04-30,Zip Code: 98146,Single Family Residential,249450.0,215000.0,132.1592480824846,60.0,87.0,78.0,0.9735846104010264,0.1833333333333333
2015-06-01,2015-08-31,Zip Code: 98112,Townhouse,632000.0,625000.0,418.9723320158103,19.0,15.0,1.0,1.0568714445741283,0.5263157894736841
2012-08-01,2012-10-31,Zip Code: 98109,Single Family Residential,650000.0,725000.0,289.2682926829268,21.0,23.0,14.0,0.986749969173152,0.3809523809523809
2017-03-01,2017-05-31,Zip Code: 98108,Townhouse,587750.0,595000.0,398.7919026714726,14.0,16.0,2.0,1.0829485680661664,0.5714285714285714
2015-11-01,2016-01-31,Zip Code: 98109,Townhouse,749000.0,1225000.0,480.1620648259304,5.0,3.0,4.0,1.0162987695541952,0.2
2019-06-01,2019-08-31,Zip Code: 98199,Townhouse,600000.0,699000.0,446.969696969697,11.0,13.0,4.0,1.0032003237070606,0.1818181818181818
2021-11-01,2022-01-31,Zip Code: 98136,Multi-Family (2-4 Unit),1450000.0,1350000.0,464.74358974358967,1.0,1.0,1.0,0.9666666666666666,0.0
2014-04-01,2014-06-30,Zip Code: 98133,All Residential,352000.0,349000.0,211.78343949044583,219.0,248.0,93.0,1.0076579126060117,0.4292237442922374
2014-02-01,2014-04-30,Zip Code: 98109,All Residential,399999.0,399950.0,354.45757250268525,93.0,120.0,47.0,1.004536382822366,0.4408602150537634
2021-05-01,2021-07-31,Zip Code: 98146,Single Family Residential,699250.0,625000.0,399.55163043478257,136.0,142.0,26.0,1.0816155498543525,0.7352941176470588
2017-12-01,2018-02-28,Zip Code: 98106,Condo/Co-op,375750.0,265000.0,407.3319755600815,3.0,4.0,1.0,1.0942598744924326,1.0
2014-10-01,2014-12-31,Zip Code: 98146,Multi-Family (2-4 Unit),405000.0,539000.0,123.10030395136778,3.0,1.0,1.0,0.8269377595096901,0.0
2022-06-01,2022-08-31,Zip Code: 98136,Single Family Residential,1042500.0,999997.5,506.9261921364587,58.0,74.0,24.0,1.042740510746311,0.5172413793103448
2018-03-01,2018-05-31,Zip Code: 98109,Townhouse,969975.0,890000.0,645.7154128976019,8.0,13.0,6.0,1.0261608443208023,0.5
2023-06-01,2023-08-31,Zip Code: 98105,Condo/Co-op,497500.0,487000.0,556.5217391304348,17.0,22.0,18.0,0.9919507035911562,0.2352941176470588
2016-12-01,2017-02-28,Zip Code: 98125,All Residential,500000.0,502497.5,301.6528925619835,81.0,60.0,14.0,1.0294844853965492,0.4444444444444444
2020-06-01,2020-08-31,Zip Code: 98146,Single Family Residential,575000.0,599000.0,324.9622740831725,100.0,114.0,31.0,1.0155567751767431,0.4799999999999999
2017-09-01,2017-11-30,Zip Code: 98105,Multi-Family (2-4 Unit),929000.0,800000.0,429.1497975708502,5.0,1.0,,1.001064298625114,0.4
2019-08-01,2019-10-31,Zip Code: 98104,All Residential,579000.0,644705.0,588.6361556064073,15.0,24.0,46.0,0.9870772383889984,0.4
2017-11-01,2018-01-31,Zip Code: 98116,Townhouse,650000.0,674000.0,472.9824561403509,17.0,19.0,4.0,1.0104429119697722,0.2941176470588235
2015-10-01,2015-12-31,Zip Code: 98146,All Residential,348000.0,344950.0,193.7605405405405,95.0,65.0,42.0,1.0015185249888103,0.3157894736842105
2022-11-01,2023-01-31,Zip Code: 98118,Townhouse,608800.0,644950.0,460.78128220985366,10.0,16.0,26.0,0.9993768492590036,0.5
2016-07-01,2016-09-30,Zip Code: 98126,Townhouse,474500.0,439500.0,312.71428571428567,29.0,26.0,6.0,1.0381570709471324,0.4827586206896551
2017-06-01,2017-08-31,Zip Code: 98199,Multi-Family (2-4 Unit),1137200.0,737475.0,447.59529168006287,4.0,2.0,,0.9522682512733446,0.0
2019-03-01,2019-05-31,Zip Code: 98125,Single Family Residential,687500.0,695000.0,377.3907103825137,84.0,131.0,66.0,1.0160300489327576,0.488095238095238
2014-06-01,2014-08-31,Zip Code: 98126,All Residential,372500.0,384950.0,239.72602739726028,171.0,161.0,74.0,1.0069013484021212,0.3157894736842105
2015-02-01,2015-04-30,Zip Code: 98126,Single Family Residential,459000.0,452475.0,255.17573423206548,85.0,98.0,27.0,1.0195566530058926,0.4352941176470588
2013-08-01,2013-10-31,Zip Code: 98126,Single Family Residential,374000.0,375000.0,221.66666666666663,86.0,116.0,60.0,1.0022911186936392,0.3720930232558139
2022-04-01,2022-06-30,Zip Code: 98119,Multi-Family (2-4 Unit),1500000.0,1317475.0,571.9305770000572,4.0,8.0,5.0,0.9512878127715764,0.0
2012-04-01,2012-06-30,Zip Code: 98177,Townhouse,182500.0,232495.0,141.46268750392267,4.0,4.0,3.0,0.970143591116011,0.0
2018-05-01,2018-07-31,Zip Code: 98107,All Residential,790000.0,749950.0,561.5348063673082,135.0,167.0,37.0,1.0561639965847565,0.5703703703703704
2022-06-01,2022-08-31,Zip Code: 98146,Multi-Family (2-4 Unit),1080000.0,921856.5,417.7377892030848,3.0,4.0,4.0,1.011340893929286,0.3333333333333333
2016-01-01,2016-03-31,Zip Code: 98117,Townhouse,557500.0,550000.0,422.3025806451613,16.0,20.0,4.0,1.0210080200625404,0.3125
2023-09-01,2023-11-30,Zip Code: 98126,Multi-Family (2-4 Unit),1237500.0,1250000.0,312.9742033383915,1.0,1.0,,0.99,0.0
2017-06-01,2017-08-31,Zip Code: 98125,Multi-Family (2-4 Unit),765000.0,699000.0,296.51162790697674,1.0,1.0,,1.094420600858369,1.0
2021-05-01,2021-07-31,Zip Code: 98178,All Residential,612500.0,599900.0,354.2776907001045,120.0,141.0,27.0,1.0748819582893947,0.6833333333333333
2012-07-01,2012-09-30,Zip Code: 98105,Condo/Co-op,250000.0,281000.0,315.64245810055866,17.0,14.0,11.0,0.978356263842177,0.2352941176470588
2015-04-01,2015-06-30,Zip Code: 98118,All Residential,422000.0,382500.0,228.57142857142856,189.0,210.0,72.0,1.0529795101405388,0.5873015873015873
2022-07-01,2022-09-30,Zip Code: 98107,Single Family Residential,940000.0,950000.0,583.0735451863769,32.0,39.0,15.0,1.0071090383732566,0.4375
2016-12-01,2017-02-28,Zip Code: 98199,Townhouse,642500.0,649950.0,454.21265636497424,18.0,25.0,4.0,1.0330002181126083,0.5555555555555555
2018-08-01,2018-10-31,Zip Code: 98146,Townhouse,223500.0,229975.0,276.6001387833328,2.0,2.0,1.0,1.0125091519491418,0.5
2015-05-01,2015-07-31,Zip Code: 98109,All Residential,433000.0,489000.0,433.8624338624338,129.0,139.0,34.0,1.031253035133063,0.5426356589147286
2012-08-01,2012-10-31,Zip Code: 98146,Single Family Residential,249950.0,257000.0,143.65713790713787,82.0,90.0,70.0,0.989547668380042,0.2682926829268292
2016-01-01,2016-03-31,Zip Code: 98133,Townhouse,384419.0,379950.0,314.6821917808219,10.0,23.0,4.0,1.0232578755153114,0.6999999999999998
2017-02-01,2017-04-30,Zip Code: 98199,Multi-Family (2-4 Unit),1002500.0,899000.0,491.70230458541215,2.0,5.0,,1.0716723549488054,0.5
2013-04-01,2013-06-30,Zip Code: 98126,Multi-Family (2-4 Unit),319000.0,319000.0,157.92079207920793,1.0,1.0,,1.0,0.0
2017-05-01,2017-07-31,Zip Code: 98115,Multi-Family (2-4 Unit),779000.0,1189500.0,590.1515151515151,1.0,2.0,,1.0685871056241427,1.0
2023-10-01,2023-12-31,Zip Code: 98126,Single Family Residential,875000.0,1012000.0,477.4410774410774,45.0,24.0,5.0,1.0067622438860553,0.3555555555555555
2012-05-01,2012-07-31,Zip Code: 98115,Multi-Family (2-4 Unit),426250.0,559500.0,191.86152721958348,2.0,4.0,4.0,0.9113661463169548,0.0
2018-03-01,2018-05-31,Zip Code: 98105,All Residential,962475.0,949475.0,508.9285714285714,90.0,122.0,35.0,1.0467841007249867,0.5333333333333333
2022-04-01,2022-06-30,Zip Code: 98146,Single Family Residential,750000.0,700000.0,466.2576687116565,119.0,135.0,34.0,1.0838368522754271,0.6638655462184873
2012-08-01,2012-10-31,Zip Code: 98116,Single Family Residential,457500.0,485000.0,251.29738527071555,76.0,79.0,39.0,0.9869609849956564,0.1973684210526315
2021-05-01,2021-07-31,Zip Code: 98178,Condo/Co-op,572451.5,453692.0,324.78859988931936,10.0,2.0,,1.015590717299578,0.2
2012-09-01,2012-11-30,Zip Code: 98118,All Residential,275000.0,285000.0,158.5820895522388,107.0,141.0,108.0,0.9936134545855442,0.3551401869158878
2017-11-01,2018-01-31,Zip Code: 98125,Single Family Residential,635000.0,670000.0,350.2316602316602,77.0,51.0,15.0,1.0142043600561954,0.4415584415584415
2016-03-01,2016-05-31,Zip Code: 98105,Condo/Co-op,410000.0,360000.0,494.949494949495,17.0,21.0,5.0,1.0916788532056807,0.7647058823529411
2023-06-01,2023-08-31,Zip Code: 98107,All Residential,787000.0,799000.0,602.2035746907197,106.0,99.0,30.0,1.0030487083524045,0.2452830188679245
2022-02-01,2022-04-30,Zip Code: 98106,Multi-Family (2-4 Unit),735000.0,739000.0,367.8571428571428,3.0,7.0,3.0,1.0365938398536203,1.0
2017-03-01,2017-05-31,Zip Code: 98178,Condo/Co-op,168365.0,178365.0,165.37979456566677,2.0,4.0,2.0,1.0185185185185186,0.5
2019-09-01,2019-11-30,Zip Code: 98109,All Residential,625000.0,695500.0,568.9922480620155,67.0,74.0,45.0,0.981928404188908,0.1194029850746268
2014-01-01,2014-03-31,Zip Code: 98146,Single Family Residential,308500.0,314000.0,173.89467787114847,72.0,83.0,53.0,0.9948346188321588,0.3611111111111111
2018-06-01,2018-08-31,Zip Code: 98125,Single Family Residential,683500.0,689500.0,409.9031349066573,102.0,118.0,42.0,1.0339273700426446,0.5098039215686274
2017-03-01,2017-05-31,Zip Code: 98106,Condo/Co-op,306000.0,279250.0,301.47424249483606,4.0,6.0,1.0,1.0807397481340597,0.5
2014-01-01,2014-03-31,Zip Code: 98122,Multi-Family (2-4 Unit),517500.0,699000.0,225.0420001442065,4.0,3.0,4.0,0.9087197798194244,0.0
2020-09-01,2020-11-30,Zip Code: 98106,Single Family Residential,597000.0,589950.0,370.46632124352334,102.0,95.0,25.0,1.0076898674503127,0.4313725490196078
2022-05-01,2022-07-31,Zip Code: 98177,Townhouse,601000.0,666701.0,486.63967611336034,5.0,12.0,5.0,1.0303278960718143,0.8
2017-05-01,2017-07-31,Zip Code: 98178,Single Family Residential,437000.0,445000.0,253.2209483093665,98.0,133.0,43.0,1.0689815872653978,0.673469387755102
2017-03-01,2017-05-31,Zip Code: 98126,Townhouse,520000.0,528539.0,327.48538011695905,17.0,41.0,4.0,1.0552505859315504,0.7647058823529411
2022-07-01,2022-09-30,Zip Code: 98178,Single Family Residential,650000.0,668000.0,375.0,65.0,77.0,42.0,0.9999460192437284,0.3384615384615384
2012-10-01,2012-12-31,Zip Code: 98112,Townhouse,441660.0,490000.0,297.7168888888889,2.0,3.0,2.0,0.9635879450208904,0.0
2013-08-01,2013-10-31,Zip Code: 98105,All Residential,530000.0,499000.0,304.37158469945354,103.0,96.0,38.0,1.0079515109599315,0.3592233009708737
2018-09-01,2018-11-30,Zip Code: 98133,All Residential,562500.0,574850.0,351.5625,152.0,176.0,94.0,0.986764115623689,0.2039473684210526
2013-11-01,2014-01-31,Zip Code: 98117,Single Family Residential,464000.0,515000.0,254.5757071547421,91.0,75.0,26.0,1.0047676497350009,0.3736263736263736
2016-12-01,2017-02-28,Zip Code: 98115,All Residential,734000.0,699000.0,389.5348837209302,151.0,136.0,32.0,1.0355464693842225,0.4701986754966887
2020-05-01,2020-07-31,Zip Code: 98177,Condo/Co-op,525000.0,612988.0,341.9823559937728,5.0,3.0,3.0,0.9826202132888802,0.0
2018-04-01,2018-06-30,Zip Code: 98126,All Residential,608475.0,624950.0,400.0,170.0,237.0,72.0,1.045732527895858,0.6176470588235294
2019-04-01,2019-06-30,Zip Code: 98102,Townhouse,908100.0,999500.0,625.046977440504,20.0,21.0,12.0,0.9968041941720888,0.1
2015-05-01,2015-07-31,Zip Code: 98109,Multi-Family (2-4 Unit),704000.0,646950.0,354.64480874316934,3.0,2.0,,1.1279832691214302,0.6666666666666666
2017-03-01,2017-05-31,Zip Code: 98109,Multi-Family (2-4 Unit),1112500.0,1200000.0,456.17975451049983,2.0,2.0,,0.928921023359288,0.5
2012-03-01,2012-05-31,Zip Code: 98106,All Residential,189500.0,235000.0,137.2549019607843,67.0,111.0,87.0,0.9743304791557575,0.2388059701492537
2017-06-01,2017-08-31,Zip Code: 98102,All Residential,585000.0,640000.0,606.1946902654868,113.0,127.0,31.0,1.049551757580109,0.5486725663716813
2016-11-01,2017-01-31,Zip Code: 98199,Townhouse,686750.0,639450.0,433.36266697612047,12.0,16.0,2.0,1.0428749745412251,0.5833333333333333
2022-06-01,2022-08-31,Zip Code: 98119,Single Family Residential,1625000.0,1550000.0,708.3333333333334,37.0,43.0,19.0,1.00772515017501,0.2972972972972973
2019-11-01,2020-01-31,Zip Code: 98106,Condo/Co-op,320000.0,319500.0,331.6929133858268,5.0,1.0,1.0,0.9456443180443652,0.0
2017-11-01,2018-01-31,Zip Code: 98115,Multi-Family (2-4 Unit),835000.0,745000.0,423.0769230769231,3.0,3.0,,1.0219938478747204,0.6666666666666666
2023-09-01,2023-11-30,Zip Code: 98115,Condo/Co-op,639950.0,437475.0,550.5426228792279,27.0,22.0,13.0,1.0039000882286977,0.2962962962962962
2022-04-01,2022-06-30,Zip Code: 98102,Townhouse,1200000.0,1162500.0,770.0649350649351,23.0,22.0,9.0,1.0271132714594893,0.608695652173913
2019-11-01,2020-01-31,Zip Code: 98108,Multi-Family (2-4 Unit),793025.0,,283.4439432989691,2.0,,,0.9234087102177556,0.5
2020-04-01,2020-06-30,Zip Code: 98118,All Residential,660000.0,649925.0,363.33333333333326,117.0,156.0,67.0,1.0107857392606785,0.4273504273504273
2021-02-01,2021-04-30,Zip Code: 98133,All Residential,665550.0,668000.0,424.3735504387538,206.0,245.0,56.0,1.057931203463909,0.5970873786407765
2020-03-01,2020-05-31,Zip Code: 98106,Single Family Residential,595000.0,597000.0,377.7407407407408,45.0,82.0,39.0,1.028490420399249,0.5333333333333333
2023-06-01,2023-08-31,Zip Code: 98108,Condo/Co-op,654975.0,639999.0,581.3852564102565,2.0,4.0,2.0,0.9852948313159284,0.0
2022-07-01,2022-09-30,Zip Code: 98104,All Residential,447475.0,699000.0,684.7060911085301,24.0,35.0,38.0,0.9772354002226632,0.0416666666666666
2020-09-01,2020-11-30,Zip Code: 98109,Single Family Residential,1361500.0,1510000.0,539.7350993377484,39.0,38.0,13.0,1.0022063977992093,0.282051282051282
2015-07-01,2015-09-30,Zip Code: 98146,All Residential,340000.0,360000.0,203.43980343980343,105.0,131.0,62.0,1.020284051073027,0.5523809523809524
2018-09-01,2018-11-30,Zip Code: 98115,Multi-Family (2-4 Unit),799950.0,1107475.0,357.12053571428567,1.0,2.0,1.0,0.975608268796878,0.0
2023-04-01,2023-06-30,Zip Code: 98117,All Residential,917000.0,862475.0,581.7248459958932,153.0,228.0,70.0,1.0337279370708885,0.4771241830065359
2012-06-01,2012-08-31,Zip Code: 98125,Condo/Co-op,154975.0,129450.0,120.82461376605258,16.0,18.0,13.0,0.9755839958449484,0.375
2013-07-01,2013-09-30,Zip Code: 98118,Townhouse,279990.0,279950.0,195.23809523809524,15.0,13.0,10.0,0.993704141748002,0.1333333333333333
2017-04-01,2017-06-30,Zip Code: 98177,All Residential,746500.0,732500.0,354.9556961589568,88.0,130.0,39.0,1.0592485074939906,0.6477272727272727
2015-09-01,2015-11-30,Zip Code: 98109,Condo/Co-op,353000.0,379900.0,447.13615023474176,57.0,51.0,12.0,1.0095258057751162,0.3684210526315789
2014-09-01,2014-11-30,Zip Code: 98108,Single Family Residential,382500.0,327475.0,183.7517892832064,60.0,62.0,38.0,0.9980012273727314,0.3833333333333333
2018-10-01,2018-12-31,Zip Code: 98125,Single Family Residential,680000.0,679950.0,366.9724770642202,71.0,57.0,33.0,0.9810886613009486,0.1549295774647887
2022-02-01,2022-04-30,Zip Code: 98105,All Residential,1142475.0,1042500.0,658.2031829556582,84.0,108.0,28.0,1.0914327332296812,0.5952380952380952
2020-06-01,2020-08-31,Zip Code: 98126,Single Family Residential,665000.0,675000.0,401.5151515151515,109.0,167.0,56.0,1.0146944878777653,0.4403669724770642
2012-03-01,2012-05-31,Zip Code: 98144,All Residential,319000.0,358000.0,195.20382332402235,86.0,122.0,88.0,0.9934570878833908,0.2790697674418604
2017-05-01,2017-07-31,Zip Code: 98146,Condo/Co-op,130000.0,135950.0,215.30249110320284,7.0,15.0,2.0,1.0519808440636294,0.7142857142857143
2014-07-01,2014-09-30,Zip Code: 98109,Condo/Co-op,319975.0,375000.0,402.93040293040286,70.0,71.0,39.0,0.990919652219523,0.2
2017-02-01,2017-04-30,Zip Code: 98125,Multi-Family (2-4 Unit),1150000.0,950000.0,293.2177460479347,1.0,1.0,,1.2105263157894737,1.0
2018-08-01,2018-10-31,Zip Code: 98177,Townhouse,405000.0,575000.0,330.7692307692308,5.0,7.0,1.0,0.9906939881374874,0.2
2023-07-01,2023-09-30,Zip Code: 98144,Condo/Co-op,611250.0,529550.0,640.5382705229331,14.0,19.0,11.0,0.9928003441346088,0.0714285714285714
2021-10-01,2021-12-31,Zip Code: 98146,Multi-Family (2-4 Unit),590000.0,600000.0,302.66597612705925,4.0,3.0,,0.9995689655172412,0.25
2013-11-01,2014-01-31,Zip Code: 98105,All Residential,515000.0,519000.0,292.72727272727275,57.0,41.0,23.0,1.0001900310462437,0.2982456140350877
2015-01-01,2015-03-31,Zip Code: 98126,All Residential,400400.0,399950.0,256.147805725486,88.0,105.0,41.0,1.012517367671093,0.3522727272727272
2019-12-01,2020-02-29,Zip Code: 98199,Single Family Residential,1122500.0,1150000.0,469.27404728963126,56.0,60.0,26.0,0.995899601530519,0.2678571428571428
2019-07-01,2019-09-30,Zip Code: 98105,Townhouse,800000.0,775000.0,614.6179401993355,11.0,11.0,10.0,0.9845280291240835,0.0909090909090909
2019-05-01,2019-07-31,Zip Code: 98105,Multi-Family (2-4 Unit),965250.0,999500.0,418.5022026431718,3.0,6.0,6.0,0.958019861210816,0.0
2015-02-01,2015-04-30,Zip Code: 98126,Townhouse,366200.0,410000.0,228.7120447309156,12.0,17.0,9.0,1.0258942590256868,0.6666666666666666
2018-12-01,2019-02-28,Zip Code: 98126,Single Family Residential,630000.0,669000.0,345.50561797752806,67.0,59.0,47.0,0.98228937592325,0.1343283582089552
2015-03-01,2015-05-31,Zip Code: 98109,Townhouse,610000.0,549000.0,414.35239206534425,5.0,7.0,,1.0209068665450798,0.5999999999999999
2016-10-01,2016-12-31,Zip Code: 98105,Condo/Co-op,360000.0,350000.0,427.0491803278688,11.0,10.0,7.0,0.9942313440357924,0.3636363636363636
2022-07-01,2022-09-30,Zip Code: 98177,Single Family Residential,1242500.0,1249500.0,525.0048856752003,78.0,80.0,30.0,1.0120237879305525,0.3589743589743589
2012-06-01,2012-08-31,Zip Code: 98108,All Residential,264950.0,261950.0,160.90425531914894,79.0,76.0,64.0,0.98342332526419,0.2658227848101265
2013-11-01,2014-01-31,Zip Code: 98115,Multi-Family (2-4 Unit),427000.0,565000.0,318.65671641791045,1.0,1.0,1.0,0.9704545454545452,0.0
2021-11-01,2022-01-31,Zip Code: 98102,Townhouse,939900.0,810000.0,742.7419354838711,29.0,17.0,5.0,1.0106397886146072,0.3448275862068965
2020-01-01,2020-03-31,Zip Code: 98133,Multi-Family (2-4 Unit),884000.0,1150000.0,265.5913978494624,2.0,5.0,5.0,0.939161719733765,0.5
2017-08-01,2017-10-31,Zip Code: 98146,Condo/Co-op,191000.0,209000.0,209.89761092150167,11.0,5.0,2.0,1.0259181730941536,0.5454545454545454
2016-07-01,2016-09-30,Zip Code: 98136,Single Family Residential,655000.0,634250.0,328.94736842105266,67.0,82.0,27.0,1.0423220717696826,0.5074626865671642
2016-08-01,2016-10-31,Zip Code: 98119,Single Family Residential,1039500.0,915000.0,412.1540793129578,44.0,43.0,22.0,1.006628544534972,0.3409090909090908
2019-04-01,2019-06-30,Zip Code: 98146,Townhouse,357475.0,369475.0,274.27720481101613,6.0,8.0,1.0,0.9865115678265228,0.1666666666666666
2021-05-01,2021-07-31,Zip Code: 98109,Townhouse,930000.0,945000.0,681.4236111111111,19.0,19.0,9.0,1.0103856293595117,0.3157894736842105
2016-09-01,2016-11-30,Zip Code: 98119,Multi-Family (2-4 Unit),847750.0,785000.0,413.1129011017954,8.0,4.0,,1.0173728487004436,0.5
2022-03-01,2022-05-31,Zip Code: 98146,All Residential,735000.0,699000.0,461.9047619047619,127.0,149.0,25.0,1.1010786440231948,0.716535433070866
2021-10-01,2021-12-31,Zip Code: 98134,All Residential,427500.0,392900.0,371.73913043478257,4.0,3.0,1.0,0.9973132293613944,0.25
2019-03-01,2019-05-31,Zip Code: 98102,Condo/Co-op,459950.0,469950.0,690.5156537753223,77.0,104.0,57.0,0.999510180757534,0.2337662337662337
2014-04-01,2014-06-30,Zip Code: 98109,Townhouse,665000.0,649950.0,383.1521739130435,7.0,13.0,2.0,1.0326490302596254,0.7142857142857143
2014-07-01,2014-09-30,Zip Code: 98199,Multi-Family (2-4 Unit),999000.0,999000.0,261.79245283018867,1.0,1.0,,1.0,0.0
2013-01-01,2013-03-31,Zip Code: 98115,Single Family Residential,500000.0,489950.0,252.17391304347825,109.0,127.0,34.0,1.010144956252332,0.4587155963302752
2019-03-01,2019-05-31,Zip Code: 98146,All Residential,489250.0,495000.0,308.37746290730405,96.0,135.0,56.0,1.0002765435629843,0.3958333333333333
2021-01-01,2021-03-31,Zip Code: 98144,Condo/Co-op,400625.0,410000.0,520.9769394660984,22.0,25.0,9.0,0.9963457732664976,0.2727272727272727
2020-01-01,2020-03-31,Zip Code: 98112,All Residential,1092500.0,1100000.0,582.2958904109589,72.0,100.0,46.0,1.0190015969189892,0.3611111111111111
2015-11-01,2016-01-31,Zip Code: 98199,Single Family Residential,835000.0,749000.0,359.9574393300324,66.0,51.0,19.0,1.0205838558748817,0.4848484848484848
2013-09-01,2013-11-30,Zip Code: 98109,Townhouse,499750.0,559000.0,321.59468438538204,13.0,10.0,,0.9741679990658316,0.0769230769230769
2018-09-01,2018-11-30,Zip Code: 98107,Single Family Residential,825000.0,899475.0,449.6350364963504,33.0,38.0,18.0,0.9768916764904432,0.303030303030303
2018-07-01,2018-09-30,Zip Code: 98109,Townhouse,920000.0,942000.0,648.6486486486488,9.0,20.0,11.0,1.0215656103753952,0.5555555555555555
2021-12-01,2022-02-28,Zip Code: 98122,Single Family Residential,1217500.0,1077500.0,531.203007518797,44.0,32.0,6.0,1.0334866410243997,0.3863636363636363
2018-01-01,2018-03-31,Zip Code: 98125,Multi-Family (2-4 Unit),850000.0,799950.0,300.0,3.0,3.0,1.0,1.0130353817504656,0.3333333333333333
2021-05-01,2021-07-31,Zip Code: 98146,All Residential,650000.0,589000.0,386.5990901109426,156.0,166.0,31.0,1.0782380635970878,0.717948717948718
2018-08-01,2018-10-31,Zip Code: 98106,All Residential,517000.0,538000.0,346.26139228233467,114.0,167.0,95.0,0.996165977564428,0.2982456140350877
2019-01-01,2019-03-31,Zip Code: 98109,Townhouse,992000.0,1024975.0,611.4206128133704,11.0,16.0,7.0,0.9797708027785323,0.0909090909090909
2019-04-01,2019-06-30,Zip Code: 98105,Condo/Co-op,522500.0,525000.0,520.226019164448,16.0,17.0,11.0,0.9951681761387086,0.375
2018-04-01,2018-06-30,Zip Code: 98199,Single Family Residential,1080000.0,1062500.0,487.1794871794872,87.0,110.0,38.0,1.0597806160325784,0.5517241379310344
2017-05-01,2017-07-31,Zip Code: 98126,Single Family Residential,622000.0,595000.0,366.3793103448276,105.0,111.0,14.0,1.0812410947038913,0.6952380952380952
2016-01-01,2016-03-31,Zip Code: 98146,Condo/Co-op,148650.0,185750.0,152.0546672277158,4.0,2.0,4.0,1.0187975687103594,0.5
2020-04-01,2020-06-30,Zip Code: 98126,Townhouse,549500.0,549950.0,405.6866863509945,20.0,21.0,6.0,1.0065376935999757,0.55
2016-05-01,2016-07-31,Zip Code: 98106,Single Family Residential,375000.0,386000.0,289.3759421163702,88.0,109.0,24.0,1.053651432458964,0.7045454545454545
2014-10-01,2014-12-31,Zip Code: 98177,Single Family Residential,567000.0,531000.0,230.9895833333333,53.0,40.0,30.0,0.9991598567522714,0.2452830188679245
2015-02-01,2015-04-30,Zip Code: 98118,Condo/Co-op,269250.0,212425.0,306.7586990548432,6.0,8.0,7.0,0.9890205061967432,0.1666666666666666
2017-10-01,2017-12-31,Zip Code: 98134,Condo/Co-op,360000.0,374497.5,350.1945525291829,5.0,4.0,,1.0249329278721755,0.8
2021-05-01,2021-07-31,Zip Code: 98115,All Residential,930000.0,875000.0,549.4505494505495,303.0,319.0,53.0,1.071759874458375,0.5874587458745874
2012-03-01,2012-05-31,Zip Code: 98102,Multi-Family (2-4 Unit),420000.0,975000.0,264.1509433962264,1.0,5.0,5.0,0.945945945945946,0.0
2015-01-01,2015-03-31,Zip Code: 98146,Single Family Residential,275500.0,296975.0,172.05882352941177,77.0,94.0,33.0,0.9877408154989504,0.2727272727272727
2021-03-01,2021-05-31,Zip Code: 98109,Multi-Family (2-4 Unit),1104000.0,1379950.0,488.4293560606061,12.0,7.0,2.0,0.970827336124909,0.25
2014-12-01,2015-02-28,Zip Code: 98108,Townhouse,279000.0,279000.0,224.09638554216863,5.0,7.0,,1.0163792459873089,0.5999999999999999
2016-09-01,2016-11-30,Zip Code: 98146,Single Family Residential,399950.0,429950.0,237.56906077348063,103.0,93.0,33.0,1.0195246681380778,0.4174757281553397
2018-09-01,2018-11-30,Zip Code: 98109,Single Family Residential,1222500.0,1190000.0,526.9837809557029,22.0,33.0,14.0,0.9897222034148409,0.3181818181818181
2015-06-01,2015-08-31,Zip Code: 98125,Townhouse,345000.0,327000.0,260.2523659305993,11.0,14.0,2.0,1.057228308326062,0.8181818181818182
2017-04-01,2017-06-30,Zip Code: 98126,All Residential,550000.0,541000.0,374.342737094838,140.0,188.0,36.0,1.0787687977755052,0.7642857142857142
2020-06-01,2020-08-31,Zip Code: 98106,Single Family Residential,588000.0,599000.0,397.78481012658233,94.0,126.0,48.0,1.0136391659527972,0.4893617021276595
2014-10-01,2014-12-31,Zip Code: 98199,Multi-Family (2-4 Unit),1290000.0,514900.0,308.94736842105266,3.0,1.0,1.0,0.9540646455449916,0.0
2020-07-01,2020-09-30,Zip Code: 98177,All Residential,865000.0,879900.0,406.41711229946526,109.0,127.0,30.0,1.0326623481268231,0.4954128440366972
2020-11-01,2021-01-31,Zip Code: 98146,All Residential,536475.0,525000.0,328.08924485125857,92.0,73.0,20.0,1.0053829710164357,0.4239130434782608
2012-01-01,2012-03-31,Zip Code: 98125,Townhouse,247500.0,249950.0,180.50541516245488,13.0,9.0,6.0,0.9816010752173706,0.0
2012-08-01,2012-10-31,Zip Code: 98125,Multi-Family (2-4 Unit),410000.0,349990.0,135.27084601339016,2.0,1.0,2.0,0.9400113186191285,0.0
2023-10-01,2023-12-31,Zip Code: 98125,Townhouse,664500.0,649000.0,464.5609128817199,4.0,5.0,5.0,0.9875252209213004,0.0
2012-05-01,2012-07-31,Zip Code: 98119,Multi-Family (2-4 Unit),440000.0,725000.0,199.82394366197184,3.0,1.0,,0.9521510952014576,0.0
2015-09-01,2015-11-30,Zip Code: 98125,Condo/Co-op,208000.0,209950.0,238.79142300194928,15.0,27.0,6.0,1.0219903800718315,0.4666666666666666
2017-02-01,2017-04-30,Zip Code: 98177,Multi-Family (2-4 Unit),595000.0,,316.48936170212767,1.0,,,0.9754098360655736,0.0
2016-08-01,2016-10-31,Zip Code: 98109,Condo/Co-op,420000.0,399950.0,518.9463888707844,81.0,63.0,8.0,1.0198334317036937,0.4938271604938271
2023-07-01,2023-09-30,Zip Code: 98106,All Residential,638711.0,650000.0,418.0706545706546,88.0,98.0,51.0,1.00053953014533,0.3522727272727272
2015-03-01,2015-05-31,Zip Code: 98126,Single Family Residential,462475.0,450000.0,252.75898227652,94.0,115.0,30.0,1.0356875550288591,0.5106382978723403
2018-06-01,2018-08-31,Zip Code: 98105,Condo/Co-op,450000.0,499500.0,546.3293318666603,20.0,19.0,8.0,1.010461073056868,0.4
2017-09-01,2017-11-30,Zip Code: 98199,Multi-Family (2-4 Unit),740000.0,722250.0,416.6666666666666,1.0,2.0,,0.9308176100628932,0.0
2018-07-01,2018-09-30,Zip Code: 98146,All Residential,529000.0,473750.0,299.00175550590484,86.0,106.0,67.0,0.9963074177604408,0.3255813953488372
2019-11-01,2020-01-31,Zip Code: 98119,Multi-Family (2-4 Unit),920000.0,1350000.0,455.44554455445547,1.0,3.0,2.0,0.9945945945945946,0.0
2023-05-01,2023-07-31,Zip Code: 98113,All Residential,1060000.0,1035000.0,524.7524752475248,1.0,1.0,,1.0241545893719808,1.0
2018-02-01,2018-04-30,Zip Code: 98133,All Residential,599000.0,550300.0,392.6829268292683,133.0,169.0,43.0,1.0884500560650137,0.7518796992481201
2015-08-01,2015-10-31,Zip Code: 98199,Single Family Residential,776000.0,799950.0,348.4669811320755,71.0,93.0,30.0,1.024436433394822,0.5211267605633803
2023-08-01,2023-10-31,Zip Code: 98109,Condo/Co-op,560000.0,517250.0,623.4096692111959,41.0,48.0,34.0,0.982917887351188,0.1463414634146341
2013-07-01,2013-09-30,Zip Code: 98199,Multi-Family (2-4 Unit),875000.0,475000.0,211.11111111111111,3.0,5.0,3.0,0.9474446049990832,0.0
2016-07-01,2016-09-30,Zip Code: 98199,Condo/Co-op,319250.0,324950.0,411.2945039751123,22.0,26.0,9.0,1.0203307467589249,0.5454545454545454
2012-05-01,2012-07-31,Zip Code: 98199,Single Family Residential,572500.0,599000.0,257.40818149778295,94.0,108.0,69.0,0.9924749417009217,0.351063829787234
2023-11-01,2024-01-31,Zip Code: 98136,Condo/Co-op,388125.0,674475.0,535.106896551724,4.0,4.0,1.0,1.0137008617673808,0.5
2016-06-01,2016-08-31,Zip Code: 98112,Townhouse,700000.0,641400.0,493.7928669410151,11.0,14.0,2.0,1.0235970690297085,0.4545454545454545
2020-04-01,2020-06-30,Zip Code: 98102,Townhouse,1028000.0,950000.0,594.4055944055945,19.0,25.0,15.0,0.9893522479626808,0.1578947368421052
2022-03-01,2022-05-31,Zip Code: 98144,Single Family Residential,1090000.0,975000.0,619.4935465768799,70.0,94.0,19.0,1.123212837943253,0.7285714285714285
2023-07-01,2023-09-30,Zip Code: 98136,Single Family Residential,989950.0,1292000.0,570.1219512195122,55.0,54.0,13.0,1.0379205263363784,0.4909090909090909
2021-02-01,2021-04-30,Zip Code: 98108,All Residential,620000.0,600000.0,392.7336999214455,103.0,119.0,30.0,1.0278273582369382,0.4854368932038835
2012-09-01,2012-11-30,Zip Code: 98109,Townhouse,782500.0,579900.0,338.8786198398028,6.0,7.0,6.0,0.9042395451182828,0.1666666666666666
2021-10-01,2021-12-31,Zip Code: 98104,Condo/Co-op,470000.0,607000.0,645.9627329192547,31.0,42.0,30.0,0.987904099817734,0.096774193548387
2014-06-01,2014-08-31,Zip Code: 98122,Single Family Residential,599950.0,590000.0,296.96239957587375,74.0,79.0,30.0,1.035988527503673,0.581081081081081
2022-01-01,2022-03-31,Zip Code: 98116,Single Family Residential,1310000.0,1007500.0,619.6581196581196,41.0,74.0,12.0,1.1327089152927148,0.6829268292682927
2023-05-01,2023-07-31,Zip Code: 98104,All Residential,416750.0,472950.0,622.831257122958,26.0,44.0,38.0,0.9749993463795824,0.1538461538461538
2022-01-01,2022-03-31,Zip Code: 98125,Townhouse,724950.0,749999.0,481.76100628930817,37.0,37.0,7.0,1.030510175087601,0.3513513513513513
2016-12-01,2017-02-28,Zip Code: 98136,Condo/Co-op,297500.0,313000.0,388.617469618682,8.0,10.0,2.0,0.9988674712253786,0.375
2012-10-01,2012-12-31,Zip Code: 98178,All Residential,199950.0,239000.0,119.04761904761904,69.0,73.0,79.0,0.9766871037588764,0.217391304347826
2012-08-01,2012-10-31,Zip Code: 98107,Single Family Residential,472000.0,449975.0,229.58358601172424,30.0,46.0,14.0,1.0116290105432826,0.4333333333333333
2021-08-01,2021-10-31,Zip Code: 98116,Multi-Family (2-4 Unit),1310000.0,1200000.0,476.51006711409394,3.0,3.0,2.0,0.9491580298615436,0.0
2017-06-01,2017-08-31,Zip Code: 98122,Multi-Family (2-4 Unit),1180000.0,897000.0,426.8367021276596,4.0,5.0,2.0,1.2344360270322332,0.75
2019-04-01,2019-06-30,Zip Code: 98178,Townhouse,480000.0,230000.0,271.0333145115754,1.0,1.0,2.0,1.0002083767451553,1.0
2013-08-01,2013-10-31,Zip Code: 98109,All Residential,385000.0,389000.0,363.882618510158,105.0,125.0,66.0,0.9940425871279832,0.219047619047619
2019-03-01,2019-05-31,Zip Code: 98117,Townhouse,660000.0,649975.0,453.9007092198581,19.0,40.0,20.0,0.9942640421799064,0.1052631578947368
2012-10-01,2012-12-31,Zip Code: 98115,All Residential,447750.0,446500.0,236.2142402360432,178.0,124.0,62.0,0.990998383414563,0.3033707865168539
2015-05-01,2015-07-31,Zip Code: 98119,Townhouse,680000.0,674900.0,446.2755438365194,15.0,13.0,3.0,1.0138249382837383,0.2666666666666666
2020-09-01,2020-11-30,Zip Code: 98109,Townhouse,844975.0,825000.0,691.9459141681364,16.0,21.0,21.0,0.9937579935318916,0.0625
2017-10-01,2017-12-31,Zip Code: 98122,All Residential,770000.0,749950.0,539.947322212467,135.0,98.0,14.0,1.0350994439345718,0.5555555555555555
2018-08-01,2018-10-31,Zip Code: 98136,Townhouse,630000.0,570000.0,445.81091468101454,5.0,16.0,11.0,0.9828118989894764,0.0
2012-02-01,2012-04-30,Zip Code: 98126,Single Family Residential,299000.0,326950.0,183.96226415094333,59.0,81.0,56.0,0.980164896645257,0.2203389830508474
2018-03-01,2018-05-31,Zip Code: 98146,Condo/Co-op,193500.0,237500.0,258.067648935875,8.0,10.0,2.0,1.0672031175162968,0.75
2017-11-01,2018-01-31,Zip Code: 98102,Single Family Residential,1262500.0,1357000.0,553.0783278327833,24.0,14.0,4.0,0.990967428758993,0.25
2018-07-01,2018-09-30,Zip Code: 98146,Single Family Residential,539975.0,499000.0,306.33156010054057,80.0,92.0,58.0,0.9962876322162708,0.3125
2018-06-01,2018-08-31,Zip Code: 98125,Condo/Co-op,346497.5,325000.0,372.5079046770224,22.0,26.0,8.0,1.0392508695259142,0.5
2020-11-01,2021-01-31,Zip Code: 98125,Single Family Residential,774500.0,699950.0,428.81232417042327,100.0,53.0,10.0,1.024722119597142,0.5
2023-04-01,2023-06-30,Zip Code: 98115,All Residential,1015000.0,950000.0,563.8297872340426,191.0,203.0,66.0,1.029645106326908,0.4607329842931937
2015-11-01,2016-01-31,Zip Code: 98146,Multi-Family (2-4 Unit),450000.0,,139.92537313432837,1.0,,,0.9475679090334808,0.0
2021-02-01,2021-04-30,Zip Code: 98109,Multi-Family (2-4 Unit),1075000.0,1262475.0,510.0731707317073,8.0,8.0,4.0,0.9434863237783924,0.0
2020-12-01,2021-02-28,Zip Code: 98109,Townhouse,849000.0,815000.0,643.2748538011696,31.0,33.0,11.0,0.988522829673372,0.032258064516129
2021-10-01,2021-12-31,Zip Code: 98116,Townhouse,802000.0,849950.0,530.7262569832402,25.0,15.0,2.0,1.0083387189805668,0.32
2020-04-01,2020-06-30,Zip Code: 98146,Single Family Residential,575000.0,549500.0,335.54646936656286,62.0,98.0,38.0,1.0149342500981042,0.4677419354838709
2015-03-01,2015-05-31,Zip Code: 98125,Condo/Co-op,199500.0,196500.0,216.9527974338335,16.0,30.0,14.0,0.9924066326722134,0.375
2014-10-01,2014-12-31,Zip Code: 98115,All Residential,523000.0,500000.0,284.9462365591398,179.0,107.0,26.0,1.0031090999147338,0.3184357541899441
2016-04-01,2016-06-30,Zip Code: 98109,All Residential,495500.0,550000.0,500.28441410693966,132.0,143.0,50.0,1.0374286621438351,0.5757575757575758
2023-03-01,2023-05-31,Zip Code: 98199,Townhouse,920000.0,816425.0,549.5818399044206,17.0,14.0,10.0,0.9789482153549494,0.1764705882352941
2013-09-01,2013-11-30,Zip Code: 98118,All Residential,319900.0,299995.0,176.69172932330827,149.0,119.0,94.0,0.9979554788202188,0.3087248322147651
2015-09-01,2015-11-30,Zip Code: 98177,All Residential,629900.0,575000.0,286.27450980392155,95.0,81.0,19.0,1.0117951404015193,0.4526315789473684
2017-05-01,2017-07-31,Zip Code: 98119,Townhouse,736975.0,848900.0,525.8639705882354,18.0,13.0,7.0,1.0264023290833086,0.5555555555555555
2012-06-01,2012-08-31,Zip Code: 98104,Condo/Co-op,231300.0,277425.0,290.0,14.0,22.0,16.0,0.992256710572953,0.1428571428571428
2022-08-01,2022-10-31,Zip Code: 98109,Condo/Co-op,475000.0,499900.0,636.3375859663113,38.0,57.0,38.0,0.9850220505359883,0.1052631578947368
2017-11-01,2018-01-31,Zip Code: 98107,Single Family Residential,915000.0,939950.0,491.3486670151594,35.0,19.0,,1.0475743025779076,0.4571428571428571
2015-10-01,2015-12-31,Zip Code: 98199,Townhouse,513600.0,684000.0,346.42857142857144,11.0,8.0,3.0,1.0136073513921395,0.4545454545454545
2012-05-01,2012-07-31,Zip Code: 98133,Single Family Residential,314500.0,314925.0,189.67207065931785,112.0,142.0,63.0,1.0103695032039883,0.3303571428571428
2016-06-01,2016-08-31,Zip Code: 98199,Single Family Residential,816875.0,862500.0,409.44444444444446,96.0,98.0,35.0,1.030521082260308,0.4895833333333333
2015-04-01,2015-06-30,Zip Code: 98199,Townhouse,547000.0,469000.0,351.42857142857144,27.0,25.0,3.0,1.0442965633738202,0.4814814814814814
2012-01-01,2012-03-31,Zip Code: 98102,Townhouse,530000.0,480000.0,311.7647058823529,5.0,7.0,4.0,0.9737917884658958,0.2
2019-12-01,2020-02-29,Zip Code: 98105,Single Family Residential,1015000.0,995000.0,452.9411764705882,33.0,37.0,18.0,0.9956258638787648,0.2121212121212121
2012-10-01,2012-12-31,Zip Code: 98144,Single Family Residential,399000.0,402500.0,200.92165898617512,57.0,44.0,29.0,1.007973557408568,0.4561403508771929
2020-04-01,2020-06-30,Zip Code: 98199,Multi-Family (2-4 Unit),1350000.0,750000.0,314.8320895522388,1.0,3.0,1.0,0.9533898305084744,0.0
2017-09-01,2017-11-30,Zip Code: 98146,All Residential,460000.0,469000.0,257.6923076923077,105.0,91.0,23.0,1.0222092130630207,0.5714285714285714
2021-05-01,2021-07-31,Zip Code: 98125,Condo/Co-op,345000.0,325000.0,403.6558666941002,20.0,29.0,10.0,1.0198602059494035,0.45
2019-04-01,2019-06-30,Zip Code: 98109,Multi-Family (2-4 Unit),1820000.0,1285000.0,380.75313807531376,1.0,3.0,2.0,0.9891304347826086,0.0
2019-02-01,2019-04-30,Zip Code: 98107,All Residential,741000.0,735000.0,528.0649926144756,116.0,188.0,76.0,1.0006902244801386,0.2844827586206896
2023-06-01,2023-08-31,Zip Code: 98125,Condo/Co-op,379000.0,362494.0,430.2325581395349,17.0,20.0,6.0,1.0067690970269374,0.4705882352941176
2018-07-01,2018-09-30,Zip Code: 98104,All Residential,670000.0,509475.0,727.3200010601665,14.0,22.0,19.0,1.018019132625956,0.3571428571428571
2016-08-01,2016-10-31,Zip Code: 98177,All Residential,645000.0,624975.0,285.1485148514852,81.0,102.0,42.0,1.0157554542022729,0.4320987654320987
2015-09-01,2015-11-30,Zip Code: 98177,Condo/Co-op,285500.0,269950.0,233.7476979742173,4.0,4.0,2.0,1.0122378631945328,0.5
2022-12-01,2023-02-28,Zip Code: 98125,Townhouse,580000.0,677475.0,416.59660118729136,8.0,10.0,6.0,0.9858643547305632,0.0
2014-12-01,2015-02-28,Zip Code: 98146,Townhouse,185500.0,148000.0,97.75248742981591,2.0,1.0,4.0,0.9848484848484848,0.0
2022-06-01,2022-08-31,Zip Code: 98126,Multi-Family (2-4 Unit),1000000.0,,324.6753246753247,1.0,,,0.8340193142192786,0.0
2017-07-01,2017-09-30,Zip Code: 98133,All Residential,560000.0,539500.0,351.85185185185185,233.0,270.0,65.0,1.0499628226140334,0.6266094420600858
2019-05-01,2019-07-31,Zip Code: 98109,Condo/Co-op,510000.0,509000.0,634.4424665662514,60.0,87.0,56.0,0.9873415262491604,0.1166666666666666
2023-07-01,2023-09-30,Zip Code: 98126,Multi-Family (2-4 Unit),1149000.0,1250000.0,470.13093289689033,1.0,1.0,,1.0942857142857143,1.0
2013-01-01,2013-03-31,Zip Code: 98106,Multi-Family (2-4 Unit),426900.0,237500.0,123.3815028901734,1.0,3.0,2.0,1.0,0.0
2012-12-01,2013-02-28,Zip Code: 98116,Single Family Residential,515000.0,499000.0,221.30177514792896,41.0,50.0,29.0,0.9871316841462744,0.2195121951219512
2015-04-01,2015-06-30,Zip Code: 98107,Condo/Co-op,332000.0,341900.0,434.7826086956522,41.0,65.0,14.0,1.0325885661180445,0.5853658536585366
2021-04-01,2021-06-30,Zip Code: 98118,Multi-Family (2-4 Unit),960000.0,975000.0,337.7551020408164,5.0,7.0,5.0,1.006627074365998,0.8
2022-10-01,2022-12-31,Zip Code: 98117,Townhouse,774500.0,774500.0,549.0956072351421,31.0,19.0,16.0,0.9931664180144156,0.2580645161290322
2013-01-01,2013-03-31,Zip Code: 98106,Townhouse,185000.0,207900.0,149.7005988023952,15.0,19.0,11.0,1.0123417188545525,0.3333333333333333
2013-12-01,2014-02-28,Zip Code: 98105,Multi-Family (2-4 Unit),693750.0,650000.0,217.7318548387097,4.0,3.0,1.0,1.0124768083090516,0.5
2016-12-01,2017-02-28,Zip Code: 98115,Single Family Residential,785000.0,765000.0,375.4285714285714,101.0,80.0,20.0,1.0383102641363475,0.4851485148514851
2022-11-01,2023-01-31,Zip Code: 98107,All Residential,780000.0,834974.5,570.0325732899023,71.0,74.0,35.0,0.9855875487623528,0.1126760563380281
2023-10-01,2023-12-31,Zip Code: 98177,All Residential,1000475.0,999975.0,505.4703337582813,40.0,34.0,13.0,1.0151684621129833,0.375
2019-09-01,2019-11-30,Zip Code: 98117,Condo/Co-op,324000.0,344950.0,482.91233283803865,5.0,5.0,3.0,0.9794868806672412,0.4
2020-04-01,2020-06-30,Zip Code: 98177,Single Family Residential,924950.0,942250.0,404.0462427745665,69.0,82.0,22.0,1.0082106385523824,0.4347826086956521
2017-07-01,2017-09-30,Zip Code: 98102,Condo/Co-op,515000.0,480000.0,609.4674556213017,71.0,97.0,20.0,1.0693448939481969,0.6619718309859155
2019-05-01,2019-07-31,Zip Code: 98199,Condo/Co-op,375000.0,428000.0,466.86746987951807,17.0,23.0,13.0,0.9928059798067272,0.2352941176470588
2015-04-01,2015-06-30,Zip Code: 98108,All Residential,382500.0,420000.0,224.63524883637663,78.0,79.0,30.0,1.022114971194492,0.4487179487179487
2018-04-01,2018-06-30,Zip Code: 98115,Multi-Family (2-4 Unit),1425000.0,1272500.0,608.8235294117648,3.0,2.0,,1.182037037037037,0.6666666666666666
2019-11-01,2020-01-31,Zip Code: 98177,Townhouse,535000.0,375000.0,388.9632545931759,2.0,3.0,1.0,0.9862419303180469,0.0
2018-07-01,2018-09-30,Zip Code: 98105,Townhouse,1050000.0,812000.0,582.5994387793996,6.0,10.0,6.0,0.9772548474650938,0.1666666666666666
2015-07-01,2015-09-30,Zip Code: 98126,Single Family Residential,465500.0,450000.0,283.50515463917526,105.0,105.0,31.0,1.0377049530496132,0.580952380952381
2020-11-01,2021-01-31,Zip Code: 98116,Single Family Residential,925000.0,811950.0,437.0204976183237,74.0,60.0,13.0,1.0049147518596635,0.3513513513513513
2013-10-01,2013-12-31,Zip Code: 98116,Single Family Residential,478750.0,499475.0,252.64084507042253,74.0,54.0,21.0,0.9943743950535144,0.2972972972972973
2020-04-01,2020-06-30,Zip Code: 98199,Condo/Co-op,355500.0,429000.0,475.0089509488005,10.0,19.0,8.0,1.0083950875122627,0.4
2022-04-01,2022-06-30,Zip Code: 98116,All Residential,1017000.0,975000.0,583.9416058394161,143.0,153.0,49.0,1.0826572152383744,0.6643356643356643
2015-03-01,2015-05-31,Zip Code: 98117,Condo/Co-op,423500.0,319000.0,445.66108923884514,8.0,7.0,1.0,1.0006312250837617,0.625
2020-08-01,2020-10-31,Zip Code: 98144,Condo/Co-op,419000.0,412450.0,506.0386473429952,15.0,24.0,14.0,0.9882868280235614,0.2
2015-08-01,2015-10-31,Zip Code: 98118,All Residential,399950.0,399950.0,238.76404494382024,167.0,183.0,78.0,1.015480998775846,0.4071856287425149
2023-02-01,2023-04-30,Zip Code: 98133,Townhouse,649500.0,715000.0,454.469696969697,48.0,58.0,32.0,0.9940950044539716,0.1666666666666666
2017-12-01,2018-02-28,Zip Code: 98125,Condo/Co-op,320000.0,322500.0,307.1963245181533,16.0,18.0,5.0,1.0505782881012222,0.5625
2021-03-01,2021-05-31,Zip Code: 98126,Townhouse,575000.0,560000.0,433.33333333333326,45.0,55.0,17.0,1.0156621910211765,0.4444444444444444
2022-07-01,2022-09-30,Zip Code: 98136,Condo/Co-op,480000.0,475000.0,517.4035747883349,9.0,10.0,3.0,0.996586232111201,0.1111111111111111
2018-11-01,2019-01-31,Zip Code: 98125,Condo/Co-op,331750.0,360000.0,347.23225425175656,22.0,11.0,7.0,0.9865852885781758,0.2727272727272727
2022-05-01,2022-07-31,Zip Code: 98199,Townhouse,950000.0,849950.0,598.3933267587114,18.0,27.0,14.0,1.0331757518691596,0.4444444444444444
2012-09-01,2012-11-30,Zip Code: 98115,All Residential,435000.0,469000.0,238.44313832695465,176.0,185.0,73.0,0.9928774206321656,0.2954545454545454
2021-05-01,2021-07-31,Zip Code: 98177,All Residential,1055000.0,949000.0,474.5553359683794,106.0,113.0,24.0,1.0777769411632807,0.6132075471698113
2015-01-01,2015-03-31,Zip Code: 98133,Condo/Co-op,161000.0,166000.0,214.48702407296275,34.0,47.0,21.0,0.968935895015591,0.2058823529411764
2019-11-01,2020-01-31,Zip Code: 98125,All Residential,605000.0,594500.0,359.9062794799229,112.0,58.0,22.0,0.9924072857706696,0.2589285714285714
2013-01-01,2013-03-31,Zip Code: 98126,Townhouse,260408.0,283000.0,188.85667113643984,8.0,12.0,8.0,1.0107029742454905,0.5
2020-03-01,2020-05-31,Zip Code: 98177,Townhouse,390000.0,405000.0,393.54187689202826,3.0,1.0,,1.0266666666666666,0.6666666666666666
2018-07-01,2018-09-30,Zip Code: 98199,Condo/Co-op,428000.0,419000.0,520.3862660944208,15.0,21.0,12.0,0.992026013693676,0.2666666666666666
2014-03-01,2014-05-31,Zip Code: 98105,Townhouse,445000.0,525000.0,307.43243243243245,9.0,7.0,3.0,1.0118287001573296,0.3333333333333333
2019-07-01,2019-09-30,Zip Code: 98119,Single Family Residential,1259500.0,1269950.0,551.4599910129107,42.0,51.0,25.0,0.9979070543935592,0.3095238095238095
2015-05-01,2015-07-31,Zip Code: 98105,Single Family Residential,798000.0,698500.0,366.150620867602,86.0,78.0,18.0,1.0422499436635373,0.5348837209302325
2016-02-01,2016-04-30,Zip Code: 98119,Townhouse,769475.0,710000.0,441.2584455322359,18.0,9.0,5.0,1.0020845872861737,0.2777777777777777
2016-12-01,2017-02-28,Zip Code: 98108,Single Family Residential,468250.0,459990.0,268.42172202851435,38.0,35.0,10.0,1.0872910795623505,0.6578947368421053
2022-12-01,2023-02-28,Zip Code: 98199,All Residential,925000.0,1045000.0,541.9752239113277,45.0,39.0,19.0,0.9772841555892176,0.2
2015-01-01,2015-03-31,Zip Code: 98126,Condo/Co-op,264000.0,247000.0,312.5,15.0,12.0,3.0,1.0138993435791432,0.2666666666666666
2019-04-01,2019-06-30,Zip Code: 98133,Condo/Co-op,299950.0,299950.0,385.1963746223565,31.0,37.0,14.0,0.9910072938830766,0.2258064516129032
2014-10-01,2014-12-31,Zip Code: 98126,All Residential,369000.0,404975.0,242.25590026646364,110.0,69.0,44.0,0.9933099937151944,0.2818181818181818
2013-05-01,2013-07-31,Zip Code: 98119,Multi-Family (2-4 Unit),607000.0,749950.0,190.0,3.0,7.0,7.0,1.0612199142512242,0.6666666666666666
2022-03-01,2022-05-31,Zip Code: 98146,Townhouse,659000.0,550000.0,504.29669832654906,3.0,5.0,1.0,1.0730462519936206,0.6666666666666666
2016-01-01,2016-03-31,Zip Code: 98115,Condo/Co-op,315000.0,242500.0,286.3001309897884,18.0,30.0,2.0,1.0657481787754557,0.5
2017-02-01,2017-04-30,Zip Code: 98199,Townhouse,680000.0,677449.5,462.51835535976505,23.0,26.0,4.0,1.0361112396144916,0.5652173913043477
2016-11-01,2017-01-31,Zip Code: 98108,Townhouse,537500.0,539500.0,376.5249279030685,10.0,12.0,5.0,1.0046583600142842,0.4
2012-08-01,2012-10-31,Zip Code: 98177,Single Family Residential,475000.0,454500.0,200.0,65.0,73.0,53.0,0.9743041202852089,0.123076923076923
2022-01-01,2022-03-31,Zip Code: 98122,Townhouse,884750.0,849880.0,657.2323324780041,54.0,49.0,5.0,1.0306344712259754,0.3888888888888889
2021-05-01,2021-07-31,Zip Code: 98146,Townhouse,421500.0,567500.0,347.0589691538347,4.0,2.0,,1.069416223592355,0.5
2018-03-01,2018-05-31,Zip Code: 98109,All Residential,650000.0,679900.0,644.9877712764311,102.0,135.0,36.0,1.0481533910294,0.6176470588235294
2013-05-01,2013-07-31,Zip Code: 98126,All Residential,339995.0,342500.0,223.30128882745163,136.0,158.0,86.0,1.0060814748053208,0.463235294117647
2012-07-01,2012-09-30,Zip Code: 98105,Townhouse,432000.0,399950.0,245.45454545454547,1.0,5.0,4.0,0.9840546697038725,0.0
2023-02-01,2023-04-30,Zip Code: 98108,Single Family Residential,622500.0,669000.0,413.9170896785111,48.0,73.0,32.0,1.0073835933551372,0.3333333333333333
2016-08-01,2016-10-31,Zip Code: 98177,Condo/Co-op,513500.0,250000.0,243.15068493150685,7.0,5.0,,1.0032116831545266,0.2857142857142857
2022-05-01,2022-07-31,Zip Code: 98105,Multi-Family (2-4 Unit),1769444.0,1295000.0,461.07051269691306,6.0,11.0,9.0,1.039356979608366,0.3333333333333333
2015-02-01,2015-04-30,Zip Code: 98109,Single Family Residential,849000.0,925000.0,409.13124606739126,14.0,21.0,7.0,0.9975944191760266,0.2857142857142857
2018-02-01,2018-04-30,Zip Code: 98108,Single Family Residential,651500.0,565000.0,336.01218369259607,56.0,68.0,19.0,1.0620768097719733,0.6607142857142857
2016-08-01,2016-10-31,Zip Code: 98109,Townhouse,830000.0,879950.0,482.7586206896552,9.0,19.0,6.0,1.0067332065584549,0.4444444444444444
2018-07-01,2018-09-30,Zip Code: 98105,All Residential,980750.0,900000.0,506.4450394243708,98.0,113.0,46.0,0.9987494892933406,0.2857142857142857
2023-11-01,2024-01-31,Zip Code: 98108,Multi-Family (2-4 Unit),1156160.0,699950.0,348.2409638554217,1.0,1.0,1.0,0.7838372881355931,0.0
2012-09-01,2012-11-30,Zip Code: 98109,All Residential,362900.0,389900.0,309.08680661190544,66.0,63.0,46.0,0.9810821488713016,0.2121212121212121
2023-12-01,2024-02-29,Zip Code: 98105,Condo/Co-op,500000.0,465000.0,552.8846153846154,13.0,13.0,12.0,0.9749727427921238,0.0769230769230769
2017-08-01,2017-10-31,Zip Code: 98177,All Residential,677475.0,695950.0,334.2305966801256,96.0,103.0,28.0,1.035912444358154,0.4895833333333333
2017-04-01,2017-06-30,Zip Code: 98109,Single Family Residential,1058000.0,1013975.0,526.2172284644195,35.0,44.0,9.0,1.0871172754959886,0.5714285714285714
2015-05-01,2015-07-31,Zip Code: 98116,Townhouse,605000.0,589000.0,373.6462093862816,19.0,13.0,2.0,1.0186376620475237,0.4210526315789473
2012-11-01,2013-01-31,Zip Code: 98177,Townhouse,272250.0,240000.0,199.60725893824485,2.0,2.0,2.0,0.9742630385487528,0.0
2023-02-01,2023-04-30,Zip Code: 98105,Single Family Residential,1481250.0,1562475.0,614.5076007931262,40.0,52.0,17.0,1.031126164146119,0.525
2018-05-01,2018-07-31,Zip Code: 98146,Single Family Residential,560000.0,570000.0,296.9173385420996,104.0,133.0,46.0,1.021108812613573,0.4615384615384615
2020-06-01,2020-08-31,Zip Code: 98177,Townhouse,637500.0,507000.0,391.1042944785276,1.0,2.0,,0.9976525821596244,0.0
2020-05-01,2020-07-31,Zip Code: 98177,Single Family Residential,900000.0,889000.0,411.76470588235287,75.0,101.0,28.0,1.0166458544699355,0.4799999999999999
2023-05-01,2023-07-31,Zip Code: 98115,Single Family Residential,1166250.0,1100000.0,562.5600549073438,128.0,147.0,31.0,1.0294125907528178,0.5234375
2018-01-01,2018-03-31,Zip Code: 98109,Condo/Co-op,558242.5,540000.0,696.5631463416568,50.0,69.0,13.0,1.0771647679844016,0.7199999999999999
2012-06-01,2012-08-31,Zip Code: 98177,Condo/Co-op,175000.0,519990.0,148.93617021276594,3.0,5.0,5.0,0.9653583932190896,0.0
2019-04-01,2019-06-30,Zip Code: 98126,All Residential,645000.0,620000.0,403.22580645161287,171.0,191.0,73.0,1.0106931041753593,0.3742690058479532
2017-02-01,2017-04-30,Zip Code: 98144,Condo/Co-op,343750.0,304975.0,380.2511520737327,14.0,18.0,5.0,1.0479409097007628,0.5
2017-01-01,2017-03-31,Zip Code: 98118,Townhouse,551500.0,459800.0,358.0206378986867,24.0,22.0,2.0,1.0211310711694932,0.25
2012-08-01,2012-10-31,Zip Code: 98105,Single Family Residential,640000.0,579950.0,255.22041763341068,69.0,71.0,28.0,0.9986143815109522,0.3333333333333333
2023-01-01,2023-03-31,Zip Code: 98112,Townhouse,997975.0,920000.0,687.022048504049,8.0,15.0,7.0,0.9724994977837652,0.0
2013-06-01,2013-08-31,Zip Code: 98125,Townhouse,305000.0,299800.0,201.7276995305164,16.0,31.0,13.0,1.0185014300169526,0.5
2015-09-01,2015-11-30,Zip Code: 98106,All Residential,373950.0,349000.0,229.4649993131733,132.0,115.0,33.0,1.0217042516362729,0.4621212121212121
2013-01-01,2013-03-31,Zip Code: 98136,Condo/Co-op,226750.0,214900.0,249.8033948552332,6.0,11.0,4.0,0.9703781658533625,0.1666666666666666
2018-07-01,2018-09-30,Zip Code: 98126,All Residential,612475.0,599000.0,378.031312458361,140.0,165.0,117.0,1.0100873161915698,0.2785714285714285
2021-10-01,2021-12-31,Zip Code: 98146,Single Family Residential,639500.0,604950.0,406.94158075601376,104.0,80.0,13.0,1.046978984667071,0.6634615384615384
2022-04-01,2022-06-30,Zip Code: 98105,Condo/Co-op,490000.0,479000.0,664.9219251336898,21.0,33.0,15.0,1.0113649582228914,0.3333333333333333
2013-05-01,2013-07-31,Zip Code: 98199,Condo/Co-op,272000.0,249000.0,244.84972352137223,18.0,26.0,14.0,0.984626523880232,0.0555555555555555
2017-07-01,2017-09-30,Zip Code: 98115,Multi-Family (2-4 Unit),674500.0,624950.0,542.9018445322793,2.0,2.0,1.0,1.1044075756166325,1.0
2016-03-01,2016-05-31,Zip Code: 98126,Condo/Co-op,315500.0,311940.0,357.0673887777982,16.0,28.0,8.0,1.0233033932862303,0.5625
2017-01-01,2017-03-31,Zip Code: 98146,Townhouse,285177.5,275000.0,187.91678945073184,2.0,5.0,2.0,1.0638516655300845,0.5
2017-03-01,2017-05-31,Zip Code: 98108,Condo/Co-op,410000.0,400000.0,273.41490545050056,2.0,1.0,,1.0,0.0
2012-01-01,2012-03-31,Zip Code: 98112,Condo/Co-op,310000.0,386475.0,346.07399057183846,10.0,16.0,13.0,0.9645997844966844,0.0
2020-11-01,2021-01-31,Zip Code: 98178,Multi-Family (2-4 Unit),560000.0,,329.4117647058824,1.0,,,0.9348914858096828,0.0
2013-07-01,2013-09-30,Zip Code: 98146,All Residential,291172.5,305000.0,170.55324609359337,88.0,145.0,108.0,0.9989665874528592,0.3409090909090908
2016-02-01,2016-04-30,Zip Code: 98133,Townhouse,390376.0,384475.0,306.16438356164383,19.0,34.0,8.0,1.0255851740642588,0.5789473684210527
2020-01-01,2020-03-31,Zip Code: 98109,All Residential,615000.0,625000.0,578.9473684210526,65.0,107.0,56.0,1.0033113459006988,0.2923076923076923
2017-12-01,2018-02-28,Zip Code: 98199,Townhouse,750000.0,725000.0,549.738219895288,5.0,9.0,3.0,1.0864489843830694,1.0
2019-06-01,2019-08-31,Zip Code: 98125,Multi-Family (2-4 Unit),1050000.0,750000.0,310.6508875739645,1.0,3.0,3.0,0.958904109589041,0.0
2018-03-01,2018-05-31,Zip Code: 98199,Townhouse,848900.0,885000.0,576.1229922797054,12.0,12.0,2.0,1.0536977535487435,0.5
2019-01-01,2019-03-31,Zip Code: 98133,Multi-Family (2-4 Unit),949550.0,724950.0,313.7982067388596,2.0,4.0,2.0,0.9545397301349324,0.0
2017-04-01,2017-06-30,Zip Code: 98107,Condo/Co-op,465000.0,429000.0,603.9360393603936,33.0,31.0,3.0,1.083402197451257,0.696969696969697
2015-05-01,2015-07-31,Zip Code: 98105,All Residential,679750.0,649975.0,365.42565139263246,112.0,110.0,26.0,1.0382827402873065,0.5446428571428571
2021-01-01,2021-03-31,Zip Code: 98109,Townhouse,825000.0,821500.0,630.4985337243402,41.0,30.0,6.0,0.9930559969174896,0.0975609756097561
2014-05-01,2014-07-31,Zip Code: 98118,Condo/Co-op,215000.0,215000.0,292.5170068027211,1.0,7.0,8.0,1.0,0.0
2015-07-01,2015-09-30,Zip Code: 98106,Multi-Family (2-4 Unit),435000.0,402500.0,132.21884498480244,1.0,2.0,1.0,0.9354838709677418,0.0
2014-03-01,2014-05-31,Zip Code: 98112,Single Family Residential,949500.0,975000.0,378.6667777654886,74.0,99.0,31.0,1.025609248801183,0.5405405405405405
2019-03-01,2019-05-31,Zip Code: 98115,Townhouse,696880.0,711880.0,466.47760079641614,22.0,43.0,18.0,0.9995832050137032,0.2272727272727272
2015-11-01,2016-01-31,Zip Code: 98105,All Residential,810000.0,689000.0,399.12280701754383,51.0,37.0,18.0,1.0117978629223687,0.392156862745098
2012-02-01,2012-04-30,Zip Code: 98133,All Residential,233500.0,250000.0,145.05494505494505,123.0,182.0,102.0,0.9842672625643312,0.2439024390243902
2017-11-01,2018-01-31,Zip Code: 98133,Townhouse,624950.0,680000.0,392.3867419308149,26.0,19.0,2.0,1.0239099217714307,0.423076923076923
2016-11-01,2017-01-31,Zip Code: 98109,All Residential,647000.0,595000.0,516.9609218458532,98.0,67.0,19.0,1.013832108781186,0.336734693877551
2012-12-01,2013-02-28,Zip Code: 98108,Multi-Family (2-4 Unit),293350.0,425000.0,101.85763888888889,1.0,1.0,2.0,0.9026153846153846,0.0
2016-03-01,2016-05-31,Zip Code: 98108,Condo/Co-op,346000.0,,230.66666666666663,1.0,,,0.9226666666666666,0.0
2020-07-01,2020-09-30,Zip Code: 98105,Multi-Family (2-4 Unit),1089500.0,1275000.0,408.6471630534055,6.0,4.0,4.0,0.9715926073722048,0.1666666666666666
2020-07-01,2020-09-30,Zip Code: 98109,Condo/Co-op,533250.0,525000.0,593.1353213034647,64.0,111.0,68.0,0.990527943210862,0.140625
2012-07-01,2012-09-30,Zip Code: 98126,All Residential,310000.0,320000.0,199.16703852446824,102.0,109.0,76.0,0.9877807782894806,0.2941176470588235
2015-10-01,2015-12-31,Zip Code: 98126,Single Family Residential,519950.0,498000.0,290.33534095549203,82.0,63.0,17.0,1.0147807171632084,0.4390243902439024
2013-03-01,2013-05-31,Zip Code: 98104,All Residential,349000.0,334450.0,316.40979147778785,11.0,26.0,20.0,0.9876429436183684,0.1818181818181818
2021-12-01,2022-02-28,Zip Code: 98108,Townhouse,582535.0,599247.5,485.8265972205516,54.0,54.0,1.0,1.0100038593755534,0.2592592592592592
2015-06-01,2015-08-31,Zip Code: 98125,Single Family Residential,460000.0,459500.0,283.61702127659566,125.0,126.0,37.0,1.0355384151839322,0.5759999999999998
2019-12-01,2020-02-29,Zip Code: 98177,Townhouse,404999.0,375000.0,315.17431906614786,5.0,4.0,,0.993718286882687,0.4
2020-09-01,2020-11-30,Zip Code: 98146,Townhouse,264500.0,383975.0,347.8289450307359,2.0,2.0,1.0,1.0334222370395063,0.5
2017-04-01,2017-06-30,Zip Code: 98106,All Residential,498250.0,469475.0,320.5386683209264,138.0,150.0,24.0,1.062974159968184,0.6376811594202898
2015-09-01,2015-11-30,Zip Code: 98125,Single Family Residential,485050.0,485000.0,270.52932282963314,114.0,102.0,17.0,1.0192398290486693,0.4385964912280701
2016-04-01,2016-06-30,Zip Code: 98115,All Residential,699925.0,650000.0,354.4329608938548,236.0,260.0,32.0,1.0720088180927163,0.6567796610169491
2013-10-01,2013-12-31,Zip Code: 98199,Single Family Residential,695000.0,624500.0,283.8334505001172,78.0,46.0,37.0,0.9919070592283016,0.3333333333333333
2014-11-01,2015-01-31,Zip Code: 98146,Condo/Co-op,237750.0,162487.5,253.50979976200813,2.0,6.0,5.0,0.986206896551724,0.0
2018-01-01,2018-03-31,Zip Code: 98134,Condo/Co-op,350000.0,299950.0,464.19098143236073,1.0,1.0,,1.166861143523921,1.0
2017-04-01,2017-06-30,Zip Code: 98116,All Residential,737500.0,697000.0,417.27272727272725,147.0,153.0,29.0,1.0699959637944425,0.6802721088435373
2022-07-01,2022-09-30,Zip Code: 98108,Townhouse,694975.0,649000.0,487.70989836500223,12.0,17.0,12.0,0.9960139272133592,0.25
2014-02-01,2014-04-30,Zip Code: 98105,Single Family Residential,635000.0,761000.0,318.9655172413793,41.0,62.0,14.0,1.058393221785796,0.6829268292682927
2022-12-01,2023-02-28,Zip Code: 98125,All Residential,715000.0,744975.0,420.5140186915888,67.0,60.0,34.0,0.988437659590365,0.208955223880597
2015-07-01,2015-09-30,Zip Code: 98116,Multi-Family (2-4 Unit),788000.0,525000.0,291.42857142857144,3.0,3.0,2.0,0.9838683778164606,0.3333333333333333
2019-08-01,2019-10-31,Zip Code: 98119,Condo/Co-op,415000.0,437000.0,572.8370267247872,32.0,42.0,31.0,0.9788807151785814,0.0625
2020-04-01,2020-06-30,Zip Code: 98109,Townhouse,1015000.0,899950.0,645.6639742357737,10.0,25.0,12.0,0.9981629983623715,0.2
2023-07-01,2023-09-30,Zip Code: 98136,Townhouse,719000.0,732500.0,529.1970802919708,13.0,14.0,6.0,0.9883322914710948,0.3076923076923077
2016-02-01,2016-04-30,Zip Code: 98112,Multi-Family (2-4 Unit),1445000.0,,418.2344428364689,1.0,,,0.996551724137931,0.0
2013-07-01,2013-09-30,Zip Code: 98109,Multi-Family (2-4 Unit),542675.0,715000.0,301.4861111111111,3.0,1.0,1.0,0.9848960598839084,0.3333333333333333
2021-01-01,2021-03-31,Zip Code: 98146,Single Family Residential,555000.0,622475.0,361.3095238095238,77.0,84.0,7.0,1.034754889856002,0.5714285714285714
2022-01-01,2022-03-31,Zip Code: 98108,Multi-Family (2-4 Unit),871000.0,860000.0,269.49257425742576,2.0,3.0,,0.99,0.0
2020-08-01,2020-10-31,Zip Code: 98146,Multi-Family (2-4 Unit),1875000.0,599000.0,482.0051413881748,1.0,1.0,,0.9384384384384384,0.0
2021-05-01,2021-07-31,Zip Code: 98199,Single Family Residential,1444000.0,1349000.0,591.8092770295282,124.0,137.0,25.0,1.0670146203747355,0.5967741935483871
2015-08-01,2015-10-31,Zip Code: 98177,Condo/Co-op,399000.0,269950.0,267.49539594843463,3.0,4.0,2.0,1.0284142126715765,1.0
2012-05-01,2012-07-31,Zip Code: 98177,Townhouse,199000.0,245000.0,181.63471241170527,5.0,5.0,4.0,0.9779198175310616,0.0
2020-11-01,2021-01-31,Zip Code: 98105,Condo/Co-op,405000.0,352475.0,538.4488991127178,14.0,10.0,12.0,0.9768387600138811,0.0
2012-08-01,2012-10-31,Zip Code: 98126,Townhouse,262470.0,277450.0,188.63887935606647,6.0,10.0,4.0,0.9867797502547292,0.1666666666666666
2018-11-01,2019-01-31,Zip Code: 98146,Condo/Co-op,235000.0,234944.0,232.1083172147002,9.0,10.0,5.0,0.9977959478995048,0.3333333333333333
2016-01-01,2016-03-31,Zip Code: 98146,Multi-Family (2-4 Unit),450000.0,,139.92537313432837,1.0,,,0.9475679090334808,0.0
2023-11-01,2024-01-31,Zip Code: 98117,All Residential,869900.0,867450.0,554.1189508681197,105.0,92.0,43.0,0.9979169346094582,0.2761904761904762
2020-09-01,2020-11-30,Zip Code: 98109,All Residential,750000.0,738000.0,582.0573650707156,114.0,155.0,110.0,0.9933712754130372,0.1666666666666666
2019-04-01,2019-06-30,Zip Code: 98126,Single Family Residential,665000.0,640000.0,403.22580645161287,133.0,139.0,48.0,1.015044702330951,0.4135338345864661
2012-05-01,2012-07-31,Zip Code: 98199,Townhouse,368000.0,515000.0,232.9261363636364,5.0,11.0,8.0,0.9846852770802258,0.0
2016-10-01,2016-12-31,Zip Code: 98109,Multi-Family (2-4 Unit),1077500.0,948500.0,429.60526315789474,2.0,2.0,1.0,0.96973086570402,0.0
2019-03-01,2019-05-31,Zip Code: 98199,Condo/Co-op,400000.0,414250.0,464.69968387776606,17.0,28.0,14.0,0.9843912286266032,0.2352941176470588
2016-07-01,2016-09-30,Zip Code: 98106,Condo/Co-op,242500.0,235000.0,251.4792899408284,7.0,11.0,5.0,1.0134527922505796,0.4285714285714285
2014-01-01,2014-03-31,Zip Code: 98126,All Residential,365500.0,369000.0,232.15866186133172,110.0,123.0,59.0,0.9921121129457362,0.2636363636363636
2017-10-01,2017-12-31,Zip Code: 98178,Single Family Residential,425000.0,450000.0,242.5843545408763,96.0,89.0,39.0,1.011446550922326,0.4270833333333333
2016-11-01,2017-01-31,Zip Code: 98109,Townhouse,920000.0,989900.0,564.4090305444887,17.0,13.0,5.0,1.0109997853471606,0.3529411764705882
2021-08-01,2021-10-31,Zip Code: 98109,All Residential,726250.0,691250.0,646.606334841629,128.0,126.0,54.0,1.0037527120672156,0.3125
2017-08-01,2017-10-31,Zip Code: 98109,All Residential,690000.0,697500.0,565.7439446366782,97.0,117.0,38.0,1.0558406872430732,0.5670103092783505
2022-03-01,2022-05-31,Zip Code: 98146,Single Family Residential,750000.0,709500.0,466.2576687116565,117.0,128.0,21.0,1.102601832887259,0.7094017094017094
2013-09-01,2013-11-30,Zip Code: 98109,Single Family Residential,775000.0,650000.0,338.65248226950354,21.0,23.0,11.0,1.0198174252897465,0.4285714285714285
2017-07-01,2017-09-30,Zip Code: 98146,Multi-Family (2-4 Unit),476000.0,899950.0,176.9516728624535,1.0,1.0,,1.0577777777777777,1.0
2018-06-01,2018-08-31,Zip Code: 98115,All Residential,830000.0,795000.0,449.8371335504886,215.0,261.0,81.0,1.036142942960797,0.4976744186046511
2017-02-01,2017-04-30,Zip Code: 98112,Townhouse,799950.0,842450.0,515.6608097784568,19.0,8.0,2.0,1.0098682114106166,0.3157894736842105
2013-09-01,2013-11-30,Zip Code: 98144,Single Family Residential,550500.0,472425.0,260.5452967719542,62.0,88.0,40.0,0.9999382124890046,0.3709677419354838
2015-01-01,2015-03-31,Zip Code: 98119,All Residential,573250.0,543000.0,382.5,90.0,116.0,34.0,1.0091643796228538,0.3555555555555555
2020-11-01,2021-01-31,Zip Code: 98106,Condo/Co-op,293500.0,414750.0,329.19123913320414,8.0,4.0,2.0,0.9971919560567032,0.25
2023-12-01,2024-02-29,Zip Code: 98108,Condo/Co-op,585000.0,444999.0,557.1428571428571,1.0,1.0,,1.0,0.0
2015-02-01,2015-04-30,Zip Code: 98177,Condo/Co-op,284500.0,282500.0,201.77124975669648,2.0,4.0,,0.992880172822283,0.5
2017-11-01,2018-01-31,Zip Code: 98125,Multi-Family (2-4 Unit),860000.0,715000.0,232.4324324324324,1.0,1.0,,1.0424242424242425,1.0
2022-09-01,2022-11-30,Zip Code: 98199,All Residential,1150000.0,1099950.0,567.3500881834216,84.0,93.0,50.0,0.9821324390321317,0.1785714285714285
2018-12-01,2019-02-28,Zip Code: 98107,Condo/Co-op,443750.0,450000.0,579.0524843211607,14.0,25.0,22.0,0.9716609252541604,0.0
2023-06-01,2023-08-31,Zip Code: 98133,Condo/Co-op,402500.0,395000.0,439.2064434199266,14.0,31.0,20.0,0.992209928143742,0.3571428571428571
2020-06-01,2020-08-31,Zip Code: 98105,Single Family Residential,1275000.0,1250000.0,516.8269230769231,87.0,117.0,40.0,1.018459822909354,0.3563218390804597
2017-05-01,2017-07-31,Zip Code: 98199,Townhouse,718000.0,729950.0,447.935368043088,25.0,35.0,5.0,1.0275233821944711,0.32
2017-05-01,2017-07-31,Zip Code: 98117,Townhouse,694355.0,679990.0,487.3422159887798,17.0,23.0,5.0,1.0391283782421632,0.6470588235294118
2019-10-01,2019-12-31,Zip Code: 98105,Townhouse,665000.0,729950.0,469.2307692307692,7.0,5.0,5.0,0.9968902550797596,0.1428571428571428
2023-07-01,2023-09-30,Zip Code: 98177,Single Family Residential,1211000.0,1139000.0,502.5773195876289,63.0,65.0,23.0,1.0230965494886368,0.4761904761904761
2020-07-01,2020-09-30,Zip Code: 98199,Multi-Family (2-4 Unit),675000.0,805000.0,253.53356890459364,3.0,5.0,3.0,0.9962569549822962,0.3333333333333333
2023-05-01,2023-07-31,Zip Code: 98122,Townhouse,760150.0,774975.0,620.7674943566591,39.0,54.0,28.0,0.9933463864017992,0.1025641025641025
2012-06-01,2012-08-31,Zip Code: 98133,Single Family Residential,317000.0,312475.0,187.8012048192771,103.0,140.0,67.0,0.9982795202850532,0.3689320388349514
2023-01-01,2023-03-31,Zip Code: 98125,All Residential,730000.0,735000.0,459.37321394551344,70.0,103.0,46.0,1.0009866714156672,0.2714285714285714
2020-03-01,2020-05-31,Zip Code: 98144,All Residential,722500.0,730000.0,474.0389035743018,118.0,160.0,66.0,1.010130814526932,0.3305084745762711
2016-10-01,2016-12-31,Zip Code: 98115,Single Family Residential,702500.0,685000.0,375.0231542158148,176.0,93.0,13.0,1.0308439432473249,0.4886363636363636
2022-04-01,2022-06-30,Zip Code: 98108,Multi-Family (2-4 Unit),764500.0,875000.0,320.1537508447849,2.0,2.0,,0.9911347517730495,0.0
2023-04-01,2023-06-30,Zip Code: 98105,All Residential,1202750.0,1057450.0,558.384484785164,86.0,94.0,39.0,1.0187044501009292,0.4069767441860465
2015-08-01,2015-10-31,Zip Code: 98125,All Residential,455000.0,425000.0,263.6480036842179,154.0,164.0,41.0,1.0220820456837847,0.4935064935064935
2017-10-01,2017-12-31,Zip Code: 98199,All Residential,859000.0,779000.0,448.6103068905617,102.0,57.0,19.0,1.0369182927515346,0.4607843137254901
2016-06-01,2016-08-31,Zip Code: 98112,Condo/Co-op,476500.0,468750.0,532.2202890792291,28.0,20.0,5.0,0.9960696951155726,0.25
2013-09-01,2013-11-30,Zip Code: 98115,All Residential,481750.0,475000.0,256.5834980237154,184.0,161.0,46.0,1.0073661376097407,0.3967391304347825
2022-09-01,2022-11-30,Zip Code: 98122,Condo/Co-op,475000.0,475000.0,645.1149425287356,33.0,35.0,20.0,0.9936240137394604,0.1212121212121212
2015-12-01,2016-02-29,Zip Code: 98109,Condo/Co-op,387500.0,390000.0,451.4511561142148,48.0,52.0,17.0,1.023318200536902,0.5833333333333333
2020-03-01,2020-05-31,Zip Code: 98126,Condo/Co-op,392475.0,439000.0,469.2221236320616,16.0,15.0,12.0,1.0012670565732231,0.25
2017-06-01,2017-08-31,Zip Code: 98109,Multi-Family (2-4 Unit),1242500.0,1247500.0,528.7525100401606,4.0,4.0,1.0,1.016452051926298,0.25
2012-12-01,2013-02-28,Zip Code: 98106,Townhouse,166500.0,222500.0,150.78392533404957,10.0,21.0,10.0,1.014003802244142,0.2999999999999999
2016-04-01,2016-06-30,Zip Code: 98146,All Residential,414247.0,400000.0,231.96574980163976,124.0,149.0,45.0,1.029325160106804,0.5483870967741935
2017-07-01,2017-09-30,Zip Code: 98105,Single Family Residential,1025000.0,1050000.0,481.33333333333326,69.0,83.0,26.0,1.0588994915946726,0.4927536231884058
2018-01-01,2018-03-31,Zip Code: 98106,Condo/Co-op,340000.0,299950.0,384.180790960452,5.0,7.0,,1.0553438034833384,0.5999999999999999
2017-11-01,2018-01-31,Zip Code: 98136,Multi-Family (2-4 Unit),900000.0,,335.82089552238807,1.0,,,1.000555864369094,1.0
2018-04-01,2018-06-30,Zip Code: 98133,All Residential,604395.0,575000.0,382.21528861154445,171.0,246.0,74.0,1.0589994083931975,0.6666666666666666
2015-07-01,2015-09-30,Zip Code: 98126,Condo/Co-op,237500.0,282475.0,317.38007344036873,20.0,20.0,4.0,1.012754781825226,0.5
2021-09-01,2021-11-30,Zip Code: 98136,Single Family Residential,900000.0,869000.0,474.13793103448273,61.0,39.0,4.0,1.0600674341267913,0.639344262295082
2022-05-01,2022-07-31,Zip Code: 98178,All Residential,700000.0,657500.0,376.02588156059073,94.0,122.0,43.0,1.0606714839051037,0.6382978723404255
2022-01-01,2022-03-31,Zip Code: 98199,Single Family Residential,1596500.0,1299000.0,642.6434676434676,48.0,70.0,12.0,1.1008305712178654,0.6458333333333333
2016-02-01,2016-04-30,Zip Code: 98177,Single Family Residential,672250.0,669950.0,294.93761140819964,60.0,89.0,27.0,1.0665908526370802,0.5999999999999999
2013-03-01,2013-05-31,Zip Code: 98108,Multi-Family (2-4 Unit),337500.0,320000.0,156.82429403854775,2.0,3.0,1.0,0.9167361226871144,0.0
2022-04-01,2022-06-30,Zip Code: 98146,All Residential,720000.0,699475.0,455.4140127388535,139.0,156.0,40.0,1.0837861561593634,0.697841726618705
2018-03-01,2018-05-31,Zip Code: 98115,Multi-Family (2-4 Unit),1425000.0,1465000.0,602.2727272727273,5.0,5.0,1.0,1.0996984126984128,0.4
2014-01-01,2014-03-31,Zip Code: 98105,Single Family Residential,651000.0,698500.0,274.74035111230233,30.0,45.0,19.0,1.0240573119169167,0.5
2017-06-01,2017-08-31,Zip Code: 98116,Townhouse,665545.0,619975.0,425.33797130495947,24.0,20.0,3.0,1.0329973077217147,0.4583333333333333
2019-10-01,2019-12-31,Zip Code: 98136,Townhouse,622500.0,569500.0,403.65086065046,20.0,19.0,5.0,0.9966375713130532,0.2
2021-09-01,2021-11-30,Zip Code: 98107,Multi-Family (2-4 Unit),1033750.0,1015250.0,438.10086584394895,10.0,10.0,3.0,1.0402107634284177,0.5999999999999999
2017-07-01,2017-09-30,Zip Code: 98146,All Residential,457500.0,425000.0,259.6577651024112,152.0,137.0,35.0,1.0296357166001593,0.519736842105263
2012-06-01,2012-08-31,Zip Code: 98116,Single Family Residential,457500.0,471725.0,234.29951690821247,80.0,80.0,34.0,0.9982064003223888,0.3375
2020-03-01,2020-05-31,Zip Code: 98105,Single Family Residential,1085750.0,1199999.5,482.9945491710198,54.0,80.0,19.0,1.0261764212255526,0.4814814814814814
2015-07-01,2015-09-30,Zip Code: 98144,All Residential,525000.0,519900.0,328.01837494449944,154.0,185.0,55.0,1.03721779182005,0.487012987012987
2013-01-01,2013-03-31,Zip Code: 98126,Multi-Family (2-4 Unit),370000.0,,194.73684210526315,1.0,,,1.0,0.0
2021-07-01,2021-09-30,Zip Code: 98199,Multi-Family (2-4 Unit),855000.0,1207500.0,465.4434616304088,4.0,4.0,1.0,1.0060990248026958,0.5
2019-12-01,2020-02-29,Zip Code: 98108,Multi-Family (2-4 Unit),793025.0,,283.4439432989691,2.0,,,0.9234087102177556,0.5
2022-10-01,2022-12-31,Zip Code: 98146,Single Family Residential,657975.0,675000.0,377.6639621365788,54.0,42.0,22.0,0.9932416201329004,0.2037037037037036
2017-03-01,2017-05-31,Zip Code: 98109,Single Family Residential,1077000.0,965000.0,483.88888888888886,27.0,33.0,5.0,1.0554015431295278,0.4814814814814814
2019-12-01,2020-02-29,Zip Code: 98118,Townhouse,477475.0,499950.0,395.7051282051282,28.0,36.0,13.0,0.9980711132950846,0.1071428571428571
2017-10-01,2017-12-31,Zip Code: 98109,Townhouse,970000.0,1095000.0,661.5217391304348,14.0,9.0,3.0,1.024543304248055,0.2857142857142857
2023-06-01,2023-08-31,Zip Code: 98177,All Residential,1020000.0,1049950.0,501.2886597938144,80.0,77.0,17.0,1.0249815735299004,0.4749999999999999
2022-01-01,2022-03-31,Zip Code: 98177,Condo/Co-op,750000.0,665000.0,545.4545454545455,3.0,2.0,,0.9980542634083628,0.6666666666666666
2017-06-01,2017-08-31,Zip Code: 98146,Single Family Residential,470250.0,465000.0,287.9576496641104,136.0,143.0,31.0,1.0398429363049837,0.5441176470588234
2014-09-01,2014-11-30,Zip Code: 98117,Multi-Family (2-4 Unit),833000.0,884000.0,292.55319148936167,3.0,4.0,2.0,0.9933636391187076,0.3333333333333333
2022-02-01,2022-04-30,Zip Code: 98108,Multi-Family (2-4 Unit),707000.0,712000.0,276.56787051762166,2.0,2.0,,0.9911347517730495,0.0
2022-02-01,2022-04-30,Zip Code: 98115,Single Family Residential,1215000.0,1049000.0,650.4901960784314,139.0,177.0,19.0,1.1639802344117682,0.7482014388489208
2014-03-01,2014-05-31,Zip Code: 98109,Single Family Residential,910000.0,1037500.0,376.5432098765432,27.0,34.0,14.0,1.0229925885877622,0.5555555555555555
2017-08-01,2017-10-31,Zip Code: 98199,Multi-Family (2-4 Unit),1137200.0,722250.0,457.50636132315526,2.0,2.0,,0.983483870967742,0.0
2014-09-01,2014-11-30,Zip Code: 98177,Single Family Residential,569500.0,545000.0,240.7407407407408,65.0,56.0,35.0,0.9946860401189755,0.1846153846153846
2014-12-01,2015-02-28,Zip Code: 98118,Multi-Family (2-4 Unit),305000.0,424750.0,189.44099378881987,2.0,2.0,5.0,0.970150650275496,0.0
2013-06-01,2013-08-31,Zip Code: 98115,Townhouse,414000.0,399950.0,328.16229116945107,9.0,24.0,7.0,1.010882431074779,0.3333333333333333
2012-05-01,2012-07-31,Zip Code: 98107,All Residential,403000.0,404975.0,265.4867256637168,117.0,106.0,44.0,0.9956670136995543,0.2393162393162393
2023-12-01,2024-02-29,Zip Code: 98126,All Residential,736500.0,739000.0,457.4534161490684,43.0,59.0,29.0,0.9960453576798732,0.3488372093023255
2017-03-01,2017-05-31,Zip Code: 98199,Townhouse,698025.0,707450.0,455.45404343818046,24.0,22.0,4.0,1.0401897094280306,0.5
2020-12-01,2021-02-28,Zip Code: 98115,All Residential,832194.0,820000.0,461.02046772614295,156.0,163.0,43.0,1.0272406687739783,0.4102564102564102
2012-04-01,2012-06-30,Zip Code: 98144,Condo/Co-op,193200.0,209900.0,207.8417390623266,10.0,14.0,28.0,0.9916915728292536,0.1
2019-04-01,2019-06-30,Zip Code: 98102,Condo/Co-op,490000.0,457450.0,678.9473684210526,67.0,107.0,61.0,0.9971944673864528,0.2537313432835821
2021-11-01,2022-01-31,Zip Code: 98199,Condo/Co-op,406500.0,430000.0,490.5109489051095,15.0,14.0,4.0,1.0134033397483937,0.4
2019-06-01,2019-08-31,Zip Code: 98134,Condo/Co-op,543000.0,559000.0,707.03125,1.0,1.0,,0.9713774597495528,0.0
2012-08-01,2012-10-31,Zip Code: 98125,All Residential,305000.0,329000.0,190.8396946564885,119.0,131.0,65.0,0.9939656000067107,0.2605042016806722
2021-06-01,2021-08-31,Zip Code: 98146,Condo/Co-op,325000.0,279000.0,348.8372093023256,21.0,19.0,2.0,1.04060836029965,0.6666666666666666
2023-11-01,2024-01-31,Zip Code: 98199,Townhouse,926500.0,979000.0,567.9559519475793,8.0,5.0,1.0,0.9907893001795822,0.25
2017-02-01,2017-04-30,Zip Code: 98126,Condo/Co-op,304500.0,296000.0,408.7248322147651,13.0,21.0,4.0,1.0712414328238398,0.7692307692307692
2014-10-01,2014-12-31,Zip Code: 98177,All Residential,523900.0,517000.0,230.31692605401844,56.0,41.0,35.0,0.9973106513145966,0.2321428571428571
2021-08-01,2021-10-31,Zip Code: 98105,Single Family Residential,1162500.0,1074500.0,539.5010395010395,82.0,82.0,11.0,1.062406451502922,0.6219512195121951
2016-11-01,2017-01-31,Zip Code: 98118,Single Family Residential,499000.0,449900.0,280.6037883128638,128.0,87.0,28.0,1.0436181678046017,0.4921875
2021-04-01,2021-06-30,Zip Code: 98115,All Residential,945000.0,875000.0,542.8137924283582,282.0,329.0,61.0,1.0757046641336183,0.6134751773049645
2018-11-01,2019-01-31,Zip Code: 98118,Townhouse,569000.0,499900.0,379.9392097264438,11.0,15.0,8.0,0.9732073942766049,0.0
2023-12-01,2024-02-29,Zip Code: 98126,Condo/Co-op,445000.0,580500.0,462.66968325791856,9.0,8.0,3.0,0.9866050270446428,0.1111111111111111
2012-10-01,2012-12-31,Zip Code: 98108,Multi-Family (2-4 Unit),304175.0,314475.0,98.34001751789418,2.0,2.0,2.0,0.9013719872069637,0.0
2015-10-01,2015-12-31,Zip Code: 98199,Multi-Family (2-4 Unit),1220000.0,1299000.0,310.4325699745547,1.0,1.0,,0.9391839876828328,0.0
2014-06-01,2014-08-31,Zip Code: 98118,Single Family Residential,363681.0,359388.5,220.33898305084745,136.0,154.0,87.0,1.0005855591547803,0.4338235294117647
2014-06-01,2014-08-31,Zip Code: 98108,Townhouse,284000.0,269475.0,210.65989847715736,15.0,2.0,3.0,1.001806966153482,0.0666666666666666
2021-11-01,2022-01-31,Zip Code: 98144,Condo/Co-op,386500.0,392750.0,591.0846309528728,16.0,16.0,6.0,0.99100341115573,0.25
2016-07-01,2016-09-30,Zip Code: 98122,Townhouse,699500.0,698500.0,462.1010638297872,38.0,44.0,16.0,1.0244334057074724,0.5263157894736841
2017-09-01,2017-11-30,Zip Code: 98126,Condo/Co-op,399000.0,405000.0,423.9130434782609,23.0,12.0,,1.047235852289589,0.3478260869565217
2015-12-01,2016-02-29,Zip Code: 98125,Townhouse,388277.5,350000.0,273.76964285714286,6.0,5.0,,1.0391448482201666,0.5
2022-12-01,2023-02-28,Zip Code: 98109,All Residential,862500.0,960000.0,617.7199089570223,60.0,67.0,42.0,0.9696295627458376,0.1499999999999999
2013-02-01,2013-04-30,Zip Code: 98126,Multi-Family (2-4 Unit),370000.0,319000.0,194.73684210526315,1.0,1.0,,1.0,0.0
2014-07-01,2014-09-30,Zip Code: 98105,Multi-Family (2-4 Unit),580100.0,1147500.0,281.6019417475728,3.0,4.0,2.0,0.9565155182072828,0.0
2014-08-01,2014-10-31,Zip Code: 98115,Multi-Family (2-4 Unit),645000.0,619950.0,212.17105263157896,1.0,3.0,3.0,0.977346768694598,0.0
2023-09-01,2023-11-30,Zip Code: 98126,Single Family Residential,895000.0,895000.0,489.58333333333326,49.0,45.0,12.0,1.0000137833237537,0.3265306122448979
2014-02-01,2014-04-30,Zip Code: 98178,Multi-Family (2-4 Unit),238975.0,575000.0,85.34821428571429,1.0,1.0,2.0,1.194880974404872,1.0
2021-04-01,2021-06-30,Zip Code: 98125,Townhouse,649995.0,624950.0,455.190305682647,26.0,34.0,7.0,1.0278091410461805,0.4615384615384615
2019-12-01,2020-02-29,Zip Code: 98199,Townhouse,717000.0,892000.0,495.3670705630791,15.0,10.0,4.0,0.994825427393794,0.4
2015-03-01,2015-05-31,Zip Code: 98126,Townhouse,399250.0,410000.0,254.54545454545453,15.0,15.0,7.0,1.0253870983828848,0.6666666666666666
2015-09-01,2015-11-30,Zip Code: 98109,Single Family Residential,999950.0,975000.0,398.5507246376812,21.0,25.0,7.0,1.0370884260500015,0.5714285714285714
2012-01-01,2012-03-31,Zip Code: 98126,Single Family Residential,290000.0,309975.0,177.24137931034485,49.0,59.0,53.0,0.973346133354364,0.1836734693877551
2020-10-01,2020-12-31,Zip Code: 98177,All Residential,925000.0,799000.0,397.7272727272728,111.0,75.0,10.0,1.015053618441637,0.3603603603603603
2021-07-01,2021-09-30,Zip Code: 98146,All Residential,629950.0,585000.0,396.3276836158192,132.0,121.0,25.0,1.0402511364439884,0.5833333333333333
2015-11-01,2016-01-31,Zip Code: 98117,Multi-Family (2-4 Unit),700000.0,1450000.0,200.0,1.0,1.0,1.0,0.9655172413793104,0.0
2019-10-01,2019-12-31,Zip Code: 98199,Townhouse,776800.0,798777.0,452.1072796934865,9.0,9.0,3.0,0.9906195212154856,0.4444444444444444
2013-11-01,2014-01-31,Zip Code: 98199,Single Family Residential,689000.0,683000.0,270.5939408653594,56.0,42.0,38.0,0.9814923774180534,0.1607142857142857
2015-11-01,2016-01-31,Zip Code: 98126,All Residential,458100.0,450000.0,288.27446773394945,100.0,77.0,24.0,1.0224871154154174,0.4799999999999999
2021-04-01,2021-06-30,Zip Code: 98144,Multi-Family (2-4 Unit),637500.0,799000.0,312.486602357985,2.0,1.0,,0.8398809523809523,0.0
2015-05-01,2015-07-31,Zip Code: 98115,Multi-Family (2-4 Unit),595500.0,539500.0,306.1896459227468,4.0,4.0,3.0,0.985276552452922,0.25
2014-07-01,2014-09-30,Zip Code: 98118,Single Family Residential,356000.0,374500.0,213.79666462668297,129.0,146.0,94.0,1.0013163783987118,0.3875968992248062
2017-09-01,2017-11-30,Zip Code: 98146,Condo/Co-op,135000.0,142000.0,217.60154738878143,9.0,5.0,2.0,0.9911263465744522,0.3333333333333333
2022-06-01,2022-08-31,Zip Code: 98144,Single Family Residential,967500.0,949750.0,536.6258741258741,56.0,84.0,45.0,1.0309724676692202,0.3928571428571428
2023-12-01,2024-02-29,Zip Code: 98199,All Residential,984844.0,1077475.0,561.2244897959183,65.0,66.0,26.0,1.0079017070035354,0.3384615384615384
2020-08-01,2020-10-31,Zip Code: 98199,Condo/Co-op,400000.0,435000.0,469.1689008042896,17.0,27.0,13.0,0.9998134071661088,0.2941176470588235
2014-06-01,2014-08-31,Zip Code: 98199,Townhouse,446750.0,445000.0,298.8175675675676,16.0,13.0,8.0,1.0135779380336571,0.375
2016-12-01,2017-02-28,Zip Code: 98118,All Residential,461500.0,439900.0,298.2886904761905,147.0,113.0,33.0,1.0302691136424107,0.4081632653061224
2018-07-01,2018-09-30,Zip Code: 98136,Multi-Family (2-4 Unit),639000.0,639000.0,361.0169491525424,1.0,1.0,,1.0,0.0
2018-11-01,2019-01-31,Zip Code: 98108,Townhouse,485000.0,562975.0,380.22813688212926,11.0,12.0,12.0,0.9836624925397776,0.0909090909090909
2020-06-01,2020-08-31,Zip Code: 98177,All Residential,875000.0,865000.0,402.77777777777777,93.0,119.0,26.0,1.0259856344204457,0.4946236559139785
2016-06-01,2016-08-31,Zip Code: 98133,Condo/Co-op,231327.0,230000.0,291.58333333333326,53.0,41.0,10.0,1.0246532354499185,0.4528301886792452
2017-01-01,2017-03-31,Zip Code: 98105,Townhouse,653500.0,675000.0,514.5669291338584,1.0,3.0,1.0,0.997709923664122,0.0
2018-12-01,2019-02-28,Zip Code: 98105,Single Family Residential,890000.0,950000.0,484.67153284671525,45.0,40.0,15.0,0.9957890375973992,0.3111111111111111
2012-06-01,2012-08-31,Zip Code: 98119,Townhouse,409000.0,510000.0,320.2247191011236,9.0,13.0,6.0,1.001509905801329,0.2222222222222222
2013-11-01,2014-01-31,Zip Code: 98126,Condo/Co-op,197500.0,165000.0,237.88927335640136,9.0,9.0,10.0,0.9368966286653446,0.1111111111111111
2017-09-01,2017-11-30,Zip Code: 98177,Townhouse,456475.0,424950.0,321.3241273036398,2.0,5.0,2.0,0.9993244352474564,0.5
2016-03-01,2016-05-31,Zip Code: 98177,Single Family Residential,682000.0,669950.0,293.76098643776385,76.0,107.0,29.0,1.051937214268449,0.5394736842105263
2017-04-01,2017-06-30,Zip Code: 98118,Townhouse,459800.0,598000.0,354.78395061728395,24.0,30.0,7.0,1.042470292407532,0.375
2012-12-01,2013-02-28,Zip Code: 98199,Condo/Co-op,225000.0,199850.0,252.5597269624573,9.0,8.0,9.0,0.9725423079402228,0.1111111111111111
2020-07-01,2020-09-30,Zip Code: 98177,Single Family Residential,900000.0,899950.0,414.2481203007519,98.0,115.0,25.0,1.0380403855951497,0.5408163265306122
2023-05-01,2023-07-31,Zip Code: 98126,Condo/Co-op,390000.0,499000.0,486.04427333974974,15.0,19.0,7.0,1.000476372181406,0.2666666666666666
2019-09-01,2019-11-30,Zip Code: 98126,Single Family Residential,632475.0,645000.0,379.5168012308703,82.0,84.0,30.0,0.9941618965481588,0.2682926829268292
2014-08-01,2014-10-31,Zip Code: 98199,Townhouse,458000.0,469950.0,319.9481865284974,13.0,19.0,5.0,1.0035390798986152,0.3846153846153846
2016-01-01,2016-03-31,Zip Code: 98125,Townhouse,381555.0,382475.0,275.0,7.0,10.0,1.0,1.0623981612643998,0.5714285714285714
2013-05-01,2013-07-31,Zip Code: 98109,Condo/Co-op,324500.0,325000.0,341.34615384615387,63.0,71.0,34.0,0.9963236571818131,0.2857142857142857
2015-11-01,2016-01-31,Zip Code: 98115,Multi-Family (2-4 Unit),434500.0,,294.60280773840094,2.0,,,0.9574468085106382,0.0
2014-12-01,2015-02-28,Zip Code: 98119,Single Family Residential,677500.0,649900.0,358.43019375262213,22.0,21.0,12.0,1.0035587803818686,0.2727272727272727
2016-02-01,2016-04-30,Zip Code: 98126,Single Family Residential,515000.0,449700.0,310.99184199227136,86.0,105.0,24.0,1.0577915489714498,0.6046511627906976
2012-06-01,2012-08-31,Zip Code: 98112,Townhouse,483000.0,319950.0,397.85831960461286,2.0,1.0,2.0,0.9959789669038044,0.0
2015-11-01,2016-01-31,Zip Code: 98177,Condo/Co-op,364900.0,399950.0,200.0,5.0,3.0,,1.007922374483588,0.2
2013-08-01,2013-10-31,Zip Code: 98133,Townhouse,282500.0,287475.0,221.9430485762144,19.0,18.0,8.0,1.0000730924228858,0.263157894736842
2021-10-01,2021-12-31,Zip Code: 98116,Multi-Family (2-4 Unit),1520000.0,,560.8856088560884,1.0,,2.0,0.8941176470588235,0.0
2020-05-01,2020-07-31,Zip Code: 98126,Single Family Residential,655000.0,688750.0,425.1515151515151,91.0,146.0,52.0,1.0127674901677504,0.4945054945054945
2017-11-01,2018-01-31,Zip Code: 98116,Condo/Co-op,428225.0,450000.0,520.8204183566836,14.0,11.0,3.0,1.0225614989874343,0.5
2018-03-01,2018-05-31,Zip Code: 98113,Single Family Residential,960000.0,750000.0,500.0,1.0,1.0,,1.28,1.0
2020-05-01,2020-07-31,Zip Code: 98146,All Residential,572500.0,560000.0,328.0757424921188,88.0,118.0,46.0,1.0077214307293347,0.4545454545454545
2017-02-01,2017-04-30,Zip Code: 98126,Single Family Residential,540750.0,532450.0,342.27841543121315,76.0,94.0,16.0,1.05623686522073,0.644736842105263
2014-10-01,2014-12-31,Zip Code: 98122,Townhouse,520000.0,545000.0,371.4285714285714,31.0,25.0,12.0,0.9923767012113628,0.1935483870967741
2023-02-01,2023-04-30,Zip Code: 98126,Condo/Co-op,515450.0,385000.0,511.64021610907935,14.0,15.0,4.0,1.0048324151724553,0.2857142857142857
2021-11-01,2022-01-31,Zip Code: 98126,All Residential,675000.0,690000.0,451.1890243902439,113.0,56.0,7.0,1.0240940962186602,0.4247787610619469
2017-09-01,2017-11-30,Zip Code: 98117,Townhouse,706900.0,697475.0,496.947370529013,26.0,26.0,3.0,1.0493989391129257,0.5769230769230768
2017-11-01,2018-01-31,Zip Code: 98115,All Residential,775000.0,749000.0,440.3061224489796,169.0,125.0,26.0,1.0448111673201634,0.4733727810650887
2020-12-01,2021-02-28,Zip Code: 98105,All Residential,880000.0,939000.0,504.9786628733997,101.0,81.0,32.0,1.0042776532480295,0.3366336633663366
2019-10-01,2019-12-31,Zip Code: 98199,All Residential,962500.0,980000.0,444.70650660591366,94.0,70.0,30.0,0.9913522659040988,0.2978723404255319
2019-08-01,2019-10-31,Zip Code: 98105,Condo/Co-op,446000.0,429000.0,490.55138168327846,8.0,19.0,19.0,0.974919958054696,0.25
2021-01-01,2021-03-31,Zip Code: 98146,Condo/Co-op,263000.0,287000.0,259.9483204134367,7.0,9.0,6.0,0.988075377880904,0.2857142857142857
2023-08-01,2023-10-31,Zip Code: 98108,All Residential,660000.0,678500.0,404.0285386029412,56.0,62.0,37.0,0.9943523538727428,0.2678571428571428
2015-01-01,2015-03-31,Zip Code: 98177,All Residential,520000.0,610000.0,248.1850131793649,50.0,68.0,37.0,1.009927039749689,0.46
2018-12-01,2019-02-28,Zip Code: 98144,Townhouse,689950.0,654000.0,482.3685961410512,41.0,39.0,28.0,0.993532125770034,0.1219512195121951
2019-04-01,2019-06-30,Zip Code: 98199,Condo/Co-op,421000.0,428000.0,464.69968387776606,21.0,29.0,16.0,0.9843695087755892,0.238095238095238
2014-08-01,2014-10-31,Zip Code: 98175,Townhouse,360000.0,365000.0,260.6806661839247,1.0,1.0,,0.9863013698630136,0.0
2019-10-01,2019-12-31,Zip Code: 98108,Multi-Family (2-4 Unit),699950.0,750000.0,251.1481880157876,3.0,1.0,,0.9804336043360434,0.3333333333333333
2020-01-01,2020-03-31,Zip Code: 98126,Condo/Co-op,415000.0,425000.0,414.63414634146335,21.0,23.0,12.0,0.9947762574041534,0.1428571428571428
2012-02-01,2012-04-30,Zip Code: 98115,Condo/Co-op,139500.0,175000.0,191.534919222546,18.0,29.0,33.0,0.9608232017638548,0.1666666666666666
2023-10-01,2023-12-31,Zip Code: 98126,Condo/Co-op,394500.0,449000.0,495.0789683868807,8.0,5.0,3.0,0.9934211793390292,0.25
2013-05-01,2013-07-31,Zip Code: 98146,Single Family Residential,272074.0,289945.0,156.47095959595958,96.0,114.0,72.0,1.004053154578216,0.4895833333333333
2021-07-01,2021-09-30,Zip Code: 98112,Townhouse,749000.0,765000.0,661.660777385159,25.0,25.0,8.0,1.0218893958072155,0.4
2013-03-01,2013-05-31,Zip Code: 98118,Condo/Co-op,69950.0,141000.0,96.88365650969529,1.0,6.0,2.0,1.0,0.0
2018-10-01,2018-12-31,Zip Code: 98146,All Residential,431000.0,450000.0,283.7171052631579,82.0,76.0,45.0,0.9877370762375672,0.2073170731707317
2016-03-01,2016-05-31,Zip Code: 98146,Single Family Residential,421014.5,418250.0,236.48378378378376,100.0,128.0,37.0,1.0314868482132906,0.54
2021-03-01,2021-05-31,Zip Code: 98125,Townhouse,649990.0,639950.0,466.764240506329,31.0,26.0,7.0,1.0159899192431614,0.2580645161290322
2014-06-01,2014-08-31,Zip Code: 98118,Townhouse,269900.0,299900.0,177.14285714285714,11.0,3.0,1.0,0.9747129314376916,0.1818181818181818
2020-04-01,2020-06-30,Zip Code: 98109,Condo/Co-op,458000.0,525000.0,622.9615053498954,38.0,71.0,48.0,0.9954159783405784,0.2894736842105263
2019-07-01,2019-09-30,Zip Code: 98109,Multi-Family (2-4 Unit),1410000.0,1127475.0,502.8153955808981,2.0,2.0,2.0,0.9634704650936406,0.0
2022-09-01,2022-11-30,Zip Code: 98177,Condo/Co-op,752000.0,454500.0,494.7368421052632,1.0,4.0,1.0,1.0372413793103448,1.0
2021-07-01,2021-09-30,Zip Code: 98126,Multi-Family (2-4 Unit),837600.0,1524999.5,431.7525773195876,1.0,2.0,1.0,1.1021052631578947,1.0
2017-02-01,2017-04-30,Zip Code: 98133,Single Family Residential,562500.0,532425.0,332.2581953911068,102.0,118.0,22.0,1.07187387696158,0.6862745098039215
2017-12-01,2018-02-28,Zip Code: 98105,Condo/Co-op,484080.0,399950.0,617.2733735883136,10.0,9.0,,1.0719700179212126,0.8
2023-12-01,2024-02-29,Zip Code: 98109,Townhouse,1150000.0,1150000.0,660.5166051660517,11.0,14.0,3.0,0.992687158093262,0.0909090909090909
2018-05-01,2018-07-31,Zip Code: 98115,All Residential,850000.0,799950.0,464.1648936170213,222.0,277.0,82.0,1.0673926810058834,0.6306306306306306
2014-01-01,2014-03-31,Zip Code: 98146,Townhouse,195000.0,249000.0,105.4054054054054,1.0,3.0,3.0,1.0364071219771458,1.0
2015-08-01,2015-10-31,Zip Code: 98107,Multi-Family (2-4 Unit),791700.0,842475.0,318.0,9.0,6.0,2.0,1.020280419345471,0.3333333333333333
2016-12-01,2017-02-28,Zip Code: 98118,Multi-Family (2-4 Unit),525000.0,602500.0,239.72602739726028,3.0,2.0,,0.9967584075875896,0.3333333333333333
2019-03-01,2019-05-31,Zip Code: 98136,All Residential,726000.0,679950.0,397.5133787445432,98.0,128.0,44.0,1.0132196889930811,0.4387755102040816
2013-06-01,2013-08-31,Zip Code: 98177,Condo/Co-op,302750.0,239975.0,258.46607271418287,4.0,2.0,2.0,0.987455195696443,0.25
2016-08-01,2016-10-31,Zip Code: 98115,All Residential,662500.0,634000.0,349.01960784313724,227.0,260.0,50.0,1.0339737746028648,0.5506607929515418
2020-03-01,2020-05-31,Zip Code: 98199,All Residential,980250.0,998500.0,477.4078061982035,92.0,133.0,47.0,1.01118939130139,0.3804347826086956
2022-08-01,2022-10-31,Zip Code: 98125,Townhouse,650000.0,659950.0,473.7244897959184,17.0,20.0,13.0,0.9997021824260008,0.2352941176470588
2014-08-01,2014-10-31,Zip Code: 98104,All Residential,270000.0,373950.0,383.2199546485261,19.0,18.0,12.0,0.9709892301657232,0.1052631578947368
2013-06-01,2013-08-31,Zip Code: 98109,Multi-Family (2-4 Unit),542675.0,717000.0,301.3923013923014,3.0,4.0,3.0,0.9766494772284244,0.3333333333333333
2013-06-01,2013-08-31,Zip Code: 98109,Townhouse,515000.0,495000.0,347.61235955056173,11.0,12.0,7.0,0.9978053947301708,0.0909090909090909
2022-04-01,2022-06-30,Zip Code: 98112,All Residential,1395475.0,1525000.0,765.986955838441,96.0,134.0,43.0,1.0535802760370558,0.53125
2018-02-01,2018-04-30,Zip Code: 98118,Single Family Residential,650000.0,619000.0,347.65058055152394,118.0,137.0,34.0,1.0620576327934446,0.6525423728813559
2017-11-01,2018-01-31,Zip Code: 98109,Single Family Residential,960000.0,965000.0,508.97827017769214,18.0,9.0,4.0,1.022625683723147,0.2777777777777777
2016-01-01,2016-03-31,Zip Code: 98109,Multi-Family (2-4 Unit),1106500.0,1280000.0,410.40709898743984,2.0,2.0,2.0,0.9979629629629628,0.5
2021-06-01,2021-08-31,Zip Code: 98109,Condo/Co-op,540000.0,525000.0,598.4042553191489,91.0,107.0,38.0,0.99615089567806,0.2747252747252747
2018-11-01,2019-01-31,Zip Code: 98177,Townhouse,563750.0,450000.0,399.3734335839599,4.0,3.0,1.0,0.9762948598656056,0.0
2021-01-01,2021-03-31,Zip Code: 98126,Townhouse,599950.0,584950.0,451.8053438539511,36.0,52.0,16.0,1.0064106939919717,0.3055555555555555
2020-09-01,2020-11-30,Zip Code: 98146,All Residential,565000.0,520000.0,345.9119496855346,109.0,109.0,32.0,1.0175457829107035,0.4678899082568807
2023-10-01,2023-12-31,Zip Code: 98199,Multi-Family (2-4 Unit),1150000.0,,461.84738955823286,1.0,,,0.9214743589743588,0.0
2022-06-01,2022-08-31,Zip Code: 98199,Townhouse,849975.0,867500.0,599.5322156476002,16.0,26.0,10.0,1.0120467704113278,0.1875
2013-03-01,2013-05-31,Zip Code: 98126,Single Family Residential,365372.0,374998.5,224.24242424242425,83.0,98.0,47.0,1.006667793443237,0.4698795180722891
2021-01-01,2021-03-31,Zip Code: 98106,All Residential,575500.0,575000.0,374.0384615384616,132.0,132.0,18.0,1.0205695457613346,0.4318181818181818
2021-10-01,2021-12-31,Zip Code: 98109,Multi-Family (2-4 Unit),1177500.0,995000.0,508.05263157894734,6.0,3.0,,1.0345279840052255,0.3333333333333333
2021-09-01,2021-11-30,Zip Code: 98177,All Residential,1096000.0,1012475.0,486.0627177700349,91.0,80.0,7.0,1.0562069498744493,0.5054945054945054
2021-09-01,2021-11-30,Zip Code: 98125,Multi-Family (2-4 Unit),1025000.0,943500.0,338.9550264550264,3.0,4.0,2.0,1.014674610160203,0.6666666666666666
2022-04-01,2022-06-30,Zip Code: 98125,All Residential,889975.0,822900.0,509.30299539170505,168.0,188.0,49.0,1.0851602900931054,0.6607142857142857
2013-04-01,2013-06-30,Zip Code: 98112,Single Family Residential,1013000.0,899000.0,338.8157894736842,101.0,119.0,52.0,0.9885698566349668,0.297029702970297
2016-05-01,2016-07-31,Zip Code: 98115,Multi-Family (2-4 Unit),775000.0,,263.81288614298325,2.0,,,1.0000277793210732,0.5
2017-10-01,2017-12-31,Zip Code: 98116,All Residential,717500.0,742475.0,417.7647189796113,112.0,66.0,10.0,1.00064569731344,0.3839285714285714
2022-12-01,2023-02-28,Zip Code: 98108,Single Family Residential,650000.0,629950.0,391.8495297805642,27.0,33.0,26.0,0.9729234732741616,0.1481481481481481
2019-11-01,2020-01-31,Zip Code: 98107,Condo/Co-op,459950.0,467000.0,545.5661664392906,25.0,14.0,6.0,0.9871961789665058,0.08
2019-12-01,2020-02-29,Zip Code: 98116,Multi-Family (2-4 Unit),1420000.0,,505.33807829181495,1.0,,1.0,0.979310344827586,0.0
2015-03-01,2015-05-31,Zip Code: 98125,All Residential,431500.0,400000.0,260.9098215733982,130.0,173.0,45.0,1.0288785936879905,0.5461538461538461
2014-11-01,2015-01-31,Zip Code: 98109,All Residential,420000.0,416975.0,363.11217232269865,64.0,56.0,31.0,0.9962040323576196,0.328125
2023-09-01,2023-11-30,Zip Code: 98146,Condo/Co-op,420000.0,359950.0,338.49129593810443,3.0,5.0,3.0,0.9893246021442336,0.6666666666666666
2018-01-01,2018-03-31,Zip Code: 98116,Condo/Co-op,479500.0,479000.0,582.0602863485532,14.0,29.0,6.0,1.0418234568993543,0.6428571428571429
2012-08-01,2012-10-31,Zip Code: 98144,Multi-Family (2-4 Unit),350000.0,345000.0,128.099173553719,3.0,3.0,2.0,0.9928756084605612,0.3333333333333333
2021-04-01,2021-06-30,Zip Code: 98109,Townhouse,880000.0,975000.0,667.8230702515177,25.0,27.0,13.0,1.0087238987563525,0.28
2013-08-01,2013-10-31,Zip Code: 98104,Townhouse,715000.0,,409.74212034383953,1.0,,,0.8959899749373433,0.0
2021-05-01,2021-07-31,Zip Code: 98108,Single Family Residential,755000.0,699000.0,422.28382903805806,73.0,91.0,28.0,1.0893038632647736,0.7945205479452054
2013-04-01,2013-06-30,Zip Code: 98146,All Residential,252936.0,270000.0,159.71303737563193,108.0,125.0,81.0,1.004915410134288,0.4629629629629629
2021-03-01,2021-05-31,Zip Code: 98146,Single Family Residential,685000.0,648940.0,397.31800766283527,113.0,134.0,20.0,1.0872008333024776,0.7168141592920354
2019-10-01,2019-12-31,Zip Code: 98109,Townhouse,835000.0,860000.0,598.4999141942843,8.0,6.0,4.0,0.9736608442362342,0.0
2021-06-01,2021-08-31,Zip Code: 98119,Single Family Residential,1485000.0,1317500.0,643.8399835458657,82.0,62.0,11.0,1.051947633107427,0.5365853658536585
2019-04-01,2019-06-30,Zip Code: 98116,Single Family Residential,810000.0,822475.0,457.5531826305304,102.0,128.0,42.0,1.0146104037615364,0.4607843137254901
2022-07-01,2022-09-30,Zip Code: 98146,All Residential,677500.0,649950.0,417.2316384180791,68.0,101.0,58.0,1.0088577309758455,0.3529411764705882
2018-10-01,2018-12-31,Zip Code: 98109,Single Family Residential,1200000.0,1235000.0,524.1803278688525,25.0,19.0,14.0,0.9785339749573158,0.2
2017-04-01,2017-06-30,Zip Code: 98106,Multi-Family (2-4 Unit),962500.0,512500.0,287.8336940836941,2.0,2.0,,0.926734159333706,0.0
2022-01-01,2022-03-31,Zip Code: 98134,Condo/Co-op,279000.0,438000.0,370.026525198939,1.0,1.0,,1.0,0.0
2014-09-01,2014-11-30,Zip Code: 98106,All Residential,315000.0,299975.0,182.8571428571429,89.0,104.0,61.0,0.9930329857903338,0.2696629213483146
2017-08-01,2017-10-31,Zip Code: 98116,Townhouse,670000.0,644525.0,443.4280841387152,27.0,18.0,3.0,1.0235776225657551,0.4074074074074073
2012-07-01,2012-09-30,Zip Code: 98107,Townhouse,405000.0,409000.0,270.0806301267711,22.0,17.0,5.0,0.9955823111456236,0.2727272727272727
2019-06-01,2019-08-31,Zip Code: 98116,All Residential,775000.0,777475.0,452.8571428571428,125.0,134.0,62.0,0.9963122645202735,0.28
2017-04-01,2017-06-30,Zip Code: 98109,Multi-Family (2-4 Unit),1292500.0,1200000.0,528.7525100401606,2.0,3.0,1.0,1.0354166666666669,0.5
2018-02-01,2018-04-30,Zip Code: 98178,Condo/Co-op,139000.0,174999.0,170.34313725490196,5.0,7.0,2.0,1.0169704545554217,0.2
2023-01-01,2023-03-31,Zip Code: 98199,Townhouse,845000.0,889975.0,573.4408602150537,15.0,12.0,8.0,0.9708208276715664,0.0
2014-03-01,2014-05-31,Zip Code: 98117,Single Family Residential,555000.0,532475.0,275.86206896551727,119.0,158.0,38.0,1.0427687760334918,0.6470588235294118
2023-02-01,2023-04-30,Zip Code: 98109,Condo/Co-op,416450.0,512475.0,605.46875,37.0,44.0,27.0,0.9842590968909936,0.1891891891891892
2023-04-01,2023-06-30,Zip Code: 98126,Townhouse,638000.0,655000.0,493.380062305296,20.0,25.0,9.0,1.0158902657769435,0.2999999999999999
2013-04-01,2013-06-30,Zip Code: 98109,Condo/Co-op,324500.0,325000.0,350.5014326647564,74.0,70.0,34.0,0.993747673381018,0.2567567567567567
2016-07-01,2016-09-30,Zip Code: 98177,Single Family Residential,700000.0,677000.0,309.53992815694943,80.0,108.0,52.0,1.024068815604787,0.4249999999999999
2023-11-01,2024-01-31,Zip Code: 98105,Condo/Co-op,472500.0,432000.0,542.7114358401589,14.0,12.0,16.0,0.9874291344775458,0.1428571428571428
2014-09-01,2014-11-30,Zip Code: 98177,Condo/Co-op,310000.0,256975.0,213.21959060005912,4.0,4.0,3.0,0.9987357577658365,0.25
2016-08-01,2016-10-31,Zip Code: 98109,Single Family Residential,1205500.0,999950.0,468.5393469051101,26.0,33.0,14.0,1.0111121501809543,0.4615384615384615
2012-12-01,2013-02-28,Zip Code: 98125,Single Family Residential,371625.0,350000.0,201.28828792788468,66.0,57.0,28.0,0.992674974131022,0.2878787878787879
2018-04-01,2018-06-30,Zip Code: 98146,All Residential,540000.0,549000.0,296.6981132075472,125.0,154.0,47.0,1.0396504507096924,0.568
2022-08-01,2022-10-31,Zip Code: 98105,Townhouse,864250.0,889950.0,566.9928644240572,8.0,13.0,5.0,0.9920088107549028,0.375
2012-08-01,2012-10-31,Zip Code: 98125,Townhouse,280000.0,314450.0,182.6974832778347,12.0,6.0,5.0,0.9998291040133486,0.3333333333333333
2020-12-01,2021-02-28,Zip Code: 98106,Condo/Co-op,295000.0,339500.0,314.96062992125985,9.0,3.0,1.0,0.9911220267223058,0.2222222222222222
2019-05-01,2019-07-31,Zip Code: 98144,Condo/Co-op,399000.0,400000.0,492.9577464788732,17.0,17.0,11.0,0.9923612512862204,0.2941176470588235
2013-04-01,2013-06-30,Zip Code: 98118,Townhouse,285000.0,238700.0,191.044776119403,9.0,20.0,12.0,1.0026018494407585,0.4444444444444444
2014-01-01,2014-03-31,Zip Code: 98112,Townhouse,563000.0,559975.0,360.26881720430106,2.0,8.0,3.0,1.067056705670567,0.5
2014-07-01,2014-09-30,Zip Code: 98133,Condo/Co-op,165800.0,159500.0,213.72042211383288,38.0,48.0,26.0,0.9855308900413796,0.1052631578947368
2015-04-01,2015-06-30,Zip Code: 98199,Single Family Residential,830000.0,750000.0,348.314606741573,93.0,105.0,26.0,1.0403032824447085,0.5806451612903226
2021-04-01,2021-06-30,Zip Code: 98133,Single Family Residential,781000.0,700000.0,448.9706526500219,139.0,172.0,26.0,1.0972783037841023,0.7553956834532373
2019-09-01,2019-11-30,Zip Code: 98126,Condo/Co-op,388000.0,345000.0,436.82926829268285,17.0,19.0,14.0,0.9923174646001268,0.1764705882352941
2022-05-01,2022-07-31,Zip Code: 98199,Single Family Residential,1577550.0,1500000.0,663.6631254209303,96.0,123.0,38.0,1.0601210540565509,0.53125
2023-01-01,2023-03-31,Zip Code: 98199,Single Family Residential,1190000.0,1297000.0,558.3848700649676,30.0,44.0,21.0,0.995580093281104,0.3666666666666666
2012-10-01,2012-12-31,Zip Code: 98105,All Residential,489345.0,447900.0,256.43673942895026,84.0,65.0,33.0,0.9940339933423435,0.2619047619047619
2016-12-01,2017-02-28,Zip Code: 98177,Single Family Residential,774525.0,754450.0,317.45658228421337,54.0,42.0,17.0,0.9909150349345855,0.2592592592592592
2012-02-01,2012-04-30,Zip Code: 98116,Multi-Family (2-4 Unit),320000.0,439500.0,183.90804597701148,1.0,3.0,3.0,0.9411764705882352,0.0
2023-11-01,2024-01-31,Zip Code: 98146,Townhouse,345000.0,629000.0,360.8786610878661,1.0,1.0,2.0,1.0300044782803404,1.0
2012-09-01,2012-11-30,Zip Code: 98115,Townhouse,369250.0,325000.0,242.59287148594376,6.0,3.0,3.0,0.9843106288871988,0.0
2018-09-01,2018-11-30,Zip Code: 98108,Townhouse,585000.0,499300.0,432.4127906976744,17.0,21.0,11.0,0.9980073353320992,0.1176470588235294
2022-08-01,2022-10-31,Zip Code: 98146,Condo/Co-op,329400.0,340000.0,338.49129593810443,7.0,13.0,4.0,0.9955371914324316,0.1428571428571428
2018-01-01,2018-03-31,Zip Code: 98116,All Residential,762500.0,755000.0,472.9824561403509,73.0,117.0,24.0,1.045614423969292,0.547945205479452
2018-07-01,2018-09-30,Zip Code: 98105,Condo/Co-op,469954.0,507477.0,548.2758620689655,13.0,12.0,6.0,0.9918852444291144,0.2307692307692307
2019-02-01,2019-04-30,Zip Code: 98146,Single Family Residential,480000.0,499975.0,317.8137651821862,67.0,96.0,50.0,0.9982289086769705,0.3731343283582089
2017-11-01,2018-01-31,Zip Code: 98104,Condo/Co-op,550000.0,710950.0,625.0,21.0,18.0,8.0,1.0255445774026843,0.5714285714285714
2019-04-01,2019-06-30,Zip Code: 98107,All Residential,755000.0,745000.0,524.8024065913305,183.0,227.0,86.0,1.0038829583035846,0.2622950819672131
2021-07-01,2021-09-30,Zip Code: 98146,Condo/Co-op,395000.0,249250.0,335.36585365853654,19.0,12.0,3.0,1.024520395399929,0.5789473684210527
2012-01-01,2012-03-31,Zip Code: 98126,All Residential,257000.0,273250.0,176.05633802816902,73.0,93.0,84.0,0.9788116639320078,0.2602739726027397
2019-01-01,2019-03-31,Zip Code: 98133,Townhouse,520000.0,599950.0,360.655737704918,21.0,29.0,13.0,0.9935217570631428,0.0476190476190476
2015-06-01,2015-08-31,Zip Code: 98126,Condo/Co-op,224725.0,239950.0,314.3546528377989,20.0,20.0,1.0,1.0080129369452195,0.4
2016-06-01,2016-08-31,Zip Code: 98108,Multi-Family (2-4 Unit),679000.0,562500.0,306.40794223826714,1.0,4.0,2.0,1.0,0.0
2014-04-01,2014-06-30,Zip Code: 98108,Condo/Co-op,300000.0,259000.0,212.1095750128008,2.0,1.0,1.0,0.9555984555984556,0.0
2019-10-01,2019-12-31,Zip Code: 98133,All Residential,555000.0,554475.0,347.394540942928,163.0,98.0,51.0,0.990162462980786,0.2024539877300613
2021-09-01,2021-11-30,Zip Code: 98109,Condo/Co-op,544975.0,549500.0,633.748422027674,64.0,69.0,36.0,0.9970926833240616,0.296875
2021-03-01,2021-05-31,Zip Code: 98146,All Residential,664300.0,625000.0,389.79591836734687,123.0,153.0,26.0,1.0849630551508995,0.7073170731707316
2013-12-01,2014-02-28,Zip Code: 98109,Multi-Family (2-4 Unit),760500.0,,316.875,1.0,,,1.0140676045069672,1.0
2016-06-01,2016-08-31,Zip Code: 98102,Condo/Co-op,407500.0,434750.0,533.5107368528659,82.0,78.0,26.0,1.0243452636067545,0.4634146341463414
2014-10-01,2014-12-31,Zip Code: 98115,Condo/Co-op,217000.0,206750.0,253.5641547861507,25.0,14.0,7.0,0.9864300645731172,0.2399999999999999
2018-01-01,2018-03-31,Zip Code: 98125,All Residential,662500.0,599000.0,394.3504628151931,91.0,133.0,20.0,1.0723562114336371,0.6703296703296702
2023-07-01,2023-09-30,Zip Code: 98107,Single Family Residential,1027500.0,1104500.0,531.0226657934452,22.0,36.0,14.0,1.0044697626267418,0.3181818181818181
2018-07-01,2018-09-30,Zip Code: 98106,Townhouse,460000.0,500000.0,364.3389104264436,26.0,53.0,26.0,1.0018315999422414,0.3076923076923077
2015-06-01,2015-08-31,Zip Code: 98177,Condo/Co-op,326750.0,362400.0,223.32351889629643,6.0,4.0,,1.0059447235861552,0.5
2018-04-01,2018-06-30,Zip Code: 98109,All Residential,710000.0,650000.0,634.4252873563219,116.0,151.0,43.0,1.0456888019129067,0.603448275862069
2014-09-01,2014-11-30,Zip Code: 98133,Townhouse,313312.5,310000.0,223.2411067193676,22.0,17.0,8.0,0.9919129160218207,0.1818181818181818
2020-09-01,2020-11-30,Zip Code: 98117,Single Family Residential,895000.0,869500.0,459.2664129220398,166.0,159.0,10.0,1.0366145723678486,0.608433734939759
2019-12-01,2020-02-29,Zip Code: 98146,Condo/Co-op,249000.0,255000.0,281.73618940248025,11.0,9.0,3.0,0.9868846434096166,0.0909090909090909
2021-07-01,2021-09-30,Zip Code: 98125,All Residential,750000.0,737500.0,473.5099337748345,195.0,198.0,37.0,1.0546157107336926,0.5333333333333333
2017-02-01,2017-04-30,Zip Code: 98177,Condo/Co-op,410000.0,499950.0,261.6206030150754,4.0,11.0,1.0,1.0175267526752676,0.25
2015-03-01,2015-05-31,Zip Code: 98125,Single Family Residential,489950.0,449950.0,273.46938775510205,97.0,125.0,30.0,1.0336194643170833,0.556701030927835
2020-07-01,2020-09-30,Zip Code: 98105,Townhouse,747500.0,755000.0,627.6768117768956,20.0,31.0,14.0,1.0027733067675382,0.4
2016-09-01,2016-11-30,Zip Code: 98134,All Residential,265000.0,,247.43230625583567,1.0,,2.0,0.9636363636363636,0.0
2022-02-01,2022-04-30,Zip Code: 98102,Multi-Family (2-4 Unit),1600000.0,1499000.0,589.3617021276596,3.0,5.0,3.0,1.0595744680851065,0.3333333333333333
2019-05-01,2019-07-31,Zip Code: 98125,Condo/Co-op,339000.0,357474.5,329.34966216216213,23.0,26.0,15.0,0.9895686419712488,0.217391304347826
2017-07-01,2017-09-30,Zip Code: 98126,Multi-Family (2-4 Unit),875000.0,885000.0,347.36984411128515,2.0,2.0,1.0,1.0778311410620116,1.0
2012-05-01,2012-07-31,Zip Code: 98109,Townhouse,454000.0,495000.0,291.906236178682,7.0,9.0,6.0,0.98036210631352,0.1428571428571428
2023-12-01,2024-02-29,Zip Code: 98109,All Residential,814950.0,779000.0,635.7656582596917,54.0,59.0,28.0,0.9824505121222852,0.1481481481481481
2021-04-01,2021-06-30,Zip Code: 98109,All Residential,825000.0,798000.0,602.7918781725888,161.0,187.0,67.0,1.0147718298014214,0.3975155279503105
2018-06-01,2018-08-31,Zip Code: 98146,Single Family Residential,550000.0,499475.0,300.2350427350428,98.0,106.0,47.0,1.0092042532907648,0.3877551020408163
2023-12-01,2024-02-29,Zip Code: 98146,Single Family Residential,740000.0,712475.0,356.687898089172,41.0,36.0,12.0,1.0089604648368349,0.2195121951219512
2019-05-01,2019-07-31,Zip Code: 98104,Condo/Co-op,610000.0,495000.0,603.7735849056604,19.0,35.0,43.0,0.996022560873196,0.1578947368421052
2018-10-01,2018-12-31,Zip Code: 98146,Single Family Residential,462500.0,475000.0,288.44444444444446,68.0,65.0,39.0,0.9881541842918689,0.2058823529411764
2014-02-01,2014-04-30,Zip Code: 98146,All Residential,289995.0,269000.0,173.39680553072293,74.0,121.0,71.0,0.9937464599466596,0.3108108108108108
2018-05-01,2018-07-31,Zip Code: 98133,All Residential,590000.0,579500.0,384.61538461538464,189.0,273.0,103.0,1.038159150855673,0.5873015873015873
2012-05-01,2012-07-31,Zip Code: 98126,Townhouse,233990.0,199000.0,175.93233082706766,12.0,5.0,7.0,0.9929656583646508,0.25
2014-05-01,2014-07-31,Zip Code: 98119,Townhouse,553500.0,580000.0,374.1228375116335,20.0,19.0,7.0,0.9912549757946068,0.25
2015-09-01,2015-11-30,Zip Code: 98105,Townhouse,569950.0,552475.0,384.0579710144928,7.0,4.0,1.0,1.0120983719622587,0.2857142857142857
2021-01-01,2021-03-31,Zip Code: 98109,Multi-Family (2-4 Unit),1050000.0,1515000.0,413.3858267716536,3.0,7.0,4.0,0.9040511693073467,0.0
2019-12-01,2020-02-29,Zip Code: 98109,All Residential,705000.0,579000.0,569.060773480663,55.0,65.0,39.0,0.991055266316005,0.2181818181818181
2017-04-01,2017-06-30,Zip Code: 98199,Single Family Residential,958500.0,948500.0,438.31168831168833,105.0,127.0,39.0,1.0525906617299263,0.5523809523809524
2022-04-01,2022-06-30,Zip Code: 98115,Townhouse,820500.0,799950.0,612.9819110630399,58.0,38.0,13.0,1.01506149579502,0.2413793103448276
2020-06-01,2020-08-31,Zip Code: 98126,Multi-Family (2-4 Unit),630000.0,1100000.0,357.95454545454544,1.0,1.0,1.0,0.9012875536480686,0.0
2019-02-01,2019-04-30,Zip Code: 98112,All Residential,977500.0,1056500.0,548.7284755002992,82.0,110.0,54.0,0.9988399244666004,0.3536585365853658
2023-12-01,2024-02-29,Zip Code: 98177,All Residential,960000.0,940000.0,526.3157894736842,41.0,30.0,9.0,1.0099301241488474,0.3170731707317073
2014-08-01,2014-10-31,Zip Code: 98136,Condo/Co-op,234000.0,265000.0,288.1149509840717,8.0,6.0,4.0,0.9966123714006084,0.375
2020-12-01,2021-02-28,Zip Code: 98116,Single Family Residential,912000.0,877500.0,464.1891891891892,71.0,58.0,15.0,1.0217012257471518,0.4225352112676056
2023-04-01,2023-06-30,Zip Code: 98118,Single Family Residential,813250.0,772000.0,482.6256308975203,74.0,106.0,41.0,1.0459846830176538,0.5405405405405405
2022-01-01,2022-03-31,Zip Code: 98109,Condo/Co-op,475000.0,489500.0,616.0129189290395,60.0,60.0,18.0,1.0079717338273848,0.3499999999999999
2014-04-01,2014-06-30,Zip Code: 98177,Townhouse,240000.0,250000.0,177.70551508844954,5.0,9.0,3.0,1.0004924189111382,0.4
2017-06-01,2017-08-31,Zip Code: 98199,Townhouse,743750.0,729950.0,450.2990449682896,30.0,36.0,2.0,1.024285393548663,0.3333333333333333
2015-05-01,2015-07-31,Zip Code: 98133,Single Family Residential,432500.0,419000.0,250.17385257301808,178.0,185.0,39.0,1.0438421126913373,0.6460674157303371
2016-08-01,2016-10-31,Zip Code: 98178,Single Family Residential,386500.0,399500.0,222.27722772277227,97.0,100.0,49.0,1.0166661125920662,0.4123711340206185
2020-01-01,2020-03-31,Zip Code: 98136,Condo/Co-op,472500.0,350000.0,475.38897995208674,6.0,9.0,5.0,1.0054352214816176,0.5
2022-11-01,2023-01-31,Zip Code: 98177,Single Family Residential,1180000.0,1164000.0,459.61538461538464,43.0,35.0,13.0,0.9887934320875598,0.2093023255813953
2020-11-01,2021-01-31,Zip Code: 98199,Multi-Family (2-4 Unit),838000.0,850000.0,427.55102040816325,3.0,1.0,1.0,0.9812009136225048,0.0
2022-07-01,2022-09-30,Zip Code: 98125,Single Family Residential,850000.0,839000.0,481.2201626981871,84.0,97.0,34.0,1.0041050252805783,0.2976190476190476
2016-09-01,2016-11-30,Zip Code: 98109,Multi-Family (2-4 Unit),740000.0,899000.0,393.9351878080562,2.0,3.0,1.0,0.9676398922754668,0.0
2022-06-01,2022-08-31,Zip Code: 98105,Single Family Residential,1448000.0,1296500.0,623.5154394299287,67.0,84.0,26.0,1.0070039024731987,0.3432835820895522
2023-08-01,2023-10-31,Zip Code: 98133,Condo/Co-op,405000.0,350000.0,439.223697650664,25.0,29.0,15.0,1.0001792903406987,0.3599999999999999
2012-10-01,2012-12-31,Zip Code: 98108,All Residential,252800.0,265000.0,141.80608365019012,69.0,50.0,47.0,0.9875447552770336,0.2608695652173913
2017-07-01,2017-09-30,Zip Code: 98133,Multi-Family (2-4 Unit),817500.0,942500.0,322.2509248628652,2.0,6.0,1.0,1.0092948717948718,0.5
2020-10-01,2020-12-31,Zip Code: 98125,All Residential,650000.0,649475.0,415.12915129151287,153.0,122.0,37.0,1.0193215643517448,0.4248366013071895
2012-12-01,2013-02-28,Zip Code: 98122,Multi-Family (2-4 Unit),467500.0,513500.0,209.63963963963965,2.0,2.0,1.0,0.9814102564102564,0.0
2023-08-01,2023-10-31,Zip Code: 98126,Condo/Co-op,380000.0,469999.5,542.6905132192846,21.0,16.0,7.0,0.9881010589645358,0.0952380952380952
2015-05-01,2015-07-31,Zip Code: 98126,Condo/Co-op,245000.0,244925.0,316.644204851752,17.0,22.0,6.0,1.0165273282860094,0.2941176470588235
2022-02-01,2022-04-30,Zip Code: 98115,Condo/Co-op,486000.0,435000.0,534.0909090909091,41.0,54.0,12.0,1.0550063852947809,0.5853658536585366
2015-09-01,2015-11-30,Zip Code: 98109,All Residential,482600.0,500000.0,447.0817094490651,94.0,87.0,28.0,1.0172026645605543,0.4042553191489361
2013-06-01,2013-08-31,Zip Code: 98125,Condo/Co-op,165000.0,149900.0,158.36148648648648,17.0,27.0,14.0,0.997256915634028,0.1764705882352941
2022-01-01,2022-03-31,Zip Code: 98199,Townhouse,955500.0,859400.0,660.7773851590106,9.0,16.0,3.0,1.1290222544193158,1.0
2019-08-01,2019-10-31,Zip Code: 98133,Condo/Co-op,292000.0,299875.0,360.1190476190476,29.0,34.0,27.0,0.9919385412771402,0.1724137931034482
2017-02-01,2017-04-30,Zip Code: 98146,Condo/Co-op,182500.0,159750.0,209.0017064846417,8.0,10.0,1.0,1.009634693026228,0.5
2013-08-01,2013-10-31,Zip Code: 98136,Single Family Residential,475000.0,500000.0,257.40740740740733,73.0,65.0,26.0,0.9926386283837116,0.2465753424657534
2021-05-01,2021-07-31,Zip Code: 98146,Condo/Co-op,362500.0,265000.0,338.4318304293156,16.0,21.0,4.0,1.0517348904115202,0.625
2021-09-01,2021-11-30,Zip Code: 98126,All Residential,650000.0,679000.0,461.6574750999823,160.0,133.0,12.0,1.0298634339406605,0.51875
2019-11-01,2020-01-31,Zip Code: 98133,Condo/Co-op,287500.0,279000.0,349.75669099756686,25.0,15.0,12.0,0.9805806904420952,0.16
2021-05-01,2021-07-31,Zip Code: 98107,All Residential,812500.0,782500.0,587.4067599067599,216.0,210.0,41.0,1.0432394812138317,0.4675925925925926
2017-01-01,2017-03-31,Zip Code: 98108,Multi-Family (2-4 Unit),445000.0,639880.0,370.83333333333326,1.0,3.0,2.0,1.0470588235294118,1.0
2015-01-01,2015-03-31,Zip Code: 98115,All Residential,500007.0,499000.0,293.3925049309665,131.0,185.0,38.0,1.0375386058298792,0.5267175572519083
2023-10-01,2023-12-31,Zip Code: 98146,Condo/Co-op,513000.0,379950.0,338.49129593810443,3.0,4.0,1.0,1.0124521996420244,1.0
2016-05-01,2016-07-31,Zip Code: 98199,Multi-Family (2-4 Unit),750000.0,674500.0,285.71428571428567,3.0,2.0,1.0,0.9700245210337864,0.6666666666666666
2021-02-01,2021-04-30,Zip Code: 98199,Condo/Co-op,435000.0,389750.0,500.0,25.0,28.0,9.0,1.00361156405127,0.2399999999999999
2012-09-01,2012-11-30,Zip Code: 98119,Townhouse,461250.0,432500.0,273.85900012178786,8.0,16.0,8.0,0.99224792536002,0.125
2015-01-01,2015-03-31,Zip Code: 98107,Multi-Family (2-4 Unit),673750.0,667500.0,250.9224902082045,10.0,4.0,,0.9807934912431246,0.2999999999999999
2016-09-01,2016-11-30,Zip Code: 98146,Condo/Co-op,180000.0,172000.0,191.72203765227025,8.0,10.0,6.0,0.9840696951507965,0.375
2021-01-01,2021-03-31,Zip Code: 98178,Single Family Residential,647500.0,615000.0,323.269130661114,60.0,65.0,10.0,1.0423271340002336,0.55
2023-01-01,2023-03-31,Zip Code: 98115,Single Family Residential,985000.0,950000.0,555.5555555555555,73.0,111.0,38.0,1.0195439785498324,0.410958904109589
2018-02-01,2018-04-30,Zip Code: 98146,All Residential,502500.0,499500.0,309.40094111969114,96.0,121.0,32.0,1.0509818077471442,0.5729166666666666
2019-06-01,2019-08-31,Zip Code: 98102,Townhouse,905000.0,1075000.0,592.6481620405101,15.0,13.0,12.0,0.989661632915848,0.0666666666666666
2014-04-01,2014-06-30,Zip Code: 98121,Condo/Co-op,390000.0,435000.0,491.05145413870247,111.0,166.0,73.0,0.9934165205262672,0.2522522522522522
2018-02-01,2018-04-30,Zip Code: 98136,Condo/Co-op,437500.0,410000.0,516.7149597821268,6.0,9.0,1.0,1.0664364242382451,0.6666666666666666
2019-08-01,2019-10-31,Zip Code: 98146,Single Family Residential,515000.0,499999.0,309.375,93.0,79.0,42.0,0.9910513362022466,0.3010752688172043
2019-10-01,2019-12-31,Zip Code: 98119,Townhouse,897960.0,799900.0,594.6564885496183,22.0,19.0,17.0,0.9957511936712632,0.3636363636363636
2018-02-01,2018-04-30,Zip Code: 98134,Condo/Co-op,350000.0,420000.0,464.19098143236073,1.0,1.0,1.0,1.166861143523921,1.0
2014-05-01,2014-07-31,Zip Code: 98105,Multi-Family (2-4 Unit),580100.0,769975.0,248.6910994764398,3.0,6.0,4.0,0.9782205418021171,0.3333333333333333
2022-10-01,2022-12-31,Zip Code: 98177,All Residential,1040000.0,899475.0,476.27737226277367,63.0,54.0,22.0,0.9993843508048146,0.2698412698412698
2019-03-01,2019-05-31,Zip Code: 98115,Single Family Residential,910000.0,875000.0,447.82608695652175,139.0,200.0,77.0,1.0129064915646242,0.4244604316546762
2016-08-01,2016-10-31,Zip Code: 98115,Single Family Residential,725000.0,675000.0,354.1501702852278,174.0,196.0,34.0,1.037390274149933,0.5344827586206896
2019-11-01,2020-01-31,Zip Code: 98177,Multi-Family (2-4 Unit),675000.0,,290.9482758620689,1.0,,,0.9643545967569112,0.0
2012-01-01,2012-03-31,Zip Code: 98177,All Residential,430000.0,445000.0,190.43650793650792,49.0,75.0,64.0,0.9778008421300785,0.1224489795918367
2015-10-01,2015-12-31,Zip Code: 98133,Condo/Co-op,191000.0,199950.0,241.7763157894737,42.0,33.0,8.0,0.9994504259667206,0.2857142857142857
2013-11-01,2014-01-31,Zip Code: 98199,All Residential,577500.0,595000.0,272.3874212261592,76.0,55.0,44.0,0.979670403948068,0.131578947368421
2017-01-01,2017-03-31,Zip Code: 98109,All Residential,655000.0,579750.0,571.4285714285713,77.0,84.0,20.0,1.0308737695497991,0.4675324675324675
2020-01-01,2020-03-31,Zip Code: 98119,Townhouse,828750.0,864975.0,552.8487080591367,28.0,30.0,16.0,0.996545861915281,0.2142857142857142
2023-01-01,2023-03-31,Zip Code: 98106,Townhouse,599950.0,590000.0,427.68392370572207,39.0,35.0,14.0,0.9946157979861164,0.1794871794871794
2017-07-01,2017-09-30,Zip Code: 98117,Townhouse,699077.5,669000.0,486.23515001115015,22.0,25.0,4.0,1.0567638935699186,0.6818181818181817
2015-09-01,2015-11-30,Zip Code: 98116,All Residential,625000.0,609000.0,341.0230692076229,107.0,100.0,32.0,1.0124460779125892,0.4205607476635513
2022-09-01,2022-11-30,Zip Code: 98105,Multi-Family (2-4 Unit),1270000.0,1597500.0,409.6829997594143,8.0,6.0,4.0,0.9469606522304584,0.125
2016-04-01,2016-06-30,Zip Code: 98117,Condo/Co-op,700500.0,519500.0,556.9417610278233,2.0,5.0,,1.1063636300938648,1.0
2014-11-01,2015-01-31,Zip Code: 98125,Townhouse,303000.0,325000.0,219.25925925925927,3.0,4.0,3.0,0.9852677802319376,0.3333333333333333
2017-12-01,2018-02-28,Zip Code: 98126,Townhouse,585495.0,558500.0,358.30154610597515,28.0,14.0,4.0,1.0111034719967429,0.3571428571428571
2020-08-01,2020-10-31,Zip Code: 98125,All Residential,671090.0,650000.0,415.3250400515004,160.0,197.0,65.0,1.0398888716032009,0.55625
2020-03-01,2020-05-31,Zip Code: 98126,All Residential,650000.0,639000.0,435.43543543543535,119.0,146.0,57.0,1.0244714427797044,0.5462184873949579
2020-02-01,2020-04-30,Zip Code: 98146,Single Family Residential,530000.0,559000.0,327.7511961722488,53.0,79.0,35.0,1.0272471915370962,0.4716981132075471
2019-05-01,2019-07-31,Zip Code: 98199,Townhouse,715000.0,707425.0,489.2086330935252,15.0,14.0,8.0,1.0059981320973537,0.3333333333333333
2017-07-01,2017-09-30,Zip Code: 98199,All Residential,845000.0,825000.0,440.60853557901856,160.0,161.0,55.0,1.0337299986924997,0.5
2022-04-01,2022-06-30,Zip Code: 98108,Townhouse,635000.0,699000.0,541.9580419580419,19.0,19.0,8.0,1.0107316217046656,0.5263157894736841
2020-07-01,2020-09-30,Zip Code: 98109,Townhouse,980000.0,864475.0,668.0555555555555,19.0,34.0,23.0,0.9929714969133058,0.3157894736842105
2021-09-01,2021-11-30,Zip Code: 98119,Townhouse,1012500.0,939950.0,708.0728641527189,18.0,17.0,4.0,1.005201536424687,0.3888888888888889
2014-04-01,2014-06-30,Zip Code: 98107,Condo/Co-op,324000.0,330000.0,397.3727422003284,41.0,51.0,27.0,1.0039290334410078,0.4390243902439024
2013-03-01,2013-05-31,Zip Code: 98115,Townhouse,380000.0,387225.0,262.5391849529781,7.0,6.0,3.0,0.9855837616320668,0.2857142857142857
2023-08-01,2023-10-31,Zip Code: 98116,Townhouse,857475.0,824950.0,533.1547159617168,8.0,17.0,8.0,1.0019179452968645,0.125
2015-10-01,2015-12-31,Zip Code: 98108,Single Family Residential,355000.0,450000.0,222.0,55.0,29.0,16.0,1.0013385194423905,0.4
2014-10-01,2014-12-31,Zip Code: 98146,Townhouse,240000.0,174975.0,96.02400600150038,3.0,2.0,3.0,0.9778507971279056,0.0
2013-04-01,2013-06-30,Zip Code: 98133,All Residential,311000.0,320000.0,198.765820571988,170.0,254.0,105.0,1.0078324839828194,0.5058823529411764
2016-11-01,2017-01-31,Zip Code: 98104,All Residential,322500.0,616900.0,493.7832412218693,22.0,24.0,17.0,0.981558602127513,0.1363636363636363
2021-06-01,2021-08-31,Zip Code: 98199,All Residential,1170000.0,989000.0,563.2258064516129,191.0,200.0,46.0,1.0427427810538248,0.5078534031413612
2018-08-01,2018-10-31,Zip Code: 98109,Townhouse,1029000.0,959000.0,751.6580692704495,7.0,21.0,11.0,0.9966353237403928,0.0
2013-08-01,2013-10-31,Zip Code: 98105,Multi-Family (2-4 Unit),999500.0,662499.5,256.35153819564465,4.0,4.0,3.0,0.9893807834541802,0.25
2013-10-01,2013-12-31,Zip Code: 98104,Condo/Co-op,364500.0,394425.0,306.730484810838,12.0,15.0,14.0,0.9791163531268088,0.0833333333333333
2023-05-01,2023-07-31,Zip Code: 98106,Single Family Residential,725000.0,725000.0,432.20338983050846,75.0,87.0,28.0,1.0196177931734287,0.4533333333333333
2022-01-01,2022-03-31,Zip Code: 98126,All Residential,772000.0,724990.0,506.49350649350646,101.0,132.0,13.0,1.0990398212400414,0.7128712871287128
2023-03-01,2023-05-31,Zip Code: 98146,All Residential,690000.0,674950.0,410.60850834679593,79.0,95.0,22.0,1.0340574853546376,0.569620253164557
2012-10-01,2012-12-31,Zip Code: 98126,All Residential,299990.0,347445.0,203.5394694790668,104.0,74.0,47.0,0.9900666484977232,0.298076923076923
2022-12-01,2023-02-28,Zip Code: 98146,All Residential,649950.0,615000.0,365.625,61.0,53.0,15.0,0.9946076502402448,0.2131147540983606
2017-10-01,2017-12-31,Zip Code: 98115,Condo/Co-op,513000.0,512495.0,464.528,56.0,32.0,10.0,1.0348840989920198,0.4285714285714285
2021-06-01,2021-08-31,Zip Code: 98126,Single Family Residential,774500.0,712950.0,445.5445544554456,109.0,111.0,22.0,1.052853975560584,0.6055045871559633
2012-05-01,2012-07-31,Zip Code: 98199,Multi-Family (2-4 Unit),570400.0,439000.0,180.9620737357912,2.0,3.0,2.0,0.990420899854862,0.0
2017-06-01,2017-08-31,Zip Code: 98118,Multi-Family (2-4 Unit),535000.0,899000.0,293.956043956044,1.0,3.0,2.0,1.019047619047619,1.0
2021-10-01,2021-12-31,Zip Code: 98109,Condo/Co-op,525000.0,549500.0,611.7021276595744,51.0,51.0,25.0,0.9982230444993444,0.3137254901960784
2016-11-01,2017-01-31,Zip Code: 98105,Multi-Family (2-4 Unit),880000.0,1197500.0,340.78814776523245,4.0,2.0,,0.9755634892896416,0.25
2016-05-01,2016-07-31,Zip Code: 98109,Townhouse,810555.0,895000.0,460.1449136276392,4.0,13.0,3.0,1.0299101109119273,0.5
2012-09-01,2012-11-30,Zip Code: 98119,Single Family Residential,550000.0,667000.0,247.9543942992874,47.0,40.0,12.0,0.9833288198245242,0.1702127659574468
2012-12-01,2013-02-28,Zip Code: 98199,Townhouse,375000.0,379999.5,255.1379310344828,5.0,6.0,6.0,0.985306756373546,0.2
2022-11-01,2023-01-31,Zip Code: 98146,Multi-Family (2-4 Unit),685000.0,774713.0,320.4719387755102,3.0,1.0,,0.925475687103594,0.0
2022-09-01,2022-11-30,Zip Code: 98126,All Residential,749950.0,699950.0,454.54545454545456,93.0,97.0,35.0,0.99129767025921,0.2365591397849462
2012-04-01,2012-06-30,Zip Code: 98146,All Residential,235500.0,239000.0,132.545871559633,69.0,97.0,86.0,0.987416361992827,0.2753623188405797
2023-05-01,2023-07-31,Zip Code: 98146,Single Family Residential,680500.0,700000.0,427.1428571428572,77.0,77.0,18.0,1.0316150312518366,0.5584415584415584
2012-07-01,2012-09-30,Zip Code: 98115,All Residential,435000.0,444975.0,232.11279461279463,198.0,220.0,110.0,0.9931527812990272,0.303030303030303
2018-07-01,2018-09-30,Zip Code: 98125,All Residential,600000.0,599000.0,384.8920863309352,125.0,151.0,77.0,1.011016056793139,0.3519999999999999
2014-08-01,2014-10-31,Zip Code: 98107,Townhouse,499475.0,475000.0,343.4048672566372,40.0,43.0,8.0,1.015453681369211,0.4249999999999999
2020-11-01,2021-01-31,Zip Code: 98122,Condo/Co-op,408000.0,470000.0,598.3618233618233,36.0,39.0,27.0,0.9874482538344382,0.1111111111111111
2021-04-01,2021-06-30,Zip Code: 98146,Townhouse,363000.0,315000.0,341.48635936030104,3.0,3.0,1.0,1.0925549647898067,0.6666666666666666
2020-06-01,2020-08-31,Zip Code: 98178,All Residential,558000.0,538542.5,292.1348314606741,123.0,132.0,31.0,1.0127901511535962,0.4796747967479674
2022-03-01,2022-05-31,Zip Code: 98136,All Residential,975000.0,890000.0,575.4716981132076,107.0,133.0,15.0,1.1243778415900842,0.7850467289719625
2015-12-01,2016-02-29,Zip Code: 98126,All Residential,453500.0,430000.0,292.68196202531647,97.0,80.0,18.0,1.0256855794998552,0.4845360824742268
2021-09-01,2021-11-30,Zip Code: 98144,Single Family Residential,885950.0,824000.0,543.0555555555555,73.0,81.0,12.0,1.0462437201957029,0.547945205479452
2022-10-01,2022-12-31,Zip Code: 98133,Single Family Residential,720000.0,750000.0,430.23088023088025,70.0,58.0,28.0,0.9935244558919388,0.2999999999999999
2014-02-01,2014-04-30,Zip Code: 98105,All Residential,551000.0,654975.0,310.0338218714769,67.0,84.0,23.0,1.035891684140982,0.5373134328358208
2020-09-01,2020-11-30,Zip Code: 98136,Single Family Residential,835000.0,837000.0,405.8441558441559,81.0,74.0,17.0,1.0114968214073543,0.4320987654320987
2015-11-01,2016-01-31,Zip Code: 98126,Condo/Co-op,235000.0,269000.0,355.8358658504369,14.0,11.0,3.0,1.0287316434310103,0.4285714285714285
2013-12-01,2014-02-28,Zip Code: 98126,All Residential,325500.0,360000.0,219.81497533643025,84.0,91.0,53.0,0.9877737665166884,0.25
2014-12-01,2015-02-28,Zip Code: 98125,Single Family Residential,425000.0,450000.0,255.0736514522821,86.0,63.0,20.0,1.0006284347344163,0.313953488372093
2014-08-01,2014-10-31,Zip Code: 98112,All Residential,792725.0,859999.5,373.6521553008778,96.0,96.0,47.0,1.0027704866678389,0.2708333333333333
2021-08-01,2021-10-31,Zip Code: 98102,Townhouse,935000.0,950000.0,682.4817518248175,43.0,33.0,13.0,1.0030968530691078,0.1627906976744186
2020-03-01,2020-05-31,Zip Code: 98177,All Residential,865000.0,899880.0,403.0581039755352,71.0,95.0,23.0,1.0149363501784834,0.4225352112676056
2022-04-01,2022-06-30,Zip Code: 98107,Single Family Residential,1200000.0,1099950.0,661.3285883748517,67.0,63.0,8.0,1.1407472621732726,0.8059701492537313
2014-12-01,2015-02-28,Zip Code: 98109,Multi-Family (2-4 Unit),550000.0,1800000.0,273.6318407960199,1.0,3.0,4.0,1.0000909173561232,1.0
2021-01-01,2021-03-31,Zip Code: 98116,All Residential,842000.0,800000.0,504.1518386714116,119.0,139.0,36.0,1.0258732957052974,0.4117647058823529
2021-03-01,2021-05-31,Zip Code: 98105,Multi-Family (2-4 Unit),1150000.0,1240000.0,429.1044776119403,3.0,3.0,3.0,1.0561049799032631,0.3333333333333333
2020-10-01,2020-12-31,Zip Code: 98112,Single Family Residential,1395000.0,1650000.0,549.0720397779833,84.0,61.0,23.0,0.9900274127851972,0.238095238095238
2017-03-01,2017-05-31,Zip Code: 98102,Multi-Family (2-4 Unit),976000.0,915000.0,389.3129770992367,3.0,3.0,2.0,1.123036665426056,1.0
2023-01-01,2023-03-31,Zip Code: 98126,All Residential,667500.0,659950.0,468.6792452830189,80.0,88.0,22.0,0.9984073217371852,0.3125
2018-08-01,2018-10-31,Zip Code: 98133,Single Family Residential,599000.0,600000.0,361.1111111111112,107.0,148.0,73.0,1.00008613339937,0.3271028037383177
2018-08-01,2018-10-31,Zip Code: 98199,Townhouse,769500.0,778000.0,485.8443708609272,10.0,25.0,13.0,0.9884930921414418,0.0
2012-12-01,2013-02-28,Zip Code: 98144,Multi-Family (2-4 Unit),185000.0,429999.0,131.39204545454547,1.0,1.0,1.0,0.9462915601023016,0.0
2023-10-01,2023-12-31,Zip Code: 98115,Single Family Residential,1195000.0,1100000.0,549.1881566380134,83.0,53.0,17.0,1.0075125913377492,0.3132530120481927
2016-11-01,2017-01-31,Zip Code: 98105,Condo/Co-op,325000.0,350000.0,421.8579234972677,12.0,15.0,6.0,1.0125077520476138,0.3333333333333333
2020-03-01,2020-05-31,Zip Code: 98107,All Residential,771000.0,759950.0,551.4285714285713,113.0,163.0,50.0,1.0117412908660506,0.4070796460176991
2015-12-01,2016-02-29,Zip Code: 98121,Condo/Co-op,456000.0,733300.0,609.4265568175315,76.0,99.0,46.0,1.0034278418497913,0.3684210526315789
2023-08-01,2023-10-31,Zip Code: 98126,All Residential,706000.0,754500.0,502.60869565217394,89.0,92.0,36.0,0.9990577572324812,0.3258426966292135
2014-03-01,2014-05-31,Zip Code: 98119,Townhouse,562450.0,548000.0,373.14222809335087,16.0,23.0,11.0,0.9809817833901592,0.125
2013-09-01,2013-11-30,Zip Code: 98177,All Residential,461000.0,488250.0,219.2982456140351,81.0,82.0,45.0,0.9833036560470556,0.2222222222222222
2020-02-01,2020-04-30,Zip Code: 98177,Single Family Residential,1022000.0,895000.0,394.14414414414415,59.0,81.0,21.0,1.0096830269225057,0.3898305084745762
2013-08-01,2013-10-31,Zip Code: 98125,Multi-Family (2-4 Unit),420000.0,424950.0,198.0050839964633,2.0,3.0,4.0,0.950450200087506,0.0
2018-12-01,2019-02-28,Zip Code: 98122,Single Family Residential,905000.0,1056944.0,475.47169811320754,31.0,32.0,19.0,0.9740403317053588,0.096774193548387
2019-02-01,2019-04-30,Zip Code: 98118,Condo/Co-op,250000.0,339000.0,332.409972299169,3.0,5.0,4.0,0.949689714232753,0.3333333333333333
2012-05-01,2012-07-31,Zip Code: 98109,Single Family Residential,718000.0,719975.0,292.472024415056,39.0,34.0,18.0,0.9798513928248064,0.282051282051282
2015-10-01,2015-12-31,Zip Code: 98115,Multi-Family (2-4 Unit),439000.0,439000.0,372.03389830508473,1.0,1.0,,1.0,0.0
2016-06-01,2016-08-31,Zip Code: 98146,All Residential,399000.0,364000.0,230.9659090909091,131.0,160.0,52.0,1.0285001294919225,0.580152671755725
2016-07-01,2016-09-30,Zip Code: 98107,Multi-Family (2-4 Unit),928775.0,960000.0,327.12278194593307,4.0,4.0,1.0,1.042509444432824,0.75
2022-01-01,2022-03-31,Zip Code: 98116,Condo/Co-op,520000.0,612500.0,634.83298457723,26.0,36.0,11.0,1.0075067932772668,0.3076923076923077
2019-07-01,2019-09-30,Zip Code: 98199,Single Family Residential,990000.0,995000.0,444.55931765314034,103.0,92.0,48.0,0.9909927725690344,0.262135922330097
2016-10-01,2016-12-31,Zip Code: 98199,All Residential,715000.0,699000.0,380.3042433947158,101.0,73.0,21.0,1.0133242235535225,0.4158415841584158
2018-05-01,2018-07-31,Zip Code: 98125,All Residential,645000.0,600000.0,418.4100238841618,146.0,189.0,50.0,1.060842018930905,0.6506849315068493
2021-10-01,2021-12-31,Zip Code: 98115,Single Family Residential,1075000.0,950000.0,544.3786982248521,155.0,97.0,3.0,1.0735338403285497,0.6387096774193548
2021-03-01,2021-05-31,Zip Code: 98115,Townhouse,797000.0,765000.0,598.1416957026713,35.0,53.0,28.0,1.0142915355981594,0.3142857142857142
2016-06-01,2016-08-31,Zip Code: 98144,Single Family Residential,644000.0,604750.0,349.67857003701533,94.0,98.0,32.0,1.027248455447455,0.4893617021276595
2016-03-01,2016-05-31,Zip Code: 98126,Townhouse,387500.0,406000.0,271.2020932738187,16.0,18.0,,1.048593747299664,0.4375
2016-08-01,2016-10-31,Zip Code: 98108,All Residential,438500.0,438500.0,288.5375494071146,95.0,100.0,29.0,1.0251023611135677,0.4736842105263157
2013-02-01,2013-04-30,Zip Code: 98126,All Residential,345000.0,325000.0,206.61157024793388,93.0,121.0,61.0,1.0020247951025647,0.3763440860215053
2017-11-01,2018-01-31,Zip Code: 98144,Single Family Residential,763000.0,794000.0,400.9943181818182,68.0,52.0,12.0,1.0293366278266194,0.3676470588235294
2020-02-01,2020-04-30,Zip Code: 98146,Condo/Co-op,252000.0,219900.0,283.9562569213732,12.0,11.0,6.0,0.9959750670076012,0.3333333333333333
2012-04-01,2012-06-30,Zip Code: 98109,All Residential,398000.0,409475.0,297.9253112033195,121.0,116.0,65.0,0.9850817764480406,0.2231404958677686
2012-04-01,2012-06-30,Zip Code: 98134,All Residential,4000000.0,,1403.508771929825,1.0,,2.0,0.8898776418242491,0.0
2022-10-01,2022-12-31,Zip Code: 98115,Condo/Co-op,515000.0,635000.0,483.3984375,31.0,21.0,8.0,0.9815358796447644,0.1290322580645161
2014-12-01,2015-02-28,Zip Code: 98122,All Residential,449475.0,514997.5,388.5807360450784,112.0,108.0,44.0,0.9966085161469522,0.3303571428571428
2012-10-01,2012-12-31,Zip Code: 98107,Townhouse,395000.0,402475.0,290.44117647058823,17.0,16.0,3.0,0.997974522264746,0.3529411764705882
2021-10-01,2021-12-31,Zip Code: 98133,Multi-Family (2-4 Unit),845000.0,850000.0,377.2321428571428,1.0,1.0,3.0,0.9941176470588236,0.0
2018-05-01,2018-07-31,Zip Code: 98178,Townhouse,444500.0,479900.0,303.71181772658986,2.0,3.0,3.0,1.0258899676375406,0.5
2022-02-01,2022-04-30,Zip Code: 98125,Single Family Residential,960000.0,910000.0,564.516129032258,69.0,103.0,17.0,1.140076626870782,0.7681159420289854
2012-07-01,2012-09-30,Zip Code: 98125,Single Family Residential,328400.0,349950.0,205.5555555555556,91.0,109.0,50.0,0.9924234788308964,0.2527472527472527
2018-05-01,2018-07-31,Zip Code: 98178,Multi-Family (2-4 Unit),435000.0,429900.0,201.38888888888889,1.0,1.0,,1.0118632240055827,1.0
2015-04-01,2015-06-30,Zip Code: 98126,Townhouse,380000.0,389000.0,249.07407407407408,15.0,15.0,5.0,1.0122939405856342,0.4666666666666666
2012-09-01,2012-11-30,Zip Code: 98125,Condo/Co-op,139950.0,156725.0,129.96941896024464,17.0,18.0,9.0,0.9884350627167708,0.1764705882352941
2021-03-01,2021-05-31,Zip Code: 98177,Townhouse,629975.0,1249950.0,403.53547177480414,2.0,3.0,3.0,0.9923076923076924,0.0
2016-11-01,2017-01-31,Zip Code: 98146,All Residential,424100.0,365000.0,219.06606382978725,94.0,49.0,25.0,1.0016318916225462,0.276595744680851
2016-10-01,2016-12-31,Zip Code: 98146,Single Family Residential,420600.0,425000.0,230.574697145702,98.0,57.0,23.0,1.0084505122624017,0.3265306122448979
2021-05-01,2021-07-31,Zip Code: 98177,Townhouse,612500.0,585000.0,472.26927511058256,6.0,7.0,2.0,1.0258309591642925,0.1666666666666666
2015-05-01,2015-07-31,Zip Code: 98136,Multi-Family (2-4 Unit),910000.0,1289000.0,396.58750374587953,2.0,1.0,,0.9976283868535342,0.0
2012-05-01,2012-07-31,Zip Code: 98144,Townhouse,275000.0,307450.0,220.125786163522,15.0,16.0,10.0,0.969165425332061,0.0666666666666666
2012-04-01,2012-06-30,Zip Code: 98178,All Residential,199925.0,229950.0,110.47408645808454,74.0,101.0,94.0,0.9865375088927932,0.3243243243243243
2023-10-01,2023-12-31,Zip Code: 98177,Single Family Residential,1025000.0,999975.0,508.4745762711864,37.0,34.0,13.0,1.0172680885264809,0.3783783783783784
2021-12-01,2022-02-28,Zip Code: 98109,Condo/Co-op,480000.0,475000.0,614.6788990825688,59.0,46.0,18.0,1.0020939200339634,0.3220338983050847
2018-09-01,2018-11-30,Zip Code: 98108,Single Family Residential,538725.0,569900.0,317.8418803418804,48.0,65.0,39.0,0.9882194237448002,0.2291666666666666
2022-09-01,2022-11-30,Zip Code: 98108,Single Family Residential,707000.0,709500.0,421.3034759358289,28.0,48.0,31.0,0.9866105608823524,0.25
2014-02-01,2014-04-30,Zip Code: 98199,All Residential,603000.0,650000.0,300.0,93.0,130.0,55.0,1.0096437043546564,0.4301075268817204
2016-03-01,2016-05-31,Zip Code: 98175,Townhouse,485000.0,439000.0,351.1947863866763,1.0,1.0,,1.1047835990888382,1.0
2019-03-01,2019-05-31,Zip Code: 98125,All Residential,640000.0,639475.0,373.03108808290153,105.0,174.0,87.0,1.010496659962502,0.438095238095238
2021-04-01,2021-06-30,Zip Code: 98107,All Residential,810000.0,797000.0,578.325972622906,238.0,236.0,44.0,1.039959430237226,0.4411764705882352
2018-03-01,2018-05-31,Zip Code: 98107,Single Family Residential,895000.0,869000.0,514.2045454545455,41.0,65.0,11.0,1.1072300275571574,0.7073170731707316
2013-04-01,2013-06-30,Zip Code: 98102,Townhouse,577500.0,634000.0,371.5116279069768,23.0,13.0,16.0,0.9988064596170224,0.3478260869565217
2022-05-01,2022-07-31,Zip Code: 98109,All Residential,766000.0,812000.0,697.254936298761,84.0,142.0,79.0,1.0205477373947842,0.4523809523809523
2022-02-01,2022-04-30,Zip Code: 98199,Multi-Family (2-4 Unit),1525000.0,949900.0,399.6331236897274,1.0,1.0,,1.0166666666666666,1.0
2015-11-01,2016-01-31,Zip Code: 98109,Single Family Residential,916227.0,899500.0,378.3388888888889,19.0,10.0,4.0,1.0294473204255616,0.4210526315789473
2014-10-01,2014-12-31,Zip Code: 98109,Multi-Family (2-4 Unit),710000.0,649475.0,355.0,1.0,2.0,1.0,0.9479305740987984,0.0
2012-12-01,2013-02-28,Zip Code: 98199,Multi-Family (2-4 Unit),373000.0,460000.0,193.2642487046632,1.0,2.0,1.0,0.932616577072134,0.0
2016-07-01,2016-09-30,Zip Code: 98108,Multi-Family (2-4 Unit),557500.0,522500.0,220.6544661686385,2.0,2.0,,0.9638297872340424,0.0
2021-03-01,2021-05-31,Zip Code: 98109,All Residential,770000.0,842500.0,611.1111111111111,157.0,182.0,68.0,1.0045060059481337,0.3248407643312101
2017-02-01,2017-04-30,Zip Code: 98146,Single Family Residential,449975.0,413750.0,275.42233885517464,78.0,98.0,31.0,1.0589296963906398,0.6923076923076922
2019-10-01,2019-12-31,Zip Code: 98105,Single Family Residential,1099975.0,985500.0,477.60913034461305,60.0,28.0,11.0,0.9870349734659792,0.25
2015-01-01,2015-03-31,Zip Code: 98106,Condo/Co-op,154145.0,289925.0,179.7895341207349,4.0,2.0,,1.130216001644729,0.25
2017-06-01,2017-08-31,Zip Code: 98178,Condo/Co-op,140000.0,149975.0,244.75524475524475,3.0,6.0,3.0,0.9756721062185942,0.3333333333333333
2020-10-01,2020-12-31,Zip Code: 98146,Single Family Residential,560000.0,535000.0,336.1344537815126,97.0,79.0,23.0,1.0157303539951583,0.4845360824742268
2012-04-01,2012-06-30,Zip Code: 98146,Single Family Residential,249000.0,239250.0,135.5855855855856,65.0,88.0,77.0,0.9887314769571728,0.2769230769230769
2020-03-01,2020-05-31,Zip Code: 98116,Condo/Co-op,490000.0,619500.0,573.5294117647059,11.0,25.0,18.0,0.983976470156304,0.0909090909090909
2018-03-01,2018-05-31,Zip Code: 98118,Townhouse,588800.0,595000.0,428.3551967709385,29.0,25.0,11.0,1.0361574112294056,0.4827586206896551
2018-03-01,2018-05-31,Zip Code: 98106,All Residential,556000.0,534950.0,372.11523583227154,126.0,163.0,38.0,1.071167419348741,0.6825396825396824
2013-09-01,2013-11-30,Zip Code: 98107,Condo/Co-op,298750.0,319950.0,354.3160540775714,30.0,25.0,15.0,0.9882481970968428,0.2
2014-07-01,2014-09-30,Zip Code: 98125,Townhouse,303375.0,299950.0,223.04246115819208,10.0,13.0,4.0,1.0023084405748328,0.5999999999999999
2023-04-01,2023-06-30,Zip Code: 98117,Single Family Residential,1023500.0,949975.0,574.4355150605152,100.0,132.0,29.0,1.0513045711256546,0.5999999999999999
2016-01-01,2016-03-31,Zip Code: 98105,Condo/Co-op,385000.0,399000.0,477.7093124456049,9.0,15.0,2.0,1.0787879385836976,0.8888888888888888
2021-12-01,2022-02-28,Zip Code: 98115,Single Family Residential,1009999.0,987500.0,592.8403755868544,91.0,98.0,12.0,1.1057355400066755,0.6593406593406593
2019-09-01,2019-11-30,Zip Code: 98102,Multi-Family (2-4 Unit),2045000.0,1395000.0,432.5296108291032,1.0,4.0,4.0,0.9088888888888887,0.0
2018-03-01,2018-05-31,Zip Code: 98109,Single Family Residential,1211000.0,1397450.0,536.8814192343605,27.0,44.0,11.0,1.0298950386131902,0.5925925925925924
2015-02-01,2015-04-30,Zip Code: 98144,Condo/Co-op,277500.0,300000.0,322.9570309136313,14.0,13.0,10.0,0.9885410071839456,0.2857142857142857
2022-02-01,2022-04-30,Zip Code: 98115,All Residential,1049000.0,877000.0,633.4841628959276,213.0,288.0,43.0,1.1243235025672045,0.6807511737089202
2013-02-01,2013-04-30,Zip Code: 98177,All Residential,450000.0,475000.0,217.74193548387092,67.0,88.0,35.0,0.9969120723896238,0.2985074626865671
2016-09-01,2016-11-30,Zip Code: 98115,Condo/Co-op,302500.0,299970.0,327.15193670249846,38.0,34.0,7.0,1.013871296318732,0.5263157894736841
2015-12-01,2016-02-29,Zip Code: 98105,Single Family Residential,860500.0,799950.0,391.41464385196974,32.0,43.0,20.0,1.0353542811505996,0.53125
2018-09-01,2018-11-30,Zip Code: 98116,Single Family Residential,810500.0,849725.0,414.40185830429726,62.0,82.0,36.0,0.9833588754847448,0.2258064516129032
2018-08-01,2018-10-31,Zip Code: 98108,Multi-Family (2-4 Unit),503450.0,650000.0,263.88888888888886,4.0,3.0,1.0,1.0182915368009091,1.0
2013-01-01,2013-03-31,Zip Code: 98126,All Residential,346000.0,325000.0,203.66279069767444,86.0,116.0,57.0,0.9989864237068636,0.3604651162790697
2017-11-01,2018-01-31,Zip Code: 98126,Townhouse,614990.0,609950.0,357.51867662753466,33.0,17.0,1.0,1.0052677465356257,0.303030303030303
2021-08-01,2021-10-31,Zip Code: 98125,Single Family Residential,847000.0,800000.0,482.9787234042553,119.0,125.0,15.0,1.073338445400006,0.6134453781512605
2016-09-01,2016-11-30,Zip Code: 98106,All Residential,418000.0,424800.0,265.97633136094674,115.0,121.0,27.0,1.0169093173500947,0.4869565217391304
2015-05-01,2015-07-31,Zip Code: 98177,Townhouse,602500.0,439950.0,243.33892646072363,6.0,7.0,2.0,1.0000142401781538,0.3333333333333333
2023-12-01,2024-02-29,Zip Code: 98109,Single Family Residential,1700000.0,1998000.0,658.695652173913,11.0,11.0,6.0,0.9875418382192606,0.1818181818181818
2012-05-01,2012-07-31,Zip Code: 98117,Townhouse,346500.0,342000.0,246.031746031746,11.0,14.0,3.0,0.994285294985714,0.1818181818181818
2020-12-01,2021-02-28,Zip Code: 98199,Multi-Family (2-4 Unit),1181500.0,1177475.0,392.34693877551024,2.0,2.0,1.0,0.9701001251564456,0.0
2022-07-01,2022-09-30,Zip Code: 98133,Single Family Residential,837500.0,799475.0,486.638990381462,106.0,136.0,57.0,1.0064605533621211,0.3679245283018867
2012-10-01,2012-12-31,Zip Code: 98115,Multi-Family (2-4 Unit),632000.0,614350.0,265.546218487395,1.0,2.0,1.0,1.0112,1.0
2020-12-01,2021-02-28,Zip Code: 98146,Condo/Co-op,254000.0,287000.0,274.6951219512195,12.0,5.0,2.0,0.9874510181819932,0.25
2021-12-01,2022-02-28,Zip Code: 98119,Townhouse,944975.0,822450.0,697.7238752206333,18.0,22.0,3.0,1.035456130257855,0.3333333333333333
2014-01-01,2014-03-31,Zip Code: 98146,Condo/Co-op,147450.0,95000.0,109.02427172192384,2.0,5.0,3.0,1.0,0.0
2018-03-01,2018-05-31,Zip Code: 98133,Townhouse,527500.0,530000.0,416.9180327868853,16.0,29.0,8.0,1.0420340453182613,0.625
2014-04-01,2014-06-30,Zip Code: 98126,All Residential,385100.0,385000.0,238.5674654858036,148.0,195.0,70.0,1.0109983155649855,0.4256756756756756
2013-05-01,2013-07-31,Zip Code: 98199,All Residential,579500.0,569000.0,280.24237472766885,140.0,161.0,73.0,1.006121216745426,0.3857142857142857
2013-08-01,2013-10-31,Zip Code: 98109,Townhouse,499750.0,514475.0,341.1262798634812,11.0,14.0,5.0,0.9877658466994302,0.0909090909090909
2019-08-01,2019-10-31,Zip Code: 98146,Townhouse,350000.0,410000.0,289.9751449875725,1.0,1.0,,1.0001428775539365,1.0
2013-09-01,2013-11-30,Zip Code: 98126,Condo/Co-op,175000.0,169900.0,239.02439024390245,7.0,15.0,16.0,0.9792022929470094,0.1428571428571428
2022-03-01,2022-05-31,Zip Code: 98118,Multi-Family (2-4 Unit),710000.0,999000.0,477.96892523950805,2.0,5.0,4.0,0.9952380952380953,0.0
2020-08-01,2020-10-31,Zip Code: 98109,Single Family Residential,1342500.0,1397000.0,562.9152893251861,42.0,44.0,19.0,1.0084729892617117,0.2857142857142857
2018-09-01,2018-11-30,Zip Code: 98177,All Residential,733500.0,799000.0,367.2350428917076,70.0,87.0,39.0,0.9827542717474524,0.2999999999999999
2021-08-01,2021-10-31,Zip Code: 98146,Townhouse,400000.0,435000.0,267.73844881512093,2.0,3.0,,1.0244252873563218,0.5
2013-04-01,2013-06-30,Zip Code: 98115,Townhouse,357500.0,387475.0,266.81176115118785,4.0,12.0,8.0,0.990576010621866,0.25
2023-05-01,2023-07-31,Zip Code: 98136,Condo/Co-op,450000.0,450000.0,543.6619718309859,9.0,9.0,1.0,1.0501556628741964,0.7777777777777777
2019-01-01,2019-03-31,Zip Code: 98117,Townhouse,740000.0,649975.0,469.1358024691358,17.0,26.0,17.0,0.9842599470939752,0.1176470588235294
2019-06-01,2019-08-31,Zip Code: 98199,Multi-Family (2-4 Unit),561500.0,599000.0,315.4494382022472,1.0,1.0,2.0,0.9373956594323872,0.0
2016-05-01,2016-07-31,Zip Code: 98109,All Residential,489500.0,525000.0,481.1169502093168,116.0,143.0,43.0,1.0252473345084274,0.5
2016-03-01,2016-05-31,Zip Code: 98199,Townhouse,619950.0,625000.0,415.70267054468536,16.0,9.0,,1.0390288980270217,0.5625
2019-11-01,2020-01-31,Zip Code: 98144,Single Family Residential,817500.0,775000.0,406.8145889792231,44.0,31.0,13.0,0.9799522225656006,0.1818181818181818
2021-08-01,2021-10-31,Zip Code: 98105,Multi-Family (2-4 Unit),975000.0,1587500.0,541.4110429447853,2.0,12.0,6.0,0.9798994974874372,0.5
2013-09-01,2013-11-30,Zip Code: 98102,Townhouse,671000.0,609500.0,375.0,17.0,12.0,11.0,1.0061139146282907,0.2941176470588235
2019-06-01,2019-08-31,Zip Code: 98199,Condo/Co-op,380000.0,439000.0,439.8460410557185,15.0,19.0,12.0,0.989029274435112,0.1333333333333333
2020-06-01,2020-08-31,Zip Code: 98146,Condo/Co-op,230000.0,229947.5,247.6217288717289,6.0,10.0,5.0,0.9964302898278862,0.3333333333333333
2013-12-01,2014-02-28,Zip Code: 98108,Multi-Family (2-4 Unit),242000.0,,147.5609756097561,1.0,,,0.9877551020408162,0.0
2014-11-01,2015-01-31,Zip Code: 98199,Condo/Co-op,250000.0,210000.0,262.60504201680675,15.0,11.0,2.0,0.9936248499846008,0.2
2015-02-01,2015-04-30,Zip Code: 98105,Townhouse,529500.0,499750.0,397.05729841846,6.0,8.0,,1.0163564228155058,0.3333333333333333
2012-12-01,2013-02-28,Zip Code: 98107,Townhouse,416725.0,414950.0,305.6165158371041,14.0,13.0,5.0,0.9960082781997291,0.3571428571428571
2012-09-01,2012-11-30,Zip Code: 98177,Single Family Residential,525000.0,425000.0,200.0,69.0,60.0,44.0,0.9789337529085022,0.1594202898550724
2018-09-01,2018-11-30,Zip Code: 98199,Condo/Co-op,485000.0,548950.0,520.141196013289,15.0,19.0,13.0,0.9730055539172052,0.0666666666666666
2023-08-01,2023-10-31,Zip Code: 98112,All Residential,1268000.0,1295000.0,689.1304347826087,63.0,66.0,36.0,0.983275599782464,0.2539682539682539
2019-09-01,2019-11-30,Zip Code: 98178,Condo/Co-op,180500.0,215500.0,235.05213710337543,2.0,4.0,1.0,1.0592592592592591,0.5
2022-02-01,2022-04-30,Zip Code: 98199,Condo/Co-op,442500.0,399950.0,550.6853889992681,28.0,35.0,6.0,1.0437915872319048,0.5714285714285714
2022-05-01,2022-07-31,Zip Code: 98133,Multi-Family (2-4 Unit),825000.0,775000.0,363.83928571428567,3.0,4.0,1.0,1.0464549087463435,0.6666666666666666
2017-10-01,2017-12-31,Zip Code: 98178,All Residential,424975.0,449495.0,243.47036111742,100.0,92.0,42.0,1.0104688860006694,0.4099999999999999
2014-09-01,2014-11-30,Zip Code: 98136,Single Family Residential,545000.0,545000.0,283.8541666666667,65.0,61.0,23.0,0.9905146225271207,0.2307692307692307
2017-12-01,2018-02-28,Zip Code: 98107,Condo/Co-op,522500.0,499950.0,655.1474262868566,20.0,25.0,4.0,1.0828143891483852,0.6999999999999998
2014-05-01,2014-07-31,Zip Code: 98119,Single Family Residential,800000.0,787000.0,374.16267942583727,47.0,60.0,20.0,1.0138048632467525,0.5319148936170212
2015-12-01,2016-02-29,Zip Code: 98199,Single Family Residential,800000.0,769000.0,358.56481481481484,71.0,47.0,16.0,1.0227058662723996,0.4647887323943661
2014-08-01,2014-10-31,Zip Code: 98107,All Residential,509000.0,489950.0,343.4048672566372,124.0,145.0,42.0,1.0172462494912182,0.4193548387096774
2022-10-01,2022-12-31,Zip Code: 98199,Multi-Family (2-4 Unit),1410000.0,1985000.0,354.72972972972974,2.0,2.0,1.0,1.0,0.0
2017-07-01,2017-09-30,Zip Code: 98146,Townhouse,273500.0,297000.0,205.72004130482625,8.0,5.0,1.0,0.986307992995616,0.25
2013-01-01,2013-03-31,Zip Code: 98177,Single Family Residential,461500.0,530500.0,220.90007423108227,44.0,58.0,33.0,1.0136671777726192,0.3181818181818181
2023-02-01,2023-04-30,Zip Code: 98125,All Residential,748500.0,742475.0,470.00821507240096,92.0,126.0,39.0,1.0173930204930972,0.4130434782608695
2019-12-01,2020-02-29,Zip Code: 98102,Condo/Co-op,462500.0,439950.0,622.2611744084137,57.0,65.0,26.0,0.9910004652462128,0.175438596491228
2020-11-01,2021-01-31,Zip Code: 98122,Single Family Residential,1001500.0,875000.0,551.9708113077454,50.0,39.0,22.0,0.9985723944126524,0.38
2015-02-01,2015-04-30,Zip Code: 98105,Condo/Co-op,319000.0,294950.0,401.4084507042253,7.0,12.0,3.0,1.0100007156898774,0.4285714285714285
2021-06-01,2021-08-31,Zip Code: 98105,Condo/Co-op,442500.0,474500.0,559.3519474646852,26.0,40.0,21.0,1.0017863189495422,0.3461538461538461
2021-01-01,2021-03-31,Zip Code: 98144,All Residential,664950.0,678800.0,519.8019801980198,131.0,155.0,52.0,1.019411678650619,0.3358778625954198
2018-08-01,2018-10-31,Zip Code: 98178,Condo/Co-op,140000.0,152888.0,162.99019607843138,3.0,5.0,2.0,1.0112504575134766,0.6666666666666666
2017-10-01,2017-12-31,Zip Code: 98126,Condo/Co-op,404500.0,405000.0,425.7450090541236,16.0,6.0,,1.0164698162145342,0.25
2017-04-01,2017-06-30,Zip Code: 98105,Condo/Co-op,460000.0,482000.0,581.8181818181819,27.0,24.0,8.0,1.0657019257801414,0.6296296296296297
2019-12-01,2020-02-29,Zip Code: 98106,Condo/Co-op,315000.0,336750.0,310.6508875739645,3.0,2.0,2.0,0.973751088143324,0.0
2012-06-01,2012-08-31,Zip Code: 98107,Multi-Family (2-4 Unit),606200.0,571500.0,170.2808988764045,3.0,10.0,7.0,0.988021347868052,0.0
2023-05-01,2023-07-31,Zip Code: 98134,Condo/Co-op,328100.0,412500.0,332.13191699604744,2.0,2.0,1.0,0.9501587301587302,0.0
2021-02-01,2021-04-30,Zip Code: 98125,Single Family Residential,810700.0,798000.0,465.8928571428571,82.0,111.0,14.0,1.11462514619881,0.7804878048780488
2016-01-01,2016-03-31,Zip Code: 98107,Single Family Residential,717500.0,699950.0,411.1842105263158,31.0,49.0,9.0,1.1087378611287473,0.7096774193548387
2012-01-01,2012-03-31,Zip Code: 98199,All Residential,469000.0,499000.0,228.65853658536585,59.0,95.0,85.0,0.9758140977398468,0.2033898305084745
2021-04-01,2021-06-30,Zip Code: 98122,Condo/Co-op,465225.0,430000.0,634.9235104669888,72.0,91.0,48.0,1.0017387083779417,0.2083333333333333
2022-02-01,2022-04-30,Zip Code: 98133,Single Family Residential,910000.0,799900.0,553.072625698324,115.0,155.0,28.0,1.1470319442576618,0.808695652173913
2012-04-01,2012-06-30,Zip Code: 98101,Condo/Co-op,480000.0,565000.0,490.9769757311761,93.0,83.0,59.0,0.9713787760155432,0.064516129032258
2023-06-01,2023-08-31,Zip Code: 98109,Multi-Family (2-4 Unit),1405382.5,2050000.0,450.8773112099864,2.0,1.0,1.0,0.8851316416487967,0.0
2019-12-01,2020-02-29,Zip Code: 98109,Townhouse,760000.0,948000.0,617.986798679868,9.0,9.0,3.0,0.9889619838636194,0.1111111111111111
2016-07-01,2016-09-30,Zip Code: 98133,Multi-Family (2-4 Unit),559725.0,612475.0,396.4886122881356,2.0,4.0,,1.0,0.0
2013-04-01,2013-06-30,Zip Code: 98126,Condo/Co-op,147000.0,162500.0,224.6256239600665,9.0,20.0,17.0,0.9982294901218292,0.3333333333333333
2016-08-01,2016-10-31,Zip Code: 98102,Townhouse,801500.0,764950.0,496.1514832367913,10.0,13.0,9.0,1.028626845351571,0.6999999999999998
2023-10-01,2023-12-31,Zip Code: 98109,Single Family Residential,1393500.0,1950000.0,556.9805194805193,14.0,11.0,5.0,0.996718427537416,0.2857142857142857
2021-06-01,2021-08-31,Zip Code: 98116,Townhouse,775000.0,724950.0,511.4457831325301,39.0,45.0,9.0,1.0139334901499173,0.3076923076923077
2017-01-01,2017-03-31,Zip Code: 98115,All Residential,738000.0,696500.0,424.33223289315725,158.0,200.0,34.0,1.0586694949011966,0.5569620253164556
2022-10-01,2022-12-31,Zip Code: 98146,Condo/Co-op,332495.0,274995.0,344.2229605020303,12.0,5.0,1.0,0.994677207137994,0.25
2014-09-01,2014-11-30,Zip Code: 98125,Single Family Residential,434500.0,429925.0,232.59362375805216,106.0,110.0,36.0,1.0050680592769978,0.4150943396226415
2012-08-01,2012-10-31,Zip Code: 98115,All Residential,429000.0,447000.0,236.4705882352941,193.0,210.0,92.0,0.9920346387699804,0.2901554404145077
2019-07-01,2019-09-30,Zip Code: 98109,All Residential,655000.0,629500.0,600.3666361136573,87.0,89.0,68.0,0.9803199770897864,0.1264367816091954
2015-10-01,2015-12-31,Zip Code: 98177,Single Family Residential,634000.0,649900.0,292.0289855072464,85.0,44.0,11.0,1.010259744063458,0.4588235294117646
2012-04-01,2012-06-30,Zip Code: 98199,Single Family Residential,555000.0,622475.0,258.10841410100056,94.0,106.0,67.0,0.993624452147284,0.2872340425531915
2022-05-01,2022-07-31,Zip Code: 98177,All Residential,1112500.0,999000.0,547.1601277372263,90.0,123.0,29.0,1.0606778332979694,0.611111111111111
2017-05-01,2017-07-31,Zip Code: 98104,All Residential,355000.0,531900.0,555.5555555555555,29.0,33.0,18.0,1.0778995626514136,0.7586206896551723
2020-07-01,2020-09-30,Zip Code: 98105,All Residential,950000.0,899900.0,526.3157894736842,127.0,191.0,79.0,1.0139397028222386,0.3307086614173228
2020-01-01,2020-03-31,Zip Code: 98116,Townhouse,699000.0,686975.0,504.9088359046284,29.0,24.0,9.0,1.0028278432401456,0.3793103448275861
2023-01-01,2023-03-31,Zip Code: 98134,Condo/Co-op,330000.0,330000.0,354.31899434897934,2.0,3.0,1.0,0.9866666666666666,0.0
2018-06-01,2018-08-31,Zip Code: 98126,Multi-Family (2-4 Unit),654980.0,1250000.0,235.60431654676256,1.0,1.0,,0.9925443248977118,0.0
2014-05-01,2014-07-31,Zip Code: 98109,Townhouse,698000.0,654475.0,392.2018348623853,11.0,14.0,5.0,1.0182167193845144,0.3636363636363636
2018-11-01,2019-01-31,Zip Code: 98177,Multi-Family (2-4 Unit),960000.0,,297.4091204878745,2.0,,1.0,0.9352962905038174,0.0
2017-02-01,2017-04-30,Zip Code: 98108,Townhouse,587750.0,585000.0,397.1140503224793,18.0,11.0,1.0,1.06390608861952,0.4444444444444444
2022-10-01,2022-12-31,Zip Code: 98126,All Residential,684500.0,694475.0,457.4103691856592,78.0,68.0,19.0,0.9864502841844632,0.2692307692307692
2015-12-01,2016-02-29,Zip Code: 98118,Single Family Residential,452000.0,450000.0,231.71077618326484,84.0,82.0,32.0,1.0247986450002131,0.4761904761904761
2020-12-01,2021-02-28,Zip Code: 98108,Townhouse,543750.0,545000.0,394.7795483734211,28.0,21.0,6.0,0.9899898467146916,0.1071428571428571
2020-06-01,2020-08-31,Zip Code: 98117,Multi-Family (2-4 Unit),795000.0,975000.0,386.5521327014218,2.0,6.0,5.0,1.0078626878502814,0.5
2014-08-01,2014-10-31,Zip Code: 98146,Condo/Co-op,134950.0,112000.0,145.78703703703704,7.0,6.0,6.0,0.9867597383222448,0.0
2013-05-01,2013-07-31,Zip Code: 98109,All Residential,376050.0,444950.0,324.24479646343707,104.0,122.0,58.0,1.0006403589960038,0.3173076923076922
2019-04-01,2019-06-30,Zip Code: 98133,All Residential,585000.0,559000.0,363.202977837622,202.0,265.0,109.0,1.007829753328502,0.3415841584158416
2012-08-01,2012-10-31,Zip Code: 98177,Condo/Co-op,299000.0,265000.0,199.38650306748465,5.0,3.0,6.0,0.9853341985723556,0.0
2013-09-01,2013-11-30,Zip Code: 98112,Townhouse,539500.0,554499.5,371.9658372037156,14.0,12.0,3.0,0.9872621924140484,0.1428571428571428
2023-02-01,2023-04-30,Zip Code: 98146,All Residential,657500.0,654500.0,378.8251611851536,74.0,86.0,24.0,1.0248567369054302,0.4459459459459459
2012-12-01,2013-02-28,Zip Code: 98146,Condo/Co-op,120000.0,100000.0,106.53061224489797,7.0,7.0,6.0,0.9785367895290324,0.2857142857142857
2014-12-01,2015-02-28,Zip Code: 98125,All Residential,393750.0,399950.0,246.94394752534288,102.0,83.0,27.0,0.9986927195155668,0.2745098039215686
2016-01-01,2016-03-31,Zip Code: 98109,Condo/Co-op,424000.0,423888.0,455.9910024307949,48.0,85.0,27.0,1.0324530862081571,0.5833333333333333
2019-12-01,2020-02-29,Zip Code: 98109,Condo/Co-op,500000.0,484497.5,573.8880918220947,31.0,42.0,26.0,0.9942392042646688,0.2258064516129032
2020-11-01,2021-01-31,Zip Code: 98146,Townhouse,348888.0,335000.0,285.505728314239,1.0,1.0,,1.0025517241379311,1.0
2017-03-01,2017-05-31,Zip Code: 98146,Townhouse,234975.0,334950.0,213.16996595338685,4.0,6.0,,1.0257511041376104,0.5
2012-06-01,2012-08-31,Zip Code: 98126,All Residential,310000.0,319950.0,201.4813617754794,108.0,105.0,71.0,0.988276800502318,0.324074074074074
2014-06-01,2014-08-31,Zip Code: 98119,All Residential,592000.0,584975.0,374.32128423441657,116.0,112.0,54.0,0.9972208619003992,0.3275862068965517
2023-07-01,2023-09-30,Zip Code: 98109,Multi-Family (2-4 Unit),1405382.5,1375500.0,450.8773112099864,2.0,1.0,1.0,0.8851316416487967,0.0
2020-03-01,2020-05-31,Zip Code: 98109,Condo/Co-op,492500.0,522500.0,620.8525705184086,46.0,70.0,40.0,0.994215835239583,0.2391304347826087
2020-04-01,2020-06-30,Zip Code: 98105,Condo/Co-op,472000.0,464500.0,500.8416538658474,8.0,14.0,9.0,0.9655822825909104,0.125
2012-01-01,2012-03-31,Zip Code: 98126,Condo/Co-op,107000.0,139975.0,159.77443609022558,11.0,16.0,21.0,0.9853710392182546,0.3636363636363636
2021-12-01,2022-02-28,Zip Code: 98199,Single Family Residential,1235000.0,1457000.0,638.4615384615385,37.0,42.0,8.0,1.0577919939040448,0.5675675675675675
2018-01-01,2018-03-31,Zip Code: 98199,Condo/Co-op,440000.0,410500.0,469.0928270042194,14.0,18.0,4.0,1.0404798141893772,0.5
2015-11-01,2016-01-31,Zip Code: 98177,Single Family Residential,649950.0,699999.0,278.937058844394,64.0,41.0,17.0,1.0041505325474094,0.421875
2020-07-01,2020-09-30,Zip Code: 98109,Single Family Residential,1406000.0,1389000.0,581.6831683168317,37.0,53.0,24.0,1.0029931815070574,0.2432432432432432
2013-04-01,2013-06-30,Zip Code: 98106,Multi-Family (2-4 Unit),229075.0,474995.0,131.5470291298106,4.0,3.0,3.0,1.0697131779776992,0.5
2022-11-01,2023-01-31,Zip Code: 98125,All Residential,700000.0,749975.0,436.3636363636364,73.0,58.0,32.0,0.9746648717801416,0.136986301369863
2012-11-01,2013-01-31,Zip Code: 98104,Condo/Co-op,255000.0,337000.0,294.8609941027801,13.0,10.0,8.0,0.9893521281778828,0.3076923076923077
2015-04-01,2015-06-30,Zip Code: 98146,Condo/Co-op,100500.0,134950.0,135.66516226090692,6.0,10.0,4.0,0.996597931980896,0.1666666666666666
2016-07-01,2016-09-30,Zip Code: 98122,Condo/Co-op,382000.0,377500.0,540.1234567901233,59.0,62.0,12.0,1.0369502720363708,0.559322033898305
2021-09-01,2021-11-30,Zip Code: 98126,Townhouse,599750.0,615000.0,457.9439252336449,45.0,33.0,3.0,1.0110865154252069,0.4222222222222222
2013-07-01,2013-09-30,Zip Code: 98126,All Residential,344990.0,339995.0,219.0315315315316,117.0,150.0,99.0,1.0025049865703333,0.376068376068376
2017-02-01,2017-04-30,Zip Code: 98105,Single Family Residential,875000.0,839950.0,426.16844325882073,58.0,85.0,17.0,1.0838235539357304,0.603448275862069
2017-07-01,2017-09-30,Zip Code: 98177,Townhouse,302000.0,597495.0,314.2559833506764,3.0,2.0,1.0,1.011270970092865,0.3333333333333333
2017-01-01,2017-03-31,Zip Code: 98126,Condo/Co-op,255000.0,297975.0,383.282208588957,11.0,12.0,3.0,1.040314950996876,0.5454545454545454
2018-03-01,2018-05-31,Zip Code: 98146,Multi-Family (2-4 Unit),557500.0,,339.9390243902439,1.0,,,1.115,1.0
2020-08-01,2020-10-31,Zip Code: 98177,All Residential,890000.0,850000.0,402.2701149425287,115.0,123.0,22.0,1.0283695297529287,0.4608695652173913
2020-09-01,2020-11-30,Zip Code: 98177,Condo/Co-op,620994.0,639000.0,376.27572553430815,8.0,3.0,1.0,0.9895627154115632,0.125
2016-06-01,2016-08-31,Zip Code: 98109,All Residential,501000.0,513944.0,489.31016324381255,131.0,130.0,42.0,1.0123621996245884,0.4503816793893129
2013-07-01,2013-09-30,Zip Code: 98126,Townhouse,329990.0,309990.0,221.25,16.0,21.0,11.0,1.0168662755243407,0.4375
2017-03-01,2017-05-31,Zip Code: 98118,Multi-Family (2-4 Unit),500000.0,542500.0,178.57142857142858,1.0,2.0,2.0,0.980392156862745,0.0
2013-03-01,2013-05-31,Zip Code: 98117,Condo/Co-op,295750.0,232250.0,312.8997867803838,6.0,14.0,6.0,0.9884643402483873,0.1666666666666666
2022-01-01,2022-03-31,Zip Code: 98146,Condo/Co-op,277500.0,324975.0,316.87889533634205,2.0,4.0,2.0,1.0111111111111113,0.5
2019-01-01,2019-03-31,Zip Code: 98177,Condo/Co-op,527500.0,899990.0,341.10626557493765,8.0,14.0,7.0,0.9815998429778786,0.125
2014-03-01,2014-05-31,Zip Code: 98125,Single Family Residential,425000.0,425000.0,237.5,91.0,123.0,36.0,1.0231247361863334,0.5054945054945054
2017-04-01,2017-06-30,Zip Code: 98136,All Residential,695000.0,645000.0,373.92996108949416,111.0,117.0,28.0,1.0619247922343094,0.6486486486486486
2020-03-01,2020-05-31,Zip Code: 98116,Townhouse,680000.0,697000.0,469.0346083788707,17.0,28.0,10.0,1.0065279897122492,0.4705882352941176
2016-07-01,2016-09-30,Zip Code: 98112,Condo/Co-op,446000.0,599500.0,563.75,25.0,18.0,9.0,1.0020524026633235,0.28
2014-11-01,2015-01-31,Zip Code: 98144,Townhouse,370000.0,399950.0,303.0,17.0,23.0,5.0,1.0031947174501614,0.2941176470588235
2014-07-01,2014-09-30,Zip Code: 98199,Condo/Co-op,205000.0,235000.0,290.398040884002,18.0,23.0,12.0,1.0021556526221709,0.3333333333333333
2014-11-01,2015-01-31,Zip Code: 98133,All Residential,331000.0,318000.0,227.1062271062271,155.0,123.0,64.0,0.9960542040291392,0.2774193548387096
2018-12-01,2019-02-28,Zip Code: 98105,Townhouse,762500.0,710000.0,598.5128450506031,12.0,4.0,1.0,0.9813038179606102,0.0
2018-08-01,2018-10-31,Zip Code: 98133,Condo/Co-op,291500.0,300000.0,363.6996904024768,31.0,47.0,25.0,0.9973915799492296,0.2580645161290322
2015-11-01,2016-01-31,Zip Code: 98136,Townhouse,520000.0,535000.0,327.21904933219406,6.0,3.0,,1.0012728967292912,0.1666666666666666
2016-02-01,2016-04-30,Zip Code: 98122,Townhouse,650000.0,622450.0,410.2911978821972,35.0,38.0,13.0,1.0109966256683312,0.4
2022-03-01,2022-05-31,Zip Code: 98112,Multi-Family (2-4 Unit),1420000.0,1750000.0,488.5641116213352,2.0,3.0,,0.9384169884169884,0.0
2012-03-01,2012-05-31,Zip Code: 98108,Townhouse,230000.0,279900.0,180.2721088435374,5.0,10.0,6.0,0.9832881149842428,0.2
2022-06-01,2022-08-31,Zip Code: 98109,Townhouse,985000.0,1045000.0,726.5268558225146,12.0,23.0,12.0,1.0005809563239738,0.25
2019-08-01,2019-10-31,Zip Code: 98115,Single Family Residential,799000.0,799999.0,428.57142857142856,149.0,151.0,54.0,0.9983664722260382,0.3154362416107382
2021-11-01,2022-01-31,Zip Code: 98105,Single Family Residential,1172500.0,1132475.0,575.5020727775219,42.0,36.0,8.0,1.0486611768211274,0.5
2022-12-01,2023-02-28,Zip Code: 98105,Multi-Family (2-4 Unit),1420000.0,1295000.0,435.5828220858896,3.0,5.0,5.0,0.9634273772204804,0.0
2012-04-01,2012-06-30,Zip Code: 98122,Single Family Residential,525000.0,549250.0,258.5816062176166,55.0,68.0,37.0,1.0020436085834414,0.2727272727272727
2018-07-01,2018-09-30,Zip Code: 98108,Townhouse,631500.0,577500.0,440.6123401630462,36.0,24.0,13.0,0.9974510809675858,0.1666666666666666
2014-04-01,2014-06-30,Zip Code: 98199,Condo/Co-op,326000.0,259500.0,278.7286063569682,17.0,26.0,11.0,1.0198227055259472,0.7058823529411765
2022-10-01,2022-12-31,Zip Code: 98199,Townhouse,980000.0,898388.5,607.1428571428571,9.0,8.0,11.0,0.9884934331741496,0.2222222222222222
2023-01-01,2023-03-31,Zip Code: 98146,Single Family Residential,675000.0,742494.5,368.69131602208097,52.0,60.0,15.0,1.0079438730989962,0.3653846153846153
2021-10-01,2021-12-31,Zip Code: 98125,Condo/Co-op,352500.0,330000.0,355.60995778387087,26.0,19.0,2.0,1.0013726193968502,0.3076923076923077
2018-04-01,2018-06-30,Zip Code: 98133,Condo/Co-op,323000.0,299950.0,391.56626506024094,37.0,53.0,10.0,1.0439841836526442,0.5945945945945946
2020-06-01,2020-08-31,Zip Code: 98146,All Residential,565950.0,575000.0,323.52941176470586,107.0,127.0,39.0,1.0142732640151555,0.4672897196261682
2016-05-01,2016-07-31,Zip Code: 98116,Townhouse,620000.0,599950.0,400.64482168706405,30.0,35.0,8.0,1.0111056173729027,0.4
2015-11-01,2016-01-31,Zip Code: 98125,Single Family Residential,515000.0,487000.0,290.44834307992204,79.0,52.0,16.0,1.025372849324495,0.4683544303797468
2012-01-01,2012-03-31,Zip Code: 98105,Townhouse,417000.0,359800.0,265.86155389688975,4.0,3.0,2.0,0.9837992795754252,0.0
2015-01-01,2015-03-31,Zip Code: 98116,Condo/Co-op,325000.0,399950.0,378.5488958990536,21.0,26.0,12.0,1.0100953816507745,0.2857142857142857
2012-07-01,2012-09-30,Zip Code: 98116,Multi-Family (2-4 Unit),850000.0,275000.0,303.57142857142856,1.0,1.0,,0.9497206703910616,0.0
2018-08-01,2018-10-31,Zip Code: 98125,Townhouse,542500.0,548000.0,384.6714067051794,14.0,15.0,5.0,1.0019684502749018,0.2142857142857142
2018-12-01,2019-02-28,Zip Code: 98117,Townhouse,719975.0,639000.0,470.14948443327546,18.0,15.0,10.0,0.9831930754168904,0.1666666666666666
2022-04-01,2022-06-30,Zip Code: 98109,Multi-Family (2-4 Unit),1282500.0,1562450.0,618.44934582744,4.0,4.0,2.0,1.0021795196650083,0.5
2019-10-01,2019-12-31,Zip Code: 98105,All Residential,900000.0,815000.0,470.85201793721967,79.0,47.0,24.0,0.9853252968151492,0.2151898734177215
2015-01-01,2015-03-31,Zip Code: 98133,Multi-Family (2-4 Unit),295000.0,428500.0,178.78787878787878,3.0,2.0,1.0,1.018950527331002,0.3333333333333333
2014-04-01,2014-06-30,Zip Code: 98199,Multi-Family (2-4 Unit),561500.0,1100000.0,229.29535930467176,4.0,4.0,5.0,0.9885895003162554,0.0
2013-04-01,2013-06-30,Zip Code: 98109,Multi-Family (2-4 Unit),960000.0,719000.0,252.6315789473684,1.0,5.0,3.0,0.9696969696969696,0.0
2012-12-01,2013-02-28,Zip Code: 98126,Single Family Residential,343500.0,360000.0,202.3532668881506,68.0,77.0,42.0,0.9955817518106026,0.3529411764705882
2023-08-01,2023-10-31,Zip Code: 98105,All Residential,1150000.0,997500.0,578.9473684210526,55.0,79.0,44.0,1.0079590012147992,0.3636363636363636
2020-10-01,2020-12-31,Zip Code: 98102,Townhouse,1017500.0,949950.0,604.9888086586335,28.0,34.0,22.0,0.9807740925069452,0.0
2017-11-01,2018-01-31,Zip Code: 98199,Condo/Co-op,480000.0,430000.0,495.04950495049513,13.0,15.0,5.0,1.043631040167848,0.3846153846153846
2021-08-01,2021-10-31,Zip Code: 98177,Single Family Residential,1116800.0,1050000.0,490.7119852772026,82.0,83.0,14.0,1.0610479964991462,0.548780487804878
2023-01-01,2023-03-31,Zip Code: 98146,Multi-Family (2-4 Unit),775713.0,774713.0,376.55970873786407,1.0,1.0,,1.001290800593252,1.0
2016-04-01,2016-06-30,Zip Code: 98109,Single Family Residential,1230000.0,1182000.0,460.6796116504854,35.0,40.0,12.0,1.0345813430218758,0.4857142857142857
2020-08-01,2020-10-31,Zip Code: 98106,Townhouse,508500.0,525000.0,350.8196721311475,41.0,62.0,38.0,0.9990896772819484,0.1951219512195122
2012-08-01,2012-10-31,Zip Code: 98112,Condo/Co-op,368000.0,379444.0,379.5121951219512,15.0,12.0,16.0,0.9451447144283625,0.0666666666666666
2019-04-01,2019-06-30,Zip Code: 98199,Multi-Family (2-4 Unit),990000.0,975000.0,807.368854387203,2.0,4.0,3.0,1.0214285714285714,0.5
2017-03-01,2017-05-31,Zip Code: 98116,Single Family Residential,767500.0,700000.0,385.4498594189316,88.0,102.0,14.0,1.0840677779381114,0.75
2012-07-01,2012-09-30,Zip Code: 98125,All Residential,317000.0,319900.0,192.47192245379904,112.0,139.0,72.0,0.9920531950896002,0.2589285714285714
2013-01-01,2013-03-31,Zip Code: 98109,All Residential,399000.0,362475.0,314.50130594105724,63.0,116.0,46.0,0.9880439220452124,0.2698412698412698
2017-10-01,2017-12-31,Zip Code: 98105,All Residential,875000.0,825000.0,492.97214413493487,86.0,65.0,10.0,1.038656883049231,0.5813953488372093
2020-08-01,2020-10-31,Zip Code: 98126,Condo/Co-op,437000.0,290000.0,424.8366013071896,13.0,17.0,14.0,0.987311376820627,0.0769230769230769
2023-06-01,2023-08-31,Zip Code: 98118,Single Family Residential,823000.0,749950.0,472.1090885280252,86.0,97.0,42.0,1.0153705698010047,0.3488372093023255
2022-06-01,2022-08-31,Zip Code: 98134,Single Family Residential,1050000.0,,582.3627287853577,1.0,,,1.0,0.0
2023-04-01,2023-06-30,Zip Code: 98106,All Residential,654475.0,643975.0,469.14569118090606,86.0,132.0,45.0,1.021655398695562,0.4302325581395348
2012-02-01,2012-04-30,Zip Code: 98125,Townhouse,245000.0,229000.0,180.50541516245488,11.0,7.0,7.0,0.9809733283124212,0.0
2018-03-01,2018-05-31,Zip Code: 98106,Condo/Co-op,320000.0,309975.0,381.4064362336114,9.0,10.0,2.0,1.0415453339006393,0.5555555555555555
2023-07-01,2023-09-30,Zip Code: 98109,Single Family Residential,1700000.0,1675000.0,631.9702602230483,25.0,29.0,13.0,1.010829296762624,0.4
2013-11-01,2014-01-31,Zip Code: 98177,Single Family Residential,505000.0,519000.0,229.35989736070383,58.0,39.0,25.0,0.9872737810662764,0.2241379310344827
2017-10-01,2017-12-31,Zip Code: 98199,Multi-Family (2-4 Unit),695000.0,722250.0,391.9491525423729,2.0,2.0,,0.9657937165018085,0.5
2020-07-01,2020-09-30,Zip Code: 98126,Single Family Residential,680250.0,664500.0,403.78267092525607,138.0,174.0,49.0,1.010945261884882,0.3840579710144927
2012-06-01,2012-08-31,Zip Code: 98146,Single Family Residential,215500.0,250000.0,140.83020915548542,86.0,83.0,75.0,0.9907722930122174,0.2558139534883721
2019-05-01,2019-07-31,Zip Code: 98146,Multi-Family (2-4 Unit),1215000.0,1190000.0,245.70273003033367,1.0,1.0,,1.0210084033613445,1.0
2013-08-01,2013-10-31,Zip Code: 98116,Single Family Residential,469000.0,479000.0,251.75852573449703,78.0,89.0,36.0,1.0046644547511472,0.4102564102564102
2022-08-01,2022-10-31,Zip Code: 98106,Single Family Residential,662500.0,695000.0,457.873427672956,74.0,91.0,41.0,0.9938948317586204,0.2702702702702702
2022-04-01,2022-06-30,Zip Code: 98118,Multi-Family (2-4 Unit),520000.0,849475.0,528.9928789420143,1.0,6.0,5.0,0.9904761904761904,0.0
2018-04-01,2018-06-30,Zip Code: 98175,Condo/Co-op,377500.0,355000.0,374.50396825396825,1.0,1.0,,1.0633802816901408,1.0
2022-12-01,2023-02-28,Zip Code: 98108,Townhouse,583498.5,585000.0,465.4714126037896,12.0,13.0,7.0,0.9902559630990324,0.1666666666666666
2014-10-01,2014-12-31,Zip Code: 98146,Condo/Co-op,370250.0,225737.5,379.5813587774271,2.0,6.0,6.0,0.9823781733137182,0.0
2016-01-01,2016-03-31,Zip Code: 98116,All Residential,644000.0,634990.0,370.91631726065685,98.0,119.0,31.0,1.01292129532517,0.3877551020408163
2014-04-01,2014-06-30,Zip Code: 98126,Single Family Residential,409000.0,417990.0,240.0592590669689,106.0,143.0,50.0,1.016181384315142,0.4339622641509434
2023-04-01,2023-06-30,Zip Code: 98146,Townhouse,410000.0,620000.0,625.0,1.0,1.0,1.0,1.0251281410176272,1.0
2017-06-01,2017-08-31,Zip Code: 98108,Multi-Family (2-4 Unit),1110000.0,599500.0,244.49339207048456,1.0,1.0,1.0,0.925,0.0
2018-05-01,2018-07-31,Zip Code: 98115,Townhouse,849950.0,759950.0,595.2380952380952,15.0,21.0,8.0,1.0565330583927512,0.5999999999999999
2019-06-01,2019-08-31,Zip Code: 98199,Single Family Residential,1077000.0,1100000.0,459.6329753734938,106.0,95.0,41.0,1.001763923805846,0.3018867924528301
2012-10-01,2012-12-31,Zip Code: 98199,Townhouse,390000.0,375000.0,259.0439276485788,10.0,7.0,4.0,0.9714050858721542,0.1
2016-06-01,2016-08-31,Zip Code: 98146,Townhouse,239000.0,219750.0,189.50979307292243,2.0,6.0,3.0,1.0384615384615383,0.5
2018-02-01,2018-04-30,Zip Code: 98125,Multi-Family (2-4 Unit),850000.0,824975.0,300.0,3.0,4.0,2.0,1.0130353817504656,0.3333333333333333
2022-02-01,2022-04-30,Zip Code: 98109,All Residential,620000.0,770000.0,672.514619883041,99.0,125.0,43.0,1.0306908205305316,0.4747474747474747
2016-12-01,2017-02-28,Zip Code: 98199,Single Family Residential,757500.0,962000.0,424.49849941281366,46.0,54.0,28.0,1.0136463263337476,0.4565217391304347
2013-05-01,2013-07-31,Zip Code: 98126,Townhouse,306495.0,300000.0,225.5406015037594,16.0,17.0,10.0,1.0054953177446586,0.625
2019-11-01,2020-01-31,Zip Code: 98199,All Residential,914500.0,960000.0,449.73958333333337,88.0,65.0,27.0,0.9899035655460938,0.25
2019-06-01,2019-08-31,Zip Code: 98115,All Residential,763750.0,700000.0,445.82039520112914,240.0,267.0,117.0,1.007907255690297,0.325
2016-02-01,2016-04-30,Zip Code: 98118,Single Family Residential,467500.0,450000.0,272.4738172625497,108.0,153.0,46.0,1.0556621158856725,0.611111111111111
2019-05-01,2019-07-31,Zip Code: 98146,Townhouse,365000.0,389000.0,190.2852049910873,9.0,8.0,2.0,0.9795053913777054,0.0
2016-05-01,2016-07-31,Zip Code: 98199,Townhouse,633500.0,609475.0,391.80475914103306,8.0,12.0,5.0,1.0204840258663546,0.375
2023-06-01,2023-08-31,Zip Code: 98133,Single Family Residential,780000.0,799950.0,497.1428571428572,95.0,97.0,31.0,1.0169528685801712,0.4526315789473684
2016-06-01,2016-08-31,Zip Code: 98109,Multi-Family (2-4 Unit),1140000.0,785000.0,367.741935483871,1.0,1.0,2.0,0.8803088803088803,0.0
2022-07-01,2022-09-30,Zip Code: 98133,Townhouse,830000.0,622000.0,504.6478092068774,37.0,32.0,44.0,0.993474866487776,0.1081081081081081
2016-09-01,2016-11-30,Zip Code: 98109,Townhouse,665000.0,899900.0,500.0,9.0,19.0,4.0,1.0265677447770472,0.7777777777777777
2017-01-01,2017-03-31,Zip Code: 98199,All Residential,729975.0,799000.0,436.9565217391304,96.0,137.0,41.0,1.0342409448306586,0.5208333333333333
2016-05-01,2016-07-31,Zip Code: 98136,Single Family Residential,653500.0,642450.0,324.2654363475924,88.0,88.0,24.0,1.054423761998475,0.6477272727272727
2019-02-01,2019-04-30,Zip Code: 98125,Townhouse,525000.0,524950.0,362.0689655172413,3.0,11.0,6.0,0.9988344006126127,0.3333333333333333
2017-04-01,2017-06-30,Zip Code: 98144,Single Family Residential,750000.0,700000.0,419.2982456140351,89.0,110.0,35.0,1.0671827655256465,0.5955056179775281
2014-02-01,2014-04-30,Zip Code: 98105,Townhouse,445000.0,537450.0,309.53079982462737,10.0,6.0,1.0,1.0072347690903896,0.2999999999999999
2016-08-01,2016-10-31,Zip Code: 98105,Multi-Family (2-4 Unit),995000.0,899900.0,383.23985970273645,3.0,5.0,1.0,1.0235294117647058,0.3333333333333333
2022-04-01,2022-06-30,Zip Code: 98126,Multi-Family (2-4 Unit),1499000.0,,390.1078401762396,2.0,,,0.9170096571096392,0.0
2013-03-01,2013-05-31,Zip Code: 98115,Single Family Residential,500000.0,489900.0,252.17391304347825,155.0,185.0,59.0,1.030065269498638,0.5935483870967742
2012-01-01,2012-03-31,Zip Code: 98105,Multi-Family (2-4 Unit),380000.0,656000.0,169.64285714285714,1.0,2.0,1.0,0.9872694206287346,0.0
2017-02-01,2017-04-30,Zip Code: 98116,Multi-Family (2-4 Unit),925000.0,1057500.0,420.07100476607326,2.0,2.0,1.0,1.0070808992742075,0.5
2017-01-01,2017-03-31,Zip Code: 98177,Condo/Co-op,385000.0,385000.0,226.4705882352941,1.0,3.0,,1.0,0.0
2014-09-01,2014-11-30,Zip Code: 98102,Condo/Co-op,315000.0,349900.0,395.22998296422486,51.0,47.0,19.0,1.000483122381418,0.2549019607843137
2015-04-01,2015-06-30,Zip Code: 98112,Condo/Co-op,425000.0,425000.0,478.4688995215311,19.0,27.0,6.0,1.0239085401925303,0.4736842105263157
2019-10-01,2019-12-31,Zip Code: 98125,Condo/Co-op,297500.0,299000.0,344.25897913955043,16.0,9.0,6.0,0.9937022917585148,0.25
2021-12-01,2022-02-28,Zip Code: 98126,All Residential,690000.0,709950.0,457.6043068640646,83.0,86.0,11.0,1.051399878964954,0.5421686746987951
2014-11-01,2015-01-31,Zip Code: 98134,All Residential,219000.0,,190.43478260869568,1.0,,1.0,1.0,0.0
2023-09-01,2023-11-30,Zip Code: 98125,All Residential,712475.0,715000.0,453.66419487137,78.0,69.0,30.0,0.994451204195306,0.3333333333333333
2020-12-01,2021-02-28,Zip Code: 98125,Single Family Residential,775000.0,742450.0,428.1767955801105,79.0,56.0,14.0,1.0317768381541872,0.5189873417721518
2014-01-01,2014-03-31,Zip Code: 98122,Townhouse,453000.0,482500.0,294.06976744186045,13.0,23.0,6.0,1.0045390084455017,0.4615384615384615
2016-03-01,2016-05-31,Zip Code: 98108,Multi-Family (2-4 Unit),343950.0,249500.0,140.2707301980198,2.0,1.0,,1.060130260521042,0.5
2016-02-01,2016-04-30,Zip Code: 98105,Condo/Co-op,403000.0,418000.0,470.2248485304948,14.0,21.0,6.0,1.0772799129752637,0.7857142857142857
2016-05-01,2016-07-31,Zip Code: 98119,Condo/Co-op,399997.5,389000.0,482.0712162934608,56.0,61.0,21.0,1.0249257563256162,0.5178571428571429
2014-06-01,2014-08-31,Zip Code: 98105,Single Family Residential,750250.0,699000.0,359.51988271944293,60.0,81.0,30.0,1.0318190116746544,0.4833333333333333
2016-10-01,2016-12-31,Zip Code: 98146,Condo/Co-op,192500.0,129475.0,191.8096534403901,10.0,6.0,5.0,0.9848932721966828,0.2
2014-04-01,2014-06-30,Zip Code: 98144,Condo/Co-op,240500.0,290000.0,276.20214423853247,18.0,21.0,12.0,0.9882787153133356,0.2222222222222222
2022-11-01,2023-01-31,Zip Code: 98199,Townhouse,970000.0,839950.0,566.9593852908891,7.0,9.0,10.0,0.9737427857924884,0.1428571428571428
2012-10-01,2012-12-31,Zip Code: 98133,Townhouse,242475.0,249000.0,185.3405572755418,18.0,11.0,5.0,1.01204691825443,0.3333333333333333
2016-02-01,2016-04-30,Zip Code: 98109,Multi-Family (2-4 Unit),1250000.0,1280000.0,366.56891495601167,1.0,2.0,1.0,0.925925925925926,0.0
2017-09-01,2017-11-30,Zip Code: 98109,Multi-Family (2-4 Unit),1165000.0,2488525.0,475.5102040816327,1.0,1.0,2.0,0.9748953974895396,0.0
2021-06-01,2021-08-31,Zip Code: 98107,Townhouse,807500.0,768475.0,608.5797155688623,76.0,76.0,12.0,1.021476114348571,0.4473684210526315
2014-12-01,2015-02-28,Zip Code: 98177,Single Family Residential,574475.0,645000.0,234.11806543385487,42.0,41.0,33.0,1.0003262543963007,0.4047619047619047
2019-10-01,2019-12-31,Zip Code: 98109,All Residential,654500.0,648000.0,565.8124679863811,66.0,45.0,34.0,0.9810381341461148,0.106060606060606
2021-04-01,2021-06-30,Zip Code: 98146,Single Family Residential,699750.0,648880.0,398.446658059092,126.0,149.0,21.0,1.0918218213771145,0.746031746031746
2012-12-01,2013-02-28,Zip Code: 98104,All Residential,262500.0,910000.0,293.3271535863445,14.0,8.0,10.0,0.9887780646212616,0.2857142857142857
2022-10-01,2022-12-31,Zip Code: 98115,Multi-Family (2-4 Unit),1837500.0,1450000.0,467.2503849723777,2.0,1.0,,0.9570746675758608,0.0
2021-03-01,2021-05-31,Zip Code: 98108,Multi-Family (2-4 Unit),750000.0,919995.0,232.05445544554456,1.0,1.0,2.0,1.0,0.0
2018-09-01,2018-11-30,Zip Code: 98104,Condo/Co-op,402000.0,610000.0,619.281357224552,12.0,29.0,27.0,0.9700626879433148,0.0
2017-12-01,2018-02-28,Zip Code: 98136,Multi-Family (2-4 Unit),900000.0,,335.82089552238807,1.0,,,1.000555864369094,1.0
2014-06-01,2014-08-31,Zip Code: 98106,Single Family Residential,327750.0,337375.0,189.85587824873537,86.0,92.0,48.0,1.0016621534045616,0.3488372093023255
2022-05-01,2022-07-31,Zip Code: 98108,Single Family Residential,802000.0,750000.0,433.26666666666665,63.0,79.0,24.0,1.0256775003274083,0.5396825396825397
2013-10-01,2013-12-31,Zip Code: 98178,All Residential,231500.0,235000.0,152.078192524121,74.0,77.0,71.0,0.9950733152885978,0.3108108108108108
2015-02-01,2015-04-30,Zip Code: 98106,Condo/Co-op,219750.0,289900.0,214.07146624979444,4.0,5.0,2.0,1.1572112135880923,0.75
2020-05-01,2020-07-31,Zip Code: 98126,Multi-Family (2-4 Unit),630000.0,,357.95454545454544,1.0,,,0.9012875536480686,0.0
2019-03-01,2019-05-31,Zip Code: 98107,Townhouse,745000.0,735000.0,524.4111939455236,60.0,91.0,36.0,0.994593783637522,0.1499999999999999
2017-07-01,2017-09-30,Zip Code: 98108,Townhouse,512500.0,582750.0,394.8906689759689,12.0,16.0,4.0,1.0358764015820323,0.6666666666666666
2022-06-01,2022-08-31,Zip Code: 98115,Condo/Co-op,476000.0,479000.0,535.7142857142857,41.0,47.0,9.0,1.021126789944498,0.3902439024390244
2016-03-01,2016-05-31,Zip Code: 98144,Multi-Family (2-4 Unit),700000.0,799000.0,322.38805970149247,9.0,7.0,3.0,1.0396645217576572,0.5555555555555555
2021-01-01,2021-03-31,Zip Code: 98118,All Residential,660000.0,699990.0,416.3522012578616,137.0,171.0,51.0,1.0321185489353368,0.4525547445255474
2022-09-01,2022-11-30,Zip Code: 98119,Condo/Co-op,454750.0,469475.0,595.5521381676228,36.0,42.0,20.0,0.9913255604281396,0.3055555555555555
2014-08-01,2014-10-31,Zip Code: 98106,Condo/Co-op,165500.0,179950.0,172.627512181797,6.0,3.0,1.0,1.0000284258847818,0.3333333333333333
2018-01-01,2018-03-31,Zip Code: 98125,Condo/Co-op,364500.0,299950.0,319.5876288659793,15.0,28.0,7.0,1.081241824656047,0.7333333333333332
2014-09-01,2014-11-30,Zip Code: 98125,Condo/Co-op,183000.0,199950.0,167.6086956521739,20.0,13.0,7.0,0.9816789049065132,0.1499999999999999
2013-08-01,2013-10-31,Zip Code: 98146,All Residential,320500.0,297000.0,180.79298418972328,96.0,126.0,103.0,0.9936654032037792,0.3125
2015-02-01,2015-04-30,Zip Code: 98146,All Residential,300000.0,335500.0,182.8656145384984,108.0,129.0,49.0,1.0035699262634277,0.3703703703703703
2017-10-01,2017-12-31,Zip Code: 98146,Multi-Family (2-4 Unit),955750.0,,193.27603640040445,1.0,,,1.0620034446358133,1.0
2018-02-01,2018-04-30,Zip Code: 98109,Condo/Co-op,563492.5,550000.0,694.721622612308,58.0,77.0,20.0,1.0631875340021335,0.6551724137931034
2014-10-01,2014-12-31,Zip Code: 98125,Multi-Family (2-4 Unit),570000.0,525000.0,178.125,1.0,3.0,1.0,0.9844559585492229,0.0
2019-09-01,2019-11-30,Zip Code: 98118,Townhouse,464975.0,532475.0,384.594017094017,30.0,28.0,16.0,0.9830484983185472,0.0333333333333333
2019-08-01,2019-10-31,Zip Code: 98199,All Residential,924000.0,969000.0,442.03545685817255,132.0,123.0,62.0,0.9848105546624186,0.2348484848484848
2019-06-01,2019-08-31,Zip Code: 98146,Multi-Family (2-4 Unit),1215000.0,,245.70273003033367,1.0,,,1.0210084033613445,1.0
2022-07-01,2022-09-30,Zip Code: 98109,All Residential,813000.0,799950.0,669.6428571428571,71.0,124.0,79.0,0.9945605056854994,0.2816901408450704
2020-07-01,2020-09-30,Zip Code: 98146,Condo/Co-op,217500.0,245000.0,252.4380780438363,10.0,13.0,8.0,0.9960156746783994,0.4
2015-06-01,2015-08-31,Zip Code: 98115,Condo/Co-op,266750.0,262500.0,265.3735195870028,52.0,45.0,11.0,1.0232651055793989,0.4615384615384615
2016-06-01,2016-08-31,Zip Code: 98108,Townhouse,461425.0,428950.0,326.23645731508634,26.0,22.0,6.0,1.029711494562578,0.5769230769230768
2015-06-01,2015-08-31,Zip Code: 98109,Multi-Family (2-4 Unit),704000.0,,354.64480874316934,3.0,,,1.1279832691214302,0.6666666666666666
2021-05-01,2021-07-31,Zip Code: 98115,Multi-Family (2-4 Unit),793000.0,1744000.0,472.0238095238095,1.0,2.0,2.0,0.9329411764705882,0.0
2022-02-01,2022-04-30,Zip Code: 98109,Townhouse,1285000.0,1095000.0,764.4444444444445,13.0,17.0,5.0,1.0416952446201044,0.4615384615384615
2023-04-01,2023-06-30,Zip Code: 98116,Townhouse,820000.0,815000.0,583.7781484570476,13.0,17.0,9.0,1.009218388064548,0.3076923076923077
2019-12-01,2020-02-29,Zip Code: 98117,Condo/Co-op,349990.0,349990.0,520.123839009288,3.0,3.0,2.0,0.9913514035850606,0.0
2018-09-01,2018-11-30,Zip Code: 98126,All Residential,595000.0,585000.0,372.84038755736873,127.0,131.0,89.0,0.994347087237132,0.2047244094488188
2014-05-01,2014-07-31,Zip Code: 98109,Condo/Co-op,335000.0,349750.0,398.3935742971888,71.0,74.0,31.0,0.9897956832283834,0.2394366197183098
2012-10-01,2012-12-31,Zip Code: 98115,Condo/Co-op,206000.0,179999.0,190.3252584710588,28.0,21.0,18.0,0.9696252641503909,0.1071428571428571
2015-02-01,2015-04-30,Zip Code: 98146,Townhouse,235000.0,257850.0,153.00562000832656,2.0,3.0,1.0,0.9832209737233368,0.0
2019-10-01,2019-12-31,Zip Code: 98126,Condo/Co-op,398950.0,342400.0,449.2512479201331,15.0,12.0,9.0,0.9793282070389286,0.1333333333333333
2012-11-01,2013-01-31,Zip Code: 98115,All Residential,434312.5,439500.0,227.4115384041872,144.0,115.0,54.0,0.9936355155941752,0.3194444444444444
2021-08-01,2021-10-31,Zip Code: 98133,Single Family Residential,790000.0,749250.0,461.0951008645533,156.0,152.0,19.0,1.0418539917747285,0.5384615384615384
2015-05-01,2015-07-31,Zip Code: 98102,Townhouse,725000.0,849000.0,474.17442845046565,11.0,15.0,2.0,1.0264706938079546,0.2727272727272727
2021-12-01,2022-02-28,Zip Code: 98199,Townhouse,880000.0,849800.0,586.6666666666665,15.0,11.0,1.0,1.0198878464617145,0.4
2019-07-01,2019-09-30,Zip Code: 98125,Townhouse,495000.0,486500.0,369.8738170347003,5.0,12.0,12.0,0.9910406799949016,0.0
2017-08-01,2017-10-31,Zip Code: 98102,Multi-Family (2-4 Unit),1420000.0,1285000.0,628.3185840707964,1.0,3.0,2.0,1.1833333333333331,1.0
2022-01-01,2022-03-31,Zip Code: 98115,All Residential,1000000.0,874975.0,619.0127130630942,162.0,236.0,26.0,1.1155162080900822,0.6419753086419752
2021-05-01,2021-07-31,Zip Code: 98116,All Residential,875000.0,839950.0,529.8664772727273,188.0,197.0,59.0,1.0392976912452927,0.4734042553191489
2017-03-01,2017-05-31,Zip Code: 98177,Single Family Residential,762500.0,772250.0,347.0499419279907,74.0,90.0,25.0,1.0578313771951404,0.6216216216216216
2023-10-01,2023-12-31,Zip Code: 98107,Townhouse,835000.0,797475.0,574.8201438848921,29.0,18.0,8.0,0.9952775656679534,0.1724137931034482
2014-09-01,2014-11-30,Zip Code: 98177,Multi-Family (2-4 Unit),415000.0,,182.6584507042253,1.0,,,0.9223247027447494,0.0
2022-10-01,2022-12-31,Zip Code: 98125,Townhouse,663975.0,594919.0,490.0264700321422,4.0,8.0,10.0,0.9995039487275068,0.25
2014-07-01,2014-09-30,Zip Code: 98118,Condo/Co-op,215000.0,220000.0,287.8787878787879,5.0,6.0,4.0,0.9251618847512214,0.0
2012-10-01,2012-12-31,Zip Code: 98126,Condo/Co-op,187475.0,332250.0,213.58052984886405,20.0,8.0,5.0,0.9821153774507309,0.1499999999999999
2012-02-01,2012-04-30,Zip Code: 98112,Multi-Family (2-4 Unit),573500.0,564500.0,200.0201113861386,2.0,4.0,2.0,0.8983999999999999,0.0
2013-07-01,2013-09-30,Zip Code: 98112,Condo/Co-op,447000.0,349900.0,434.1149713747941,24.0,20.0,11.0,0.9954431958975122,0.2916666666666666
2018-04-01,2018-06-30,Zip Code: 98116,Condo/Co-op,465500.0,499000.0,569.732256979482,36.0,35.0,6.0,1.0470427425157232,0.5833333333333333
2023-03-01,2023-05-31,Zip Code: 98108,Multi-Family (2-4 Unit),803000.0,854000.0,357.9166666666667,3.0,5.0,4.0,0.9970436248521332,0.3333333333333333
2012-09-01,2012-11-30,Zip Code: 98116,Multi-Family (2-4 Unit),275000.0,275000.0,202.2058823529412,1.0,1.0,,1.0,0.0
2013-08-01,2013-10-31,Zip Code: 98107,Condo/Co-op,298625.0,305000.0,355.6121489921629,36.0,29.0,18.0,0.9911041999348212,0.25
2013-01-01,2013-03-31,Zip Code: 98199,All Residential,558600.0,562000.0,254.20725958516653,66.0,112.0,60.0,0.999724564010319,0.3181818181818181
2012-08-01,2012-10-31,Zip Code: 98102,Condo/Co-op,275250.0,284950.0,339.79357830276115,54.0,45.0,26.0,0.9985309807209056,0.3333333333333333
2019-06-01,2019-08-31,Zip Code: 98119,Single Family Residential,1270000.0,1259000.0,553.9334955393349,59.0,46.0,17.0,0.9976615455020312,0.3389830508474576
2016-08-01,2016-10-31,Zip Code: 98118,Single Family Residential,474975.0,475000.0,262.6823440643864,140.0,164.0,62.0,1.0370852823095893,0.5357142857142857
2018-02-01,2018-04-30,Zip Code: 98118,Condo/Co-op,286500.0,354700.0,322.08853238265004,4.0,8.0,5.0,1.0071770334928227,0.25
2021-04-01,2021-06-30,Zip Code: 98105,Condo/Co-op,402500.0,444500.0,532.0740224169472,22.0,25.0,8.0,1.0107776534517798,0.5
2023-01-01,2023-03-31,Zip Code: 98105,Townhouse,840000.0,827500.0,583.3333333333334,5.0,6.0,4.0,0.9975063009519312,0.2
2020-05-01,2020-07-31,Zip Code: 98107,Condo/Co-op,436375.0,442222.0,595.7166788796192,30.0,52.0,27.0,0.9949520005729076,0.2999999999999999
2022-06-01,2022-08-31,Zip Code: 98126,Townhouse,657000.0,685000.0,463.57142857142856,19.0,18.0,6.0,0.9903291615916628,0.1578947368421052
2012-12-01,2013-02-28,Zip Code: 98106,Condo/Co-op,110000.0,217450.0,99.18845807033364,1.0,2.0,,0.9734513274336282,0.0
2020-05-01,2020-07-31,Zip Code: 98105,Condo/Co-op,469000.0,469000.0,465.27777777777777,11.0,21.0,13.0,0.9688321968423832,0.0
2015-07-01,2015-09-30,Zip Code: 98116,Condo/Co-op,415000.0,425000.0,389.78930307941647,29.0,25.0,11.0,0.989311455421826,0.2413793103448276
2017-09-01,2017-11-30,Zip Code: 98199,Townhouse,706000.0,620000.0,511.63061353573687,23.0,11.0,,1.02961845734784,0.5652173913043477
2019-08-01,2019-10-31,Zip Code: 98144,Condo/Co-op,380500.0,426000.0,466.95936753779273,10.0,17.0,14.0,1.0014817813633097,0.2999999999999999
2012-04-01,2012-06-30,Zip Code: 98126,Condo/Co-op,225000.0,199000.0,222.5146871686108,14.0,15.0,14.0,0.9644524720771906,0.0714285714285714
2018-12-01,2019-02-28,Zip Code: 98133,All Residential,545500.0,592000.0,347.5403285372411,120.0,106.0,66.0,0.9903567923490626,0.1833333333333333
2016-06-01,2016-08-31,Zip Code: 98116,All Residential,635000.0,600000.0,404.0178571428572,177.0,169.0,54.0,1.0288877620660215,0.4971751412429378
2021-07-01,2021-09-30,Zip Code: 98107,Condo/Co-op,470000.0,449950.0,608.8825214899714,39.0,54.0,24.0,1.0016004819974544,0.4102564102564102
2018-10-01,2018-12-31,Zip Code: 98116,Single Family Residential,801000.0,799000.0,419.04761904761904,61.0,57.0,28.0,0.9866853314068554,0.2131147540983606
2015-12-01,2016-02-29,Zip Code: 98117,Single Family Residential,649950.0,649000.0,319.85981308411215,75.0,69.0,12.0,1.0491535172301605,0.52
2016-10-01,2016-12-31,Zip Code: 98109,Condo/Co-op,452500.0,425000.0,495.79983781115567,62.0,37.0,5.0,1.0174379110987255,0.4193548387096774
2013-12-01,2014-02-28,Zip Code: 98104,Single Family Residential,1878850.0,,494.4342105263158,1.0,,,0.7576008064516128,0.0
2018-02-01,2018-04-30,Zip Code: 98106,Single Family Residential,605000.0,549915.0,362.35693609994826,70.0,90.0,23.0,1.0768090783671451,0.6999999999999998
2022-01-01,2022-03-31,Zip Code: 98177,Townhouse,547750.0,635000.0,480.6078783122173,2.0,5.0,,1.0839236849661025,1.0
2020-03-01,2020-05-31,Zip Code: 98102,Single Family Residential,1795000.0,1695000.0,563.4110787172011,12.0,18.0,12.0,1.0098087946588103,0.4166666666666666
2022-08-01,2022-10-31,Zip Code: 98199,Townhouse,819950.0,914450.0,614.1078838174274,15.0,18.0,13.0,0.9990983036642048,0.1333333333333333
2016-09-01,2016-11-30,Zip Code: 98104,All Residential,381444.0,499000.0,464.0338790727833,20.0,23.0,20.0,0.994790669695446,0.3499999999999999
2015-07-01,2015-09-30,Zip Code: 98199,All Residential,649950.0,649950.0,341.1276050608838,120.0,129.0,53.0,1.0283853781298302,0.5
2014-03-01,2014-05-31,Zip Code: 98109,Multi-Family (2-4 Unit),775000.0,759000.0,259.1973244147157,1.0,1.0,,1.0210803689064558,1.0
2021-09-01,2021-11-30,Zip Code: 98125,Single Family Residential,844500.0,799000.0,485.10032158836685,120.0,114.0,9.0,1.062896545350746,0.5666666666666667
2023-04-01,2023-06-30,Zip Code: 98133,Condo/Co-op,374000.0,394975.0,411.888972737371,18.0,24.0,16.0,1.0107265729763577,0.5
2016-02-01,2016-04-30,Zip Code: 98199,Condo/Co-op,300000.0,307000.0,337.94162826420893,17.0,16.0,4.0,1.0280596280286851,0.4117647058823529
2015-03-01,2015-05-31,Zip Code: 98136,Townhouse,419950.0,399250.0,296.2962962962963,13.0,14.0,1.0,1.0218119976581668,0.6923076923076922
2020-02-01,2020-04-30,Zip Code: 98133,Single Family Residential,660000.0,649900.0,387.6366120218579,85.0,116.0,30.0,1.0313529443877385,0.5647058823529411
2019-09-01,2019-11-30,Zip Code: 98109,Multi-Family (2-4 Unit),1275000.0,1250000.0,368.6036426712922,1.0,3.0,2.0,0.9622641509433962,0.0
2018-04-01,2018-06-30,Zip Code: 98133,Townhouse,530000.0,529950.0,410.360884749709,23.0,31.0,9.0,1.03672772590148,0.5652173913043477
2022-12-01,2023-02-28,Zip Code: 98116,All Residential,802500.0,922500.0,573.7767818773405,52.0,48.0,20.0,0.9956119267477436,0.1923076923076923
2021-05-01,2021-07-31,Zip Code: 98126,Single Family Residential,785000.0,738000.0,443.29896907216494,115.0,109.0,17.0,1.0607034576570564,0.6695652173913043
2023-10-01,2023-12-31,Zip Code: 98115,Condo/Co-op,535000.0,437475.0,470.6730732743901,23.0,14.0,6.0,0.9889292112884288,0.1304347826086956
2020-01-01,2020-03-31,Zip Code: 98102,All Residential,600000.0,665000.0,638.9776357827476,115.0,131.0,61.0,0.9968546624006496,0.208695652173913
2013-12-01,2014-02-28,Zip Code: 98125,Townhouse,275000.0,277400.0,190.12738853503183,9.0,8.0,8.0,0.9865165521356264,0.3333333333333333
2013-12-01,2014-02-28,Zip Code: 98106,Townhouse,258000.0,250650.0,180.56078486660417,14.0,24.0,23.0,1.0027179771121753,0.3571428571428571
2023-01-01,2023-03-31,Zip Code: 98115,Condo/Co-op,550000.0,512500.0,565.583634175692,23.0,28.0,8.0,0.9966103058216312,0.1304347826086956
2014-09-01,2014-11-30,Zip Code: 98199,Multi-Family (2-4 Unit),1144500.0,,285.36991062562066,4.0,,,0.9655484841587436,0.0
2014-02-01,2014-04-30,Zip Code: 98125,Condo/Co-op,164500.0,166600.0,157.27369952619603,18.0,22.0,7.0,0.9949477119109748,0.2222222222222222
2012-10-01,2012-12-31,Zip Code: 98133,All Residential,260000.0,262900.0,178.64583333333334,129.0,76.0,53.0,0.994315324800722,0.2790697674418604
2020-12-01,2021-02-28,Zip Code: 98199,Single Family Residential,1336660.5,1275000.0,511.7878647522001,70.0,67.0,13.0,0.999241710409741,0.3142857142857142
2017-07-01,2017-09-30,Zip Code: 98146,Condo/Co-op,180500.0,175000.0,207.1845778184744,10.0,11.0,2.0,1.0315539211298523,0.5
2023-09-01,2023-11-30,Zip Code: 98146,Single Family Residential,631250.0,717500.0,443.9184952978056,54.0,58.0,23.0,0.9930016966542956,0.2777777777777777
2023-07-01,2023-09-30,Zip Code: 98199,Multi-Family (2-4 Unit),1624200.0,1970000.0,510.7547169811321,1.0,1.0,2.0,0.9048467966573815,0.0
2017-12-01,2018-02-28,Zip Code: 98122,Condo/Co-op,495500.0,507000.0,729.1141113869213,32.0,27.0,,1.0671395676562916,0.65625
2023-04-01,2023-06-30,Zip Code: 98125,All Residential,775000.0,767700.0,484.8830576155162,141.0,130.0,41.0,1.023443001499356,0.4680851063829787
2023-11-01,2024-01-31,Zip Code: 98115,Condo/Co-op,580000.0,630000.0,478.8370845103221,22.0,14.0,6.0,0.988377658889542,0.1363636363636363
2016-01-01,2016-03-31,Zip Code: 98199,Single Family Residential,851000.0,769000.0,355.86233305796503,50.0,69.0,20.0,1.0329045218671862,0.46
2022-07-01,2022-09-30,Zip Code: 98125,Condo/Co-op,386250.0,445000.0,429.8920402123249,18.0,19.0,11.0,0.9891105172399848,0.2222222222222222
2015-04-01,2015-06-30,Zip Code: 98117,Multi-Family (2-4 Unit),635000.0,699000.0,236.04651162790697,3.0,3.0,,1.0422405792161389,1.0
2013-06-01,2013-08-31,Zip Code: 98144,All Residential,390000.0,379250.0,256.30252100840335,131.0,164.0,97.0,1.0167477406668513,0.3511450381679389
2021-09-01,2021-11-30,Zip Code: 98146,Multi-Family (2-4 Unit),630000.0,637500.0,309.6330275229358,3.0,4.0,,1.0166666666666666,0.3333333333333333
2019-02-01,2019-04-30,Zip Code: 98177,Condo/Co-op,627500.0,912840.0,345.4958478635864,10.0,19.0,11.0,0.9895190661709024,0.2
2023-12-01,2024-02-29,Zip Code: 98115,Multi-Family (2-4 Unit),603225.0,520000.0,456.9886363636364,1.0,1.0,,1.160048076923077,1.0
2021-06-01,2021-08-31,Zip Code: 98126,Townhouse,605000.0,599500.0,428.6481549141396,50.0,51.0,13.0,1.0146209449320107,0.38
2013-07-01,2013-09-30,Zip Code: 98146,Condo/Co-op,141200.0,277500.0,137.48782862706912,7.0,12.0,10.0,0.9787468932229506,0.0
2016-02-01,2016-04-30,Zip Code: 98126,Townhouse,424100.0,369975.0,273.62771058469906,14.0,14.0,2.0,1.0514505220606034,0.6428571428571429
2012-02-01,2012-04-30,Zip Code: 98125,Multi-Family (2-4 Unit),175000.0,369925.0,86.848635235732,1.0,2.0,4.0,0.9215376513954712,0.0
2012-11-01,2013-01-31,Zip Code: 98146,Single Family Residential,243500.0,287000.0,154.893698823725,68.0,60.0,56.0,0.9832403171739974,0.2058823529411764
2014-11-01,2015-01-31,Zip Code: 98108,Single Family Residential,345000.0,330000.0,188.82978723404256,49.0,47.0,34.0,0.9957501028777066,0.3877551020408163
2023-08-01,2023-10-31,Zip Code: 98125,Single Family Residential,770000.0,765000.0,467.53246753246754,67.0,61.0,22.0,1.0052263182769756,0.417910447761194
2020-02-01,2020-04-30,Zip Code: 98108,All Residential,580000.0,619000.0,361.08024691358025,62.0,69.0,29.0,1.0164913771422035,0.3709677419354838
2019-09-01,2019-11-30,Zip Code: 98109,Townhouse,825000.0,875000.0,607.9587324981577,7.0,11.0,7.0,0.9756405500151324,0.1428571428571428
2021-02-01,2021-04-30,Zip Code: 98105,Townhouse,735000.0,825000.0,503.55450236966817,15.0,23.0,11.0,1.0051867875239473,0.4
2020-03-01,2020-05-31,Zip Code: 98144,Multi-Family (2-4 Unit),1600000.0,1180000.0,348.6598387448246,1.0,5.0,1.0,1.0,0.0
2022-04-01,2022-06-30,Zip Code: 98109,Single Family Residential,1950000.0,1749000.0,764.7058823529411,23.0,39.0,15.0,1.0923581414882038,0.6956521739130433
2019-02-01,2019-04-30,Zip Code: 98109,All Residential,752500.0,689975.0,598.1990461258249,82.0,126.0,68.0,0.9866761487816592,0.2073170731707317
2012-07-01,2012-09-30,Zip Code: 98109,Multi-Family (2-4 Unit),510000.0,750000.0,274.4886975242196,1.0,1.0,1.0,0.9807711168675324,0.0
2019-03-01,2019-05-31,Zip Code: 98133,Multi-Family (2-4 Unit),640200.0,974950.0,297.4907063197026,3.0,4.0,3.0,0.984420786154568,0.0
2017-02-01,2017-04-30,Zip Code: 98194,All Residential,600000.0,625000.0,666.6666666666665,1.0,1.0,,0.96,0.0
2019-06-01,2019-08-31,Zip Code: 98118,Single Family Residential,629950.0,616500.0,378.7878787878788,123.0,137.0,87.0,0.994660505820196,0.3089430894308943
2016-03-01,2016-05-31,Zip Code: 98133,Single Family Residential,500000.0,474900.0,286.6666666666667,139.0,139.0,20.0,1.067543019015575,0.6474820143884891
2021-05-01,2021-07-31,Zip Code: 98126,Condo/Co-op,359500.0,350000.0,447.7967379385965,22.0,19.0,7.0,1.001226393322966,0.2272727272727272
2014-07-01,2014-09-30,Zip Code: 98107,Multi-Family (2-4 Unit),630000.0,787500.0,250.5853658536585,5.0,4.0,1.0,1.037387242807266,0.4
2018-02-01,2018-04-30,Zip Code: 98117,Multi-Family (2-4 Unit),1200000.0,997500.0,,1.0,2.0,,1.0,0.0
2022-07-01,2022-09-30,Zip Code: 98117,Condo/Co-op,725000.0,813500.0,666.6190476190476,17.0,14.0,5.0,1.0032983425827164,0.2352941176470588
2016-05-01,2016-07-31,Zip Code: 98133,All Residential,447450.0,425000.0,292.9577464788732,237.0,261.0,58.0,1.0534845598036433,0.6075949367088607
2022-08-01,2022-10-31,Zip Code: 98126,All Residential,740000.0,724000.0,462.0689655172413,97.0,112.0,43.0,0.9884681360374066,0.1958762886597938
2017-05-01,2017-07-31,Zip Code: 98109,Condo/Co-op,503000.0,467500.0,622.8071644958188,84.0,80.0,12.0,1.0751318680283233,0.6547619047619047
2019-08-01,2019-10-31,Zip Code: 98144,Single Family Residential,862500.0,828500.0,406.25019543125165,64.0,58.0,37.0,0.9886543599371604,0.21875
2015-02-01,2015-04-30,Zip Code: 98126,Condo/Co-op,264000.0,235000.0,308.13953488372096,17.0,15.0,3.0,1.0184177814734048,0.2352941176470588
2019-05-01,2019-07-31,Zip Code: 98115,Single Family Residential,858000.0,845000.0,445.7692307692308,169.0,225.0,79.0,1.019422404419846,0.4260355029585798
2016-10-01,2016-12-31,Zip Code: 98116,Single Family Residential,685000.0,714316.0,322.16494845360825,69.0,33.0,17.0,1.0077430094016593,0.4347826086956521
2015-12-01,2016-02-29,Zip Code: 98146,Multi-Family (2-4 Unit),450000.0,,139.92537313432837,1.0,,,0.9475679090334808,0.0
2013-04-01,2013-06-30,Zip Code: 98177,Townhouse,277500.0,295000.0,200.6704980842912,4.0,1.0,,0.9554167522352632,0.0
2012-04-01,2012-06-30,Zip Code: 98105,Condo/Co-op,259888.0,269000.0,277.8875004747617,17.0,25.0,17.0,0.976372443808547,0.1764705882352941
2018-08-01,2018-10-31,Zip Code: 98199,Single Family Residential,1067500.0,999500.0,437.2523387393276,70.0,93.0,38.0,0.987474450423643,0.2714285714285714
2012-12-01,2013-02-28,Zip Code: 98108,Single Family Residential,278000.0,279950.0,159.84396200814112,47.0,39.0,24.0,0.9930010571307268,0.2340425531914893
2014-10-01,2014-12-31,Zip Code: 98146,Single Family Residential,283850.0,275000.0,161.7444080741953,68.0,51.0,48.0,0.9894641566824628,0.2058823529411764
2012-10-01,2012-12-31,Zip Code: 98177,All Residential,486500.0,415000.0,199.4094488188977,70.0,43.0,45.0,0.9764884319319318,0.1571428571428571
2013-04-01,2013-06-30,Zip Code: 98113,Single Family Residential,408000.0,,370.9090909090909,1.0,,,1.0597402597402596,1.0
2023-07-01,2023-09-30,Zip Code: 98199,Single Family Residential,1337000.0,1299989.5,642.6783398184177,62.0,68.0,29.0,1.002275154538259,0.3709677419354838
2022-04-01,2022-06-30,Zip Code: 98177,Single Family Residential,1161250.0,1099900.0,591.8214609071526,80.0,105.0,26.0,1.1050838591109682,0.7375
2023-12-01,2024-02-29,Zip Code: 98146,All Residential,650000.0,697000.0,343.9153439153439,47.0,40.0,15.0,1.0077303981273693,0.2340425531914893
2019-08-01,2019-10-31,Zip Code: 98133,All Residential,571750.0,559900.0,352.18531468531467,168.0,189.0,110.0,0.9899450360014868,0.238095238095238
2022-11-01,2023-01-31,Zip Code: 98126,All Residential,699000.0,679975.0,429.44785276073617,75.0,54.0,21.0,0.9806830233785124,0.2
2016-09-01,2016-11-30,Zip Code: 98178,Multi-Family (2-4 Unit),560500.0,,145.96354166666666,1.0,,,1.019090909090909,1.0
2023-11-01,2024-01-31,Zip Code: 98146,Multi-Family (2-4 Unit),648100.0,,247.3664122137405,1.0,,,0.997076923076923,0.0
2020-02-01,2020-04-30,Zip Code: 98105,Condo/Co-op,525000.0,512475.0,536.4055299539169,9.0,10.0,5.0,0.9748765106595294,0.1111111111111111
2018-10-01,2018-12-31,Zip Code: 98199,Condo/Co-op,451000.0,513250.0,463.9309366130557,12.0,12.0,7.0,0.9822937521011949,0.0
2023-10-01,2023-12-31,Zip Code: 98177,Townhouse,595000.0,,468.503937007874,1.0,,,0.952,0.0
2021-08-01,2021-10-31,Zip Code: 98144,Multi-Family (2-4 Unit),2132500.0,1072500.0,411.0633512194657,4.0,6.0,1.0,0.9886704143123056,0.25
2017-01-01,2017-03-31,Zip Code: 98178,Single Family Residential,427500.0,459950.0,221.05263157894737,69.0,79.0,24.0,1.007616354125458,0.4347826086956521
2012-08-01,2012-10-31,Zip Code: 98109,Townhouse,495000.0,589450.0,332.0610687022901,9.0,8.0,4.0,0.9397113204793804,0.1111111111111111
2016-07-01,2016-09-30,Zip Code: 98109,Multi-Family (2-4 Unit),945000.0,765000.0,385.7008923920969,2.0,2.0,1.0,0.9178614465238668,0.0
2023-04-01,2023-06-30,Zip Code: 98144,Condo/Co-op,463050.0,530450.0,614.7604365487201,18.0,26.0,15.0,0.9970509539863696,0.1111111111111111
2018-11-01,2019-01-31,Zip Code: 98136,Townhouse,567500.0,649000.0,394.9979226934203,12.0,10.0,6.0,0.9839943726294704,0.1666666666666666
2022-02-01,2022-04-30,Zip Code: 98126,Single Family Residential,907500.0,850000.0,545.4245843230403,72.0,90.0,12.0,1.1548860387200557,0.7777777777777777
2016-02-01,2016-04-30,Zip Code: 98107,Condo/Co-op,393750.0,374900.0,526.6241651487553,146.0,77.0,9.0,1.0230637968837872,0.410958904109589
2013-07-01,2013-09-30,Zip Code: 98109,Single Family Residential,798000.0,757000.0,368.2203389830509,27.0,36.0,15.0,1.0359752328703835,0.5925925925925924
2014-08-01,2014-10-31,Zip Code: 98109,Single Family Residential,802500.0,755250.0,354.9026613788287,20.0,28.0,17.0,1.0121281886585296,0.45
2012-02-01,2012-04-30,Zip Code: 98116,Townhouse,279000.0,279000.0,242.8958051420839,11.0,7.0,3.0,0.9885098600159564,0.1818181818181818
2012-01-01,2012-03-31,Zip Code: 98125,Multi-Family (2-4 Unit),175000.0,428000.0,86.848635235732,1.0,3.0,4.0,0.9215376513954712,0.0
2019-07-01,2019-09-30,Zip Code: 98125,Multi-Family (2-4 Unit),701750.0,799950.0,425.8357558139536,2.0,3.0,4.0,0.9699089212856328,0.0
2013-02-01,2013-04-30,Zip Code: 98106,All Residential,230000.0,246108.0,161.9318181818182,75.0,108.0,58.0,0.9999928997880118,0.3333333333333333
2015-05-01,2015-07-31,Zip Code: 98105,Multi-Family (2-4 Unit),677500.0,795000.0,327.1604938271605,5.0,7.0,2.0,1.043237729153592,0.5999999999999999
2022-04-01,2022-06-30,Zip Code: 98133,Condo/Co-op,385000.0,367250.0,475.1131221719457,49.0,54.0,11.0,1.0564633380461956,0.6122448979591836
2018-07-01,2018-09-30,Zip Code: 98199,Single Family Residential,1050000.0,999750.0,434.6596189591078,74.0,96.0,54.0,0.9967629808052196,0.3243243243243243
2018-05-01,2018-07-31,Zip Code: 98146,All Residential,545000.0,549850.0,295.7552922976714,118.0,141.0,49.0,1.0246873149291127,0.4915254237288135
2019-05-01,2019-07-31,Zip Code: 98109,All Residential,633000.0,624500.0,616.8570068628244,102.0,138.0,81.0,0.9827862354573456,0.1176470588235294
2015-08-01,2015-10-31,Zip Code: 98126,Single Family Residential,451000.0,485000.0,290.85806610690787,84.0,101.0,30.0,1.0284797259180412,0.5476190476190476
2016-12-01,2017-02-28,Zip Code: 98146,Townhouse,285177.5,259950.0,187.91678945073184,2.0,3.0,,1.0638516655300845,0.5
2014-05-01,2014-07-31,Zip Code: 98108,All Residential,310000.0,329900.0,202.6315789473684,87.0,91.0,38.0,0.9984150804060902,0.3218390804597701
2021-12-01,2022-02-28,Zip Code: 98125,Single Family Residential,837500.0,843900.0,491.2793480920416,50.0,44.0,8.0,1.061547927115341,0.5999999999999999
2015-01-01,2015-03-31,Zip Code: 98199,Multi-Family (2-4 Unit),490000.0,550000.0,272.22222222222223,1.0,3.0,,0.951641095358322,0.0
2012-04-01,2012-06-30,Zip Code: 98117,Townhouse,339750.0,349000.0,245.88821344140493,8.0,15.0,4.0,0.9911078544444906,0.125
2014-03-01,2014-05-31,Zip Code: 98126,Single Family Residential,402500.0,399990.0,232.15866186133172,98.0,125.0,51.0,1.0092717309362764,0.4387755102040816
2023-07-01,2023-09-30,Zip Code: 98146,Single Family Residential,652350.0,727500.0,439.655172413793,61.0,72.0,22.0,1.0046111078023927,0.360655737704918
2012-05-01,2012-07-31,Zip Code: 98136,Townhouse,270000.0,374950.0,190.3416071029708,10.0,7.0,4.0,0.993705409434516,0.2999999999999999
2019-02-01,2019-04-30,Zip Code: 98177,Townhouse,460000.0,537497.5,372.4696356275304,3.0,6.0,2.0,1.00448343079922,0.3333333333333333
2018-09-01,2018-11-30,Zip Code: 98177,Single Family Residential,767500.0,838000.0,367.6222596964586,59.0,73.0,35.0,0.9840998580809132,0.3220338983050847
2023-06-01,2023-08-31,Zip Code: 98177,Condo/Co-op,388500.0,342475.0,422.2648752399232,3.0,4.0,,1.0189842990874678,0.6666666666666666
2014-07-01,2014-09-30,Zip Code: 98108,Townhouse,254975.0,249950.0,204.40685045948203,10.0,1.0,1.0,1.0127515877754527,0.1
2020-05-01,2020-07-31,Zip Code: 98199,Condo/Co-op,428000.0,440000.0,457.6276881720431,18.0,25.0,11.0,1.0046453695354558,0.3333333333333333
2023-01-01,2023-03-31,Zip Code: 98106,Multi-Family (2-4 Unit),692688.0,,293.51186440677964,1.0,,,0.9249554005405348,0.0
2022-03-01,2022-05-31,Zip Code: 98122,Townhouse,935000.0,923950.0,663.1708821714991,61.0,61.0,12.0,1.0454469595691114,0.5245901639344261
2022-06-01,2022-08-31,Zip Code: 98146,All Residential,705000.0,675000.0,425.1700680272109,95.0,107.0,41.0,1.026890586209286,0.5157894736842105
2023-03-01,2023-05-31,Zip Code: 98107,Multi-Family (2-4 Unit),1265000.0,1412500.0,406.5377532228361,6.0,6.0,3.0,0.9434013522802692,0.0
2019-04-01,2019-06-30,Zip Code: 98109,All Residential,638000.0,646725.0,611.3801452784504,107.0,148.0,95.0,0.9880492540820446,0.130841121495327
2021-09-01,2021-11-30,Zip Code: 98146,All Residential,630000.0,604950.0,394.7368421052632,123.0,118.0,15.0,1.0482428273170603,0.6097560975609756
2013-10-01,2013-12-31,Zip Code: 98109,All Residential,432975.0,382444.0,361.3312565852765,100.0,70.0,41.0,0.9897811208716344,0.2399999999999999
2020-01-01,2020-03-31,Zip Code: 98106,All Residential,585900.0,565450.0,355.87188612099646,101.0,120.0,59.0,1.0083247695744426,0.3366336633663366
2021-06-01,2021-08-31,Zip Code: 98199,Condo/Co-op,395000.0,387000.0,518.9772755149602,30.0,36.0,17.0,1.0258059802726094,0.4
2022-04-01,2022-06-30,Zip Code: 98177,Condo/Co-op,885000.0,949950.0,404.9625148506739,2.0,7.0,1.0,1.0158718337493422,1.0
2021-08-01,2021-10-31,Zip Code: 98109,Townhouse,1018000.0,1067000.0,692.0289855072464,17.0,12.0,8.0,0.9981166813581134,0.2352941176470588
2021-01-01,2021-03-31,Zip Code: 98125,Single Family Residential,790000.0,760000.0,439.14473684210526,67.0,79.0,15.0,1.0772070265527665,0.6716417910447761
2015-03-01,2015-05-31,Zip Code: 98199,Multi-Family (2-4 Unit),620000.0,662475.0,289.8936170212766,5.0,6.0,1.0,1.0157214683136178,0.2
2015-02-01,2015-04-30,Zip Code: 98199,Townhouse,546150.0,527000.0,343.8171995394562,12.0,20.0,3.0,1.0445114958022226,0.5
2014-09-01,2014-11-30,Zip Code: 98108,All Residential,352000.0,340000.0,183.8842975206612,69.0,67.0,40.0,0.9989423894992832,0.3768115942028985
2014-09-01,2014-11-30,Zip Code: 98146,Single Family Residential,317500.0,327450.0,169.38227664836822,76.0,58.0,56.0,0.9929968665268328,0.2894736842105263
2015-06-01,2015-08-31,Zip Code: 98146,Townhouse,230000.0,256950.0,115.4039136979428,1.0,1.0,1.0,0.8918185343156261,0.0
2019-08-01,2019-10-31,Zip Code: 98199,Condo/Co-op,428000.0,459500.0,419.72477064220186,21.0,12.0,8.0,0.9841783503713144,0.1428571428571428
2016-07-01,2016-09-30,Zip Code: 98177,Condo/Co-op,223000.0,234000.0,243.15068493150685,5.0,6.0,2.0,1.0230558648014878,0.4
2021-11-01,2022-01-31,Zip Code: 98133,All Residential,711250.0,711225.0,444.00367575387753,202.0,148.0,14.0,1.0290394546392885,0.4801980198019801
2014-07-01,2014-09-30,Zip Code: 98146,All Residential,284000.0,290000.0,186.6725768321513,108.0,111.0,86.0,0.9939548972324496,0.324074074074074
2023-05-01,2023-07-31,Zip Code: 98109,Multi-Family (2-4 Unit),1500000.0,1399000.0,478.9272030651341,1.0,3.0,2.0,0.8333333333333333,0.0
2013-08-01,2013-10-31,Zip Code: 98194,All Residential,715000.0,,409.74212034383953,1.0,,,0.8959899749373433,0.0
2022-05-01,2022-07-31,Zip Code: 98126,All Residential,762000.0,709000.0,500.0,135.0,158.0,44.0,1.0393718076291238,0.511111111111111
2021-04-01,2021-06-30,Zip Code: 98125,All Residential,796313.0,734950.0,470.7266843189173,183.0,220.0,30.0,1.1092764255332062,0.7595628415300546
2014-05-01,2014-07-31,Zip Code: 98108,Multi-Family (2-4 Unit),254000.0,,168.21192052980132,1.0,,,0.9771109828813233,0.0
2016-06-01,2016-08-31,Zip Code: 98126,All Residential,483750.0,464500.0,338.5904976980676,176.0,182.0,38.0,1.041781241610252,0.5568181818181817
2020-11-01,2021-01-31,Zip Code: 98109,Single Family Residential,1225000.0,1315000.0,500.0,21.0,14.0,6.0,0.9890063803648133,0.1904761904761904
2017-02-01,2017-04-30,Zip Code: 98125,All Residential,547000.0,515000.0,329.96926840911806,88.0,123.0,24.0,1.0904579152203815,0.75
2012-09-01,2012-11-30,Zip Code: 98105,Townhouse,449000.0,458450.0,279.7619047619048,5.0,4.0,,0.9882528738349352,0.2
2012-01-01,2012-03-31,Zip Code: 98199,Townhouse,330000.0,795000.0,235.7142857142857,1.0,7.0,4.0,0.9850746268656716,0.0
2015-07-01,2015-09-30,Zip Code: 98177,Condo/Co-op,399000.0,274925.0,243.117626027887,7.0,4.0,2.0,1.0103718759589086,0.5714285714285714
2019-04-01,2019-06-30,Zip Code: 98177,Townhouse,446750.0,309000.0,376.77934746047765,6.0,3.0,1.0,0.992369039090526,0.1666666666666666
2022-05-01,2022-07-31,Zip Code: 98112,Condo/Co-op,665000.0,699000.0,751.1399371069181,23.0,26.0,11.0,1.02196702907901,0.5217391304347825
2022-10-01,2022-12-31,Zip Code: 98105,Condo/Co-op,432500.0,512500.0,554.6767900453443,16.0,16.0,14.0,0.9790167665467394,0.0625
2021-06-01,2021-08-31,Zip Code: 98102,Condo/Co-op,480000.0,499900.0,626.8436578171091,91.0,70.0,28.0,0.9893402589637676,0.1868131868131868
2013-09-01,2013-11-30,Zip Code: 98177,Townhouse,220000.0,222475.0,221.9979818365288,1.0,4.0,4.0,0.9777777777777776,0.0
2014-07-01,2014-09-30,Zip Code: 98115,Single Family Residential,578000.0,550000.0,291.8154761904762,166.0,195.0,50.0,1.024740583613308,0.4819277108433734
2017-02-01,2017-04-30,Zip Code: 98125,Townhouse,471000.0,435000.0,325.62125107112246,11.0,15.0,3.0,1.127728164563955,1.0
2014-01-01,2014-03-31,Zip Code: 98199,Condo/Co-op,198500.0,249500.0,258.6666666666667,5.0,14.0,7.0,0.9756546389837704,0.2
2014-03-01,2014-05-31,Zip Code: 98126,Townhouse,327750.0,306000.0,225.68285578811896,30.0,23.0,7.0,1.0045234068494648,0.3333333333333333
2015-06-01,2015-08-31,Zip Code: 98177,Townhouse,295975.0,344475.0,241.6705914590553,10.0,4.0,,1.0139261280124303,0.2999999999999999
2020-11-01,2021-01-31,Zip Code: 98116,Townhouse,637000.0,760000.0,455.7522123893805,17.0,16.0,6.0,0.987129841518202,0.0588235294117647
2023-03-01,2023-05-31,Zip Code: 98177,All Residential,947500.0,1089000.0,533.9506172839506,74.0,81.0,22.0,1.0271788465726228,0.4054054054054054
2021-01-01,2021-03-31,Zip Code: 98133,All Residential,659975.0,650000.0,418.7507474730929,168.0,198.0,32.0,1.0372002924671877,0.5
2017-10-01,2017-12-31,Zip Code: 98144,Single Family Residential,775000.0,766000.0,401.9886363636364,73.0,58.0,12.0,1.0385975690449667,0.4246575342465753
2021-03-01,2021-05-31,Zip Code: 98144,Single Family Residential,960000.0,897475.0,512.7153404429861,53.0,70.0,11.0,1.0641579903519471,0.6415094339622641
2021-07-01,2021-09-30,Zip Code: 98199,Townhouse,799000.0,789000.0,559.3093093093094,37.0,31.0,4.0,1.0131018047321787,0.2972972972972973
2019-10-01,2019-12-31,Zip Code: 98105,Multi-Family (2-4 Unit),858900.0,1549000.0,403.21601941747576,4.0,2.0,1.0,0.968041821222045,0.25
2018-05-01,2018-07-31,Zip Code: 98109,Condo/Co-op,582017.0,524950.0,665.0793650793651,73.0,75.0,26.0,1.0373149600067415,0.5890410958904109
2022-11-01,2023-01-31,Zip Code: 98126,Condo/Co-op,430750.0,575000.0,473.74997325001607,20.0,10.0,6.0,0.9797584232003668,0.1499999999999999
2021-08-01,2021-10-31,Zip Code: 98146,Single Family Residential,645000.0,600000.0,402.2988505747126,103.0,109.0,22.0,1.0397500493685603,0.58252427184466
2014-05-01,2014-07-31,Zip Code: 98118,Multi-Family (2-4 Unit),480000.0,369400.0,151.32408575031525,3.0,6.0,6.0,0.9698185177788656,0.0
2014-10-01,2014-12-31,Zip Code: 98125,All Residential,415000.0,399950.0,229.92125984251967,133.0,99.0,30.0,0.9951658321534383,0.3157894736842105
2015-04-01,2015-06-30,Zip Code: 98126,Single Family Residential,459000.0,454975.0,264.95,105.0,112.0,25.0,1.0478761515324573,0.5999999999999999
2020-08-01,2020-10-31,Zip Code: 98109,Townhouse,879950.0,839000.0,666.0796324655437,21.0,37.0,23.0,0.9934126472372896,0.238095238095238
2018-01-01,2018-03-31,Zip Code: 98109,All Residential,625000.0,630000.0,688.2919042048449,72.0,98.0,24.0,1.0595662634477838,0.625
2014-01-01,2014-03-31,Zip Code: 98199,Single Family Residential,674500.0,737000.0,296.7741935483871,58.0,76.0,32.0,0.997935956431234,0.2758620689655172
2012-01-01,2012-03-31,Zip Code: 98146,Single Family Residential,209950.0,211475.0,132.57575757575756,59.0,80.0,87.0,0.9677467011594856,0.1525423728813559
2020-10-01,2020-12-31,Zip Code: 98178,Condo/Co-op,175000.0,245000.0,297.75280898876406,5.0,5.0,1.0,1.020176979102852,0.4
2016-03-01,2016-05-31,Zip Code: 98109,Condo/Co-op,420000.0,419875.0,523.4208378797186,78.0,98.0,25.0,1.0485767329107547,0.6666666666666666
2017-01-01,2017-03-31,Zip Code: 98125,All Residential,517500.0,525000.0,317.3617113223855,76.0,91.0,16.0,1.0538406129626146,0.5789473684210527
2012-07-01,2012-09-30,Zip Code: 98105,Multi-Family (2-4 Unit),595000.0,669500.0,230.44151820294343,3.0,5.0,5.0,0.9896092453626236,0.0
2018-08-01,2018-10-31,Zip Code: 98199,Condo/Co-op,452500.0,534950.0,520.2637310538548,16.0,19.0,12.0,0.9794691788143192,0.125
2015-06-01,2015-08-31,Zip Code: 98106,Townhouse,309950.0,319495.0,227.2941176470588,43.0,40.0,7.0,1.029515177649832,0.6046511627906976
2014-10-01,2014-12-31,Zip Code: 98108,Single Family Residential,350000.0,324975.0,194.96855345911956,59.0,53.0,31.0,0.9933085215605928,0.4067796610169491
2019-07-01,2019-09-30,Zip Code: 98126,Townhouse,518000.0,569975.0,374.8807089297888,19.0,24.0,18.0,0.9913436787512248,0.2105263157894736
2016-02-01,2016-04-30,Zip Code: 98118,Condo/Co-op,198750.0,197500.0,232.4445050063092,10.0,7.0,,1.0173088423852503,0.5999999999999999
2021-12-01,2022-02-28,Zip Code: 98109,Multi-Family (2-4 Unit),965000.0,1500000.0,473.0392156862745,1.0,2.0,2.0,0.9698492462311556,0.0
2018-03-01,2018-05-31,Zip Code: 98199,All Residential,1012500.0,942000.0,489.31657595722334,110.0,144.0,40.0,1.0651826385416705,0.6272727272727273
2018-07-01,2018-09-30,Zip Code: 98109,Multi-Family (2-4 Unit),947500.0,2750000.0,539.5785876993166,1.0,1.0,2.0,0.9717948717948716,0.0
2015-09-01,2015-11-30,Zip Code: 98146,Condo/Co-op,176000.0,155000.0,173.58651466949453,10.0,9.0,5.0,1.0150103526097145,0.2
2012-03-01,2012-05-31,Zip Code: 98104,Condo/Co-op,186000.0,189000.0,287.1287128712871,21.0,17.0,19.0,0.976075637609953,0.1904761904761904
2014-10-01,2014-12-31,Zip Code: 98119,All Residential,549500.0,525000.0,372.0615243342516,70.0,57.0,36.0,0.9890224752746856,0.2428571428571428
2020-03-01,2020-05-31,Zip Code: 98118,Condo/Co-op,384850.0,344975.0,381.9057638156424,6.0,8.0,4.0,1.0046328512716396,0.3333333333333333
2013-02-01,2013-04-30,Zip Code: 98136,All Residential,429000.0,407250.0,237.749983389808,62.0,92.0,35.0,0.9956507761802682,0.3064516129032258
2023-10-01,2023-12-31,Zip Code: 98126,Multi-Family (2-4 Unit),1237500.0,,312.9742033383915,1.0,,,0.99,0.0
2017-09-01,2017-11-30,Zip Code: 98126,All Residential,568800.0,615000.0,367.59375,146.0,125.0,18.0,1.029788628404276,0.4863013698630137
2015-07-01,2015-09-30,Zip Code: 98115,Condo/Co-op,231300.0,269950.0,247.557003257329,41.0,33.0,11.0,1.0207883171622802,0.4390243902439024
2013-09-01,2013-11-30,Zip Code: 98105,Single Family Residential,582000.0,599441.5,294.6273830155979,49.0,54.0,16.0,0.9973373613790812,0.3061224489795918
2017-12-01,2018-02-28,Zip Code: 98116,All Residential,728106.0,699950.0,441.00467289719626,67.0,65.0,16.0,1.0207404044981867,0.3880597014925373
2017-09-01,2017-11-30,Zip Code: 98118,Condo/Co-op,375000.0,314500.0,407.811080835604,7.0,4.0,1.0,1.0445929653246284,0.5714285714285714
2017-08-01,2017-10-31,Zip Code: 98199,Condo/Co-op,362000.0,429980.0,470.1862311704256,16.0,21.0,2.0,1.0268193005156232,0.4375
2013-03-01,2013-05-31,Zip Code: 98106,All Residential,248499.5,259000.0,169.05080213903744,92.0,119.0,74.0,1.0052075849439033,0.3804347826086956
2013-06-01,2013-08-31,Zip Code: 98105,Single Family Residential,675000.0,591975.0,285.71428571428567,101.0,86.0,28.0,1.032723109480315,0.5445544554455445
2016-08-01,2016-10-31,Zip Code: 98106,All Residential,403000.0,407500.0,256.6,119.0,148.0,41.0,1.0247687462305173,0.5042016806722688
2012-03-01,2012-05-31,Zip Code: 98125,Multi-Family (2-4 Unit),217500.0,479950.0,93.424317617866,2.0,1.0,2.0,0.9609612073829992,0.5
2021-12-01,2022-02-28,Zip Code: 98126,Townhouse,652500.0,672500.0,464.0962710790912,26.0,18.0,,1.0141971288155986,0.3846153846153846
2019-07-01,2019-09-30,Zip Code: 98119,Condo/Co-op,436500.0,424900.0,579.9833887043188,38.0,39.0,31.0,0.9816495698109048,0.131578947368421
2021-04-01,2021-06-30,Zip Code: 98177,Single Family Residential,1100000.0,974974.5,508.7553241836252,83.0,104.0,12.0,1.1054316971215776,0.7590361445783133
2016-06-01,2016-08-31,Zip Code: 98105,All Residential,727750.0,690000.0,436.93644585867446,82.0,101.0,26.0,1.0619580424876247,0.6341463414634146
2012-03-01,2012-05-31,Zip Code: 98126,Condo/Co-op,134900.0,209950.0,166.54320987654322,13.0,15.0,12.0,0.9865493460111748,0.3076923076923077
2018-09-01,2018-11-30,Zip Code: 98125,Multi-Family (2-4 Unit),700000.0,895000.0,305.67685589519647,1.0,3.0,1.0,1.0,0.0
2014-08-01,2014-10-31,Zip Code: 98199,All Residential,628250.0,595000.0,313.17255149222365,126.0,125.0,52.0,0.9997915330044668,0.3333333333333333
2020-09-01,2020-11-30,Zip Code: 98146,Multi-Family (2-4 Unit),1875000.0,,482.0051413881748,1.0,,,0.9384384384384384,0.0
2012-03-01,2012-05-31,Zip Code: 98146,Condo/Co-op,41000.0,224970.0,71.9298245614035,1.0,6.0,6.0,0.5473965287049399,0.0
2017-10-01,2017-12-31,Zip Code: 98126,Townhouse,556490.0,599950.0,350.2058351467103,44.0,23.0,2.0,1.0040523297808717,0.3181818181818181
2020-06-01,2020-08-31,Zip Code: 98109,Townhouse,960000.0,879950.0,628.1481481481482,21.0,35.0,21.0,0.995472854551734,0.3333333333333333
2013-09-01,2013-11-30,Zip Code: 98146,Single Family Residential,313000.0,289970.0,166.66666666666666,79.0,90.0,75.0,0.9835385848112383,0.2911392405063291
2021-12-01,2022-02-28,Zip Code: 98109,Single Family Residential,1200000.0,1200000.0,613.8847517269669,16.0,13.0,3.0,1.0245995605060072,0.4375
2021-02-01,2021-04-30,Zip Code: 98199,All Residential,1100000.0,964500.0,541.3105413105412,163.0,173.0,38.0,1.0417358628183604,0.460122699386503
2018-12-01,2019-02-28,Zip Code: 98105,All Residential,800000.0,864725.0,519.3145521098937,66.0,58.0,30.0,0.98594352643394,0.2121212121212121
2013-08-01,2013-10-31,Zip Code: 98126,Condo/Co-op,174000.0,204500.0,217.3664859346329,12.0,14.0,17.0,0.9800155548313672,0.0833333333333333
2018-06-01,2018-08-31,Zip Code: 98105,Townhouse,935000.0,999475.0,575.3648971783836,3.0,8.0,3.0,1.0152859585148002,0.6666666666666666
2019-01-01,2019-03-31,Zip Code: 98125,Single Family Residential,660000.0,695000.0,380.17606781871535,61.0,72.0,34.0,0.9910038822471255,0.2622950819672131
2019-09-01,2019-11-30,Zip Code: 98199,All Residential,915000.0,975000.0,441.85393258426967,109.0,109.0,47.0,0.9894747114101116,0.3027522935779816
2020-10-01,2020-12-31,Zip Code: 98146,Condo/Co-op,245000.0,210000.0,285.2233676975945,7.0,5.0,2.0,0.987569733739868,0.1428571428571428
2017-12-01,2018-02-28,Zip Code: 98116,Single Family Residential,850000.0,799000.0,416.6666666666666,41.0,31.0,6.0,1.021247617176874,0.3902439024390244
2022-09-01,2022-11-30,Zip Code: 98109,Townhouse,1262500.0,1195000.0,740.474080638015,8.0,20.0,12.0,0.9938014567246533,0.25
2018-07-01,2018-09-30,Zip Code: 98199,Multi-Family (2-4 Unit),992012.5,1325000.0,365.5947580645161,2.0,2.0,1.0,0.992480694980695,0.0
2021-06-01,2021-08-31,Zip Code: 98133,Single Family Residential,772500.0,749950.0,452.2456838051952,158.0,177.0,29.0,1.0612847808521997,0.6518987341772152
2016-11-01,2017-01-31,Zip Code: 98199,Single Family Residential,750000.0,815000.0,399.6062992125984,61.0,39.0,17.0,1.0086208306409692,0.3934426229508196
2020-12-01,2021-02-28,Zip Code: 98146,Single Family Residential,550000.0,532500.0,331.01849776287355,80.0,68.0,11.0,1.0106404890010514,0.4749999999999999
2023-06-01,2023-08-31,Zip Code: 98122,Townhouse,777500.0,799900.0,620.4773019859443,38.0,47.0,24.0,0.9922868188928556,0.131578947368421
2013-11-01,2014-01-31,Zip Code: 98119,Single Family Residential,725000.0,749000.0,331.9656844461022,31.0,24.0,10.0,0.9879909153357264,0.2258064516129032
2023-12-01,2024-02-29,Zip Code: 98109,Condo/Co-op,480000.0,507000.0,614.8867313915857,29.0,32.0,19.0,0.9774212449163124,0.1724137931034482
2020-03-01,2020-05-31,Zip Code: 98146,Townhouse,320000.0,285450.0,252.9644268774704,3.0,2.0,1.0,1.012719298245614,0.3333333333333333
2016-02-01,2016-04-30,Zip Code: 98125,Single Family Residential,567000.0,524975.0,319.0416141235813,73.0,104.0,24.0,1.093721749613465,0.7534246575342465
2021-11-01,2022-01-31,Zip Code: 98199,All Residential,1061000.0,925000.0,548.2888072478243,84.0,55.0,12.0,1.0278810382768595,0.4642857142857143
2018-03-01,2018-05-31,Zip Code: 98126,Single Family Residential,677777.0,674999.5,415.86206896551727,101.0,152.0,31.0,1.0594674091091945,0.7227722772277227
2021-12-01,2022-02-28,Zip Code: 98116,Multi-Family (2-4 Unit),1520000.0,935000.0,560.8856088560884,1.0,4.0,4.0,0.8941176470588235,0.0
2012-06-01,2012-08-31,Zip Code: 98115,Townhouse,340000.0,349950.0,212.432915921288,7.0,11.0,6.0,0.9817390386445302,0.1428571428571428
2015-12-01,2016-02-29,Zip Code: 98109,Townhouse,699500.0,799950.0,540.4181184668989,4.0,7.0,4.0,1.0312689738919247,0.25
2023-04-01,2023-06-30,Zip Code: 98177,Condo/Co-op,476750.0,467475.0,424.0867579908676,4.0,4.0,1.0,1.045120717233066,0.75
2016-12-01,2017-02-28,Zip Code: 98112,All Residential,838000.0,889975.0,515.562363652115,70.0,74.0,33.0,1.033551184505462,0.4285714285714285
2020-12-01,2021-02-28,Zip Code: 98126,Multi-Family (2-4 Unit),1000000.0,,379.2593960661187,2.0,,,0.9744024180312532,0.0
2014-03-01,2014-05-31,Zip Code: 98199,Townhouse,489000.0,426000.0,302.3952095808383,7.0,17.0,4.0,1.0003844646203652,0.2857142857142857
2021-06-01,2021-08-31,Zip Code: 98118,All Residential,747725.0,699000.0,448.79310344827593,198.0,238.0,83.0,1.0525917513548946,0.5404040404040404
2018-05-01,2018-07-31,Zip Code: 98177,All Residential,849000.0,750000.0,383.38658146964855,99.0,111.0,38.0,1.0337812841389156,0.4747474747474747
2019-02-01,2019-04-30,Zip Code: 98106,All Residential,515000.0,567000.0,344.82758620689657,121.0,162.0,81.0,0.9955674744238608,0.28099173553719
2013-12-01,2014-02-28,Zip Code: 98126,Single Family Residential,364000.0,394975.0,217.04545454545453,61.0,60.0,27.0,0.9932598402751508,0.2786885245901639
2016-07-01,2016-09-30,Zip Code: 98109,All Residential,492500.0,527450.0,498.95833333333326,112.0,124.0,44.0,1.0117759851821817,0.4553571428571428
2023-03-01,2023-05-31,Zip Code: 98177,Townhouse,720000.0,629950.0,524.0793201133145,11.0,10.0,2.0,0.9949868026912944,0.0909090909090909
2017-09-01,2017-11-30,Zip Code: 98109,All Residential,655000.0,639000.0,592.8683851042347,94.0,111.0,20.0,1.0470238007262056,0.5638297872340425
2022-08-01,2022-10-31,Zip Code: 98126,Townhouse,647500.0,597475.0,467.43799153055056,12.0,10.0,2.0,0.9795634327416104,0.0
2015-02-01,2015-04-30,Zip Code: 98115,Single Family Residential,615500.0,596500.0,315.90038314176246,125.0,164.0,25.0,1.0705284432439792,0.696
2013-11-01,2014-01-31,Zip Code: 98126,All Residential,313495.0,369450.0,217.82178217821783,82.0,86.0,62.0,0.9873357251384864,0.2560975609756097
2020-02-01,2020-04-30,Zip Code: 98116,Single Family Residential,900000.0,865000.0,443.56120826709054,55.0,65.0,22.0,1.0357877154396506,0.6363636363636364
2013-11-01,2014-01-31,Zip Code: 98144,Multi-Family (2-4 Unit),449000.0,737000.0,192.58373205741623,5.0,2.0,3.0,0.9906104383282734,0.2
2013-03-01,2013-05-31,Zip Code: 98126,Condo/Co-op,170000.0,173000.0,206.61157024793388,9.0,19.0,12.0,0.9711522630221884,0.2222222222222222
2022-02-01,2022-04-30,Zip Code: 98122,Multi-Family (2-4 Unit),1275000.0,1230000.0,460.41520056298384,8.0,12.0,5.0,1.0025354350822169,0.25
2016-02-01,2016-04-30,Zip Code: 98115,All Residential,645000.0,649000.0,367.2566371681416,163.0,235.0,55.0,1.073677252339226,0.656441717791411
2018-04-01,2018-06-30,Zip Code: 98115,All Residential,826500.0,798000.0,481.4014345071754,208.0,272.0,60.0,1.0835177620350498,0.6778846153846154
2013-07-01,2013-09-30,Zip Code: 98146,Townhouse,111000.0,128900.0,92.5,1.0,3.0,,1.121212121212121,1.0
2014-06-01,2014-08-31,Zip Code: 98109,All Residential,400000.0,469475.0,375.49175190533487,99.0,108.0,45.0,0.9985779688057708,0.2929292929292929
2014-12-01,2015-02-28,Zip Code: 98125,Multi-Family (2-4 Unit),419950.0,506500.0,170.02024291497975,1.0,2.0,1.0,1.0,0.0
2016-06-01,2016-08-31,Zip Code: 98146,Condo/Co-op,173493.5,169950.0,190.61606557622656,10.0,13.0,5.0,1.0381478315344603,0.5
2018-01-01,2018-03-31,Zip Code: 98199,Townhouse,761127.0,725000.0,575.0,7.0,13.0,1.0,1.0817766336573076,0.8571428571428571
2018-06-01,2018-08-31,Zip Code: 98199,Single Family Residential,1050000.0,1050000.0,487.3072479224992,86.0,103.0,44.0,1.0127899756148149,0.4069767441860465
2012-01-01,2012-03-31,Zip Code: 98133,Townhouse,186000.0,215000.0,148.85496183206106,11.0,21.0,15.0,0.996421531361351,0.3636363636363636
2017-10-01,2017-12-31,Zip Code: 98177,Condo/Co-op,441000.0,512500.0,323.0118985228751,16.0,8.0,4.0,1.0099012443194917,0.375
2016-07-01,2016-09-30,Zip Code: 98133,Condo/Co-op,227500.0,230000.0,299.3456830012565,40.0,44.0,14.0,1.0193868857430672,0.4749999999999999
2022-12-01,2023-02-28,Zip Code: 98199,Condo/Co-op,445000.0,619700.0,501.7998910336239,10.0,2.0,1.0,0.9745960551109856,0.1
2023-09-01,2023-11-30,Zip Code: 98144,Townhouse,699000.0,699475.0,517.7588996763754,37.0,38.0,29.0,0.9930466654230836,0.1621621621621621
2020-02-01,2020-04-30,Zip Code: 98133,Condo/Co-op,306000.0,300000.0,378.2082791701745,34.0,41.0,18.0,0.9981347858181135,0.3529411764705882
2013-11-01,2014-01-31,Zip Code: 98146,All Residential,284995.0,324000.0,156.6759223397388,80.0,56.0,65.0,0.983078194410688,0.225
2012-10-01,2012-12-31,Zip Code: 98146,Condo/Co-op,106975.0,104400.0,156.19233763828572,4.0,3.0,4.0,1.0032624433340225,0.5
2015-07-01,2015-09-30,Zip Code: 98105,Townhouse,572475.0,542500.0,382.01231884057967,8.0,10.0,,1.0395436919290175,0.25
2014-06-01,2014-08-31,Zip Code: 98146,Condo/Co-op,134950.0,119975.0,230.2901023890785,5.0,4.0,2.0,0.9667374464940812,0.0
2019-08-01,2019-10-31,Zip Code: 98146,All Residential,501200.0,499000.0,299.3630573248408,103.0,87.0,46.0,0.9915902224317996,0.29126213592233
2019-07-01,2019-09-30,Zip Code: 98199,Townhouse,647500.0,724950.0,449.1605241605242,12.0,12.0,9.0,0.9855307569695984,0.0833333333333333
2018-05-01,2018-07-31,Zip Code: 98116,Single Family Residential,850000.0,850000.0,448.8636363636364,79.0,98.0,39.0,1.0474241720435973,0.5822784810126582
2017-08-01,2017-10-31,Zip Code: 98105,All Residential,878500.0,895000.0,519.2952640400329,100.0,120.0,29.0,1.0492913874695666,0.53
2016-06-01,2016-08-31,Zip Code: 98119,Multi-Family (2-4 Unit),819000.0,989000.0,305.30944925400627,4.0,3.0,2.0,0.97139342147145,0.0
2014-09-01,2014-11-30,Zip Code: 98108,Townhouse,294750.0,422450.0,215.24393371979687,8.0,4.0,1.0,0.9999947374691668,0.25
2018-10-01,2018-12-31,Zip Code: 98126,All Residential,572900.0,590000.0,369.26742108397855,117.0,79.0,62.0,0.9872012539032616,0.1709401709401709
2014-11-01,2015-01-31,Zip Code: 98118,Condo/Co-op,198000.0,275000.0,301.36986301369865,3.0,5.0,5.0,0.9968682774480686,0.3333333333333333
2012-07-01,2012-09-30,Zip Code: 98102,Townhouse,554000.0,599950.0,395.71428571428567,5.0,11.0,9.0,0.99978218466546,0.4
2017-10-01,2017-12-31,Zip Code: 98115,Multi-Family (2-4 Unit),835000.0,800000.0,385.5140186915888,3.0,3.0,,1.06875,1.0
2020-03-01,2020-05-31,Zip Code: 98199,Condo/Co-op,402500.0,435000.0,541.1471850007945,10.0,17.0,9.0,1.0055189507209543,0.2999999999999999
2017-08-01,2017-10-31,Zip Code: 98105,Single Family Residential,1050000.0,1024975.0,493.4844570209975,64.0,86.0,22.0,1.0554586965602697,0.5
2020-08-01,2020-10-31,Zip Code: 98126,Townhouse,519500.0,591950.0,368.6957613334935,20.0,26.0,15.0,1.001619415928811,0.4
2018-10-01,2018-12-31,Zip Code: 98136,All Residential,725000.0,688750.0,383.33333333333326,75.0,48.0,25.0,0.9836203996407216,0.1066666666666666
2019-02-01,2019-04-30,Zip Code: 98146,All Residential,459000.0,497000.0,302.5806451612903,79.0,104.0,52.0,0.9974622517643668,0.3544303797468354
2014-12-01,2015-02-28,Zip Code: 98109,Condo/Co-op,340000.0,335000.0,402.15439856373433,39.0,37.0,16.0,0.9869009435240592,0.2307692307692307
2016-09-01,2016-11-30,Zip Code: 98177,All Residential,603000.0,619950.0,294.11764705882354,91.0,85.0,33.0,1.0145934627574738,0.4835164835164835
2015-09-01,2015-11-30,Zip Code: 98105,Condo/Co-op,403000.0,449000.0,424.56479690522247,15.0,11.0,2.0,1.0157645359915788,0.4
2023-11-01,2024-01-31,Zip Code: 98117,Condo/Co-op,685000.0,579950.0,609.1112733310432,14.0,9.0,7.0,0.9974701741583732,0.3571428571428571
2018-03-01,2018-05-31,Zip Code: 98146,Single Family Residential,525000.0,579475.0,315.2173913043478,97.0,132.0,34.0,1.0461887480222405,0.5773195876288659
2012-06-01,2012-08-31,Zip Code: 98125,Townhouse,269000.0,269000.0,175.32874139010644,15.0,13.0,5.0,0.9994258945050822,0.2666666666666666
2018-08-01,2018-10-31,Zip Code: 98116,Townhouse,738888.0,749900.0,494.4827586206897,23.0,33.0,16.0,0.9914135277680328,0.0869565217391304
2022-02-01,2022-04-30,Zip Code: 98146,Townhouse,659000.0,654500.0,504.29669832654906,3.0,4.0,,1.0730462519936206,0.6666666666666666
2018-05-01,2018-07-31,Zip Code: 98109,All Residential,735000.0,749000.0,636.6666666666665,129.0,137.0,41.0,1.032814793467201,0.5736434108527132
2023-05-01,2023-07-31,Zip Code: 98199,All Residential,1109500.0,1197450.0,587.1065878213274,96.0,114.0,41.0,1.0120927671878284,0.3958333333333333
2019-07-01,2019-09-30,Zip Code: 98146,Condo/Co-op,218000.0,247500.0,266.29159332830443,8.0,7.0,3.0,0.9983436527311786,0.25
2023-09-01,2023-11-30,Zip Code: 98109,Multi-Family (2-4 Unit),1530000.0,1362750.0,421.4876033057851,1.0,2.0,1.0,1.1123227917121048,1.0
2018-07-01,2018-09-30,Zip Code: 98104,Condo/Co-op,670000.0,509475.0,727.3200010601665,14.0,22.0,19.0,1.018019132625956,0.3571428571428571
2017-08-01,2017-10-31,Zip Code: 98117,Multi-Family (2-4 Unit),842500.0,959950.0,353.5418490820618,4.0,3.0,,1.078911936937845,0.75
2014-07-01,2014-09-30,Zip Code: 98199,Single Family Residential,725500.0,724975.0,317.7570093457944,85.0,104.0,58.0,1.0051884676455891,0.388235294117647
2014-02-01,2014-04-30,Zip Code: 98125,Townhouse,304500.0,324475.0,213.67811158798284,12.0,10.0,1.0,1.0011458697172029,0.3333333333333333
2015-10-01,2015-12-31,Zip Code: 98177,Condo/Co-op,171000.0,382425.0,193.4782608695652,2.0,4.0,,0.9914285714285714,0.0
2022-05-01,2022-07-31,Zip Code: 98146,Single Family Residential,749499.5,699975.0,473.8095238095239,102.0,110.0,32.0,1.0588001954979085,0.588235294117647
2012-02-01,2012-04-30,Zip Code: 98105,Multi-Family (2-4 Unit),688000.0,688000.0,211.3794801848905,2.0,3.0,1.0,0.9956737103476234,0.5
2022-03-01,2022-05-31,Zip Code: 98177,Single Family Residential,1262000.0,1050000.0,601.8867924528302,73.0,95.0,16.0,1.1133560599552306,0.7945205479452054
2018-07-01,2018-09-30,Zip Code: 98109,Condo/Co-op,485000.0,535000.0,642.2651933701658,51.0,73.0,43.0,1.0065937636234643,0.3725490196078431
2015-10-01,2015-12-31,Zip Code: 98116,Townhouse,573500.0,609950.0,378.22529893014473,13.0,21.0,9.0,1.0154623619672687,0.4615384615384615
2023-10-01,2023-12-31,Zip Code: 98118,Townhouse,783900.0,764975.0,492.9970593815215,16.0,22.0,19.0,0.9966226247352404,0.1875
2014-11-01,2015-01-31,Zip Code: 98177,Single Family Residential,580000.0,615000.0,221.83805741932537,44.0,33.0,28.0,0.9972888514464944,0.2954545454545454
2013-06-01,2013-08-31,Zip Code: 98136,Multi-Family (2-4 Unit),399000.0,462000.0,241.8181818181818,1.0,1.0,1.0,1.0,0.0
2013-08-01,2013-10-31,Zip Code: 98109,Condo/Co-op,310000.0,313975.0,374.8831783909888,68.0,82.0,47.0,0.9864893711205456,0.1764705882352941
2015-05-01,2015-07-31,Zip Code: 98126,Multi-Family (2-4 Unit),575000.0,575000.0,256.69642857142856,1.0,1.0,,1.0,0.0
2014-10-01,2014-12-31,Zip Code: 98105,All Residential,599475.0,619500.0,321.05263157894734,92.0,54.0,21.0,0.997482835557161,0.3478260869565217
2022-07-01,2022-09-30,Zip Code: 98122,Single Family Residential,1275000.0,1185000.0,606.5363208220351,66.0,87.0,35.0,1.0045084992782227,0.2575757575757575
2023-11-01,2024-01-31,Zip Code: 98178,Condo/Co-op,270000.0,299950.0,293.1596091205212,1.0,3.0,1.0,0.9001500250041674,0.0
2022-11-01,2023-01-31,Zip Code: 98133,Single Family Residential,722500.0,738950.0,446.97943874142015,60.0,45.0,22.0,0.9914188998462352,0.2666666666666666
2022-12-01,2023-02-28,Zip Code: 98126,Condo/Co-op,452450.0,543000.0,472.0994591304034,18.0,12.0,4.0,0.9864784243585526,0.2777777777777777
2023-10-01,2023-12-31,Zip Code: 98177,Condo/Co-op,340000.0,,409.4352000954256,2.0,,,1.007909604519774,0.5
2016-10-01,2016-12-31,Zip Code: 98109,Single Family Residential,1195000.0,930000.0,476.1425655126443,24.0,18.0,2.0,1.006760631343708,0.25
2019-03-01,2019-05-31,Zip Code: 98199,Multi-Family (2-4 Unit),990000.0,1275000.0,807.368854387203,2.0,4.0,2.0,1.0214285714285714,0.5
2021-02-01,2021-04-30,Zip Code: 98146,Condo/Co-op,297000.0,295000.0,273.9130434782609,7.0,9.0,4.0,1.0365776645696547,0.5714285714285714
2014-09-01,2014-11-30,Zip Code: 98199,Single Family Residential,779000.0,727000.0,308.4415584415584,85.0,82.0,34.0,1.0016316369334632,0.388235294117647
2018-06-01,2018-08-31,Zip Code: 98177,Multi-Family (2-4 Unit),685000.0,859950.0,344.2211055276382,1.0,3.0,3.0,0.9448927512242224,0.0
2019-03-01,2019-05-31,Zip Code: 98177,Multi-Family (2-4 Unit),1040000.0,1040000.0,727.2727272727273,1.0,1.0,1.0,1.0,0.0
2016-09-01,2016-11-30,Zip Code: 98109,Single Family Residential,1195000.0,1080000.0,487.1178264879052,22.0,27.0,8.0,1.0147021362345252,0.3636363636363636
2020-03-01,2020-05-31,Zip Code: 98144,Townhouse,689000.0,650000.0,511.3680781758957,61.0,72.0,34.0,0.9980966462604371,0.2622950819672131
2018-02-01,2018-04-30,Zip Code: 98177,All Residential,885500.0,849250.0,383.9785271435052,68.0,90.0,22.0,1.0648517135252058,0.6029411764705882
2012-12-01,2013-02-28,Zip Code: 98146,All Residential,255000.0,265000.0,159.2,65.0,73.0,63.0,0.9867619403820294,0.2307692307692307
2022-06-01,2022-08-31,Zip Code: 98146,Single Family Residential,725000.0,692475.0,436.5079365079365,81.0,94.0,33.0,1.0216541062014444,0.4814814814814814
2013-06-01,2013-08-31,Zip Code: 98133,All Residential,320750.0,317450.0,205.39667724472653,202.0,246.0,119.0,1.010736549486074,0.4356435643564356
2018-08-01,2018-10-31,Zip Code: 98108,All Residential,575000.0,550000.0,379.0229712408876,88.0,113.0,61.0,0.9985314971913978,0.2727272727272727
2017-03-01,2017-05-31,Zip Code: 98194,All Residential,600000.0,,666.6666666666665,1.0,,,0.96,0.0
2023-01-01,2023-03-31,Zip Code: 98125,Townhouse,610000.0,677475.0,451.8950437317784,13.0,10.0,6.0,0.9891308978231004,0.0
2014-08-01,2014-10-31,Zip Code: 98177,Condo/Co-op,310000.0,320000.0,201.23752626050413,6.0,6.0,4.0,0.9839269451774084,0.1666666666666666
2014-07-01,2014-09-30,Zip Code: 98133,All Residential,347500.0,339000.0,224.6093527198724,192.0,243.0,115.0,1.0038151413999683,0.3645833333333333
2014-11-01,2015-01-31,Zip Code: 98118,All Residential,350000.0,379000.0,212.08530805687204,115.0,113.0,70.0,0.995622852250262,0.2782608695652173
2017-05-01,2017-07-31,Zip Code: 98119,Single Family Residential,985914.5,992664.5,487.8399875986082,68.0,68.0,12.0,1.0366018414101072,0.4558823529411764
2012-10-01,2012-12-31,Zip Code: 98146,All Residential,240000.0,255000.0,145.61084142394822,81.0,65.0,60.0,0.979738536270496,0.2098765432098765
2020-01-01,2020-03-31,Zip Code: 98122,Townhouse,774475.0,779000.0,587.0031269737729,44.0,53.0,18.0,1.0026958296457686,0.25
2016-09-01,2016-11-30,Zip Code: 98122,Townhouse,725000.0,699000.0,440.150295222759,43.0,43.0,8.0,1.0178668913491935,0.3720930232558139
2022-10-01,2022-12-31,Zip Code: 98199,Single Family Residential,1400000.0,1407500.0,571.4285714285713,51.0,32.0,15.0,0.9769122544243783,0.196078431372549
2020-06-01,2020-08-31,Zip Code: 98125,Multi-Family (2-4 Unit),925000.0,875000.0,204.64601769911505,1.0,3.0,1.0,1.0571428571428572,1.0
2013-06-01,2013-08-31,Zip Code: 98199,Single Family Residential,697000.0,692000.0,287.4363774392243,90.0,116.0,53.0,1.0073321551633994,0.3777777777777777
2021-11-01,2022-01-31,Zip Code: 98146,Condo/Co-op,230000.0,220000.0,302.44530244530245,5.0,2.0,,1.011990468210736,0.4
2012-06-01,2012-08-31,Zip Code: 98199,Single Family Residential,563000.0,579500.0,243.1318681318681,83.0,89.0,63.0,1.002350308422944,0.3734939759036144
2023-11-01,2024-01-31,Zip Code: 98177,All Residential,1060000.0,1060000.0,513.3715377268386,37.0,29.0,13.0,1.0004901795141985,0.2432432432432432
2017-12-01,2018-02-28,Zip Code: 98112,Townhouse,926250.0,772500.0,660.5373783696386,6.0,8.0,,1.063398765815148,0.5
2023-11-01,2024-01-31,Zip Code: 98178,All Residential,694400.0,754500.0,346.15384615384613,31.0,50.0,22.0,0.991837956941695,0.2258064516129032
2013-05-01,2013-07-31,Zip Code: 98199,Single Family Residential,701000.0,689000.0,287.109375,99.0,109.0,49.0,1.0133585595008283,0.4949494949494949
2013-11-01,2014-01-31,Zip Code: 98146,Single Family Residential,290500.0,324000.0,158.8015611733059,74.0,55.0,60.0,0.9819971016404409,0.2027027027027027
2015-04-01,2015-06-30,Zip Code: 98105,All Residential,726100.0,677500.0,364.7798742138365,107.0,126.0,33.0,1.046461484274522,0.5887850467289719
2012-06-01,2012-08-31,Zip Code: 98146,All Residential,213000.0,229950.0,139.6961325966851,91.0,93.0,82.0,0.9904609792741133,0.2417582417582417
2017-07-01,2017-09-30,Zip Code: 98146,Single Family Residential,480000.0,439975.0,271.0982658959538,133.0,120.0,32.0,1.0318860751141583,0.5338345864661654
2013-03-01,2013-05-31,Zip Code: 98178,Townhouse,142500.0,111100.0,142.5,2.0,2.0,2.0,1.036543940123586,0.5
2018-03-01,2018-05-31,Zip Code: 98108,Multi-Family (2-4 Unit),811000.0,424900.0,368.6363636363636,1.0,3.0,2.0,1.247711503253896,1.0
2014-07-01,2014-09-30,Zip Code: 98115,Multi-Family (2-4 Unit),645000.0,582475.0,212.17105263157896,1.0,2.0,3.0,0.977346768694598,0.0
2017-09-01,2017-11-30,Zip Code: 98125,Single Family Residential,625000.0,599000.0,353.6585365853659,123.0,101.0,9.0,1.0324509226857004,0.5284552845528455
2020-09-01,2020-11-30,Zip Code: 98125,Multi-Family (2-4 Unit),1022500.0,849000.0,281.0441998169192,2.0,5.0,4.0,0.9794719360739385,0.5
2012-02-01,2012-04-30,Zip Code: 98177,Townhouse,192500.0,197500.0,133.92903955836329,2.0,3.0,3.0,0.9746469833119384,0.0
2021-03-01,2021-05-31,Zip Code: 98105,All Residential,1027000.0,950000.0,560.563440492476,126.0,166.0,36.0,1.06278180317327,0.619047619047619
2014-11-01,2015-01-31,Zip Code: 98122,Multi-Family (2-4 Unit),481225.0,513950.0,230.4902189101072,8.0,2.0,3.0,1.0336101957918864,0.625
2012-07-01,2012-09-30,Zip Code: 98146,All Residential,210000.0,250000.0,139.6961325966851,89.0,96.0,87.0,0.9948630990859582,0.2584269662921348
2012-01-01,2012-03-31,Zip Code: 98146,Condo/Co-op,41000.0,79750.0,71.9298245614035,1.0,6.0,5.0,0.5473965287049399,0.0
2021-06-01,2021-08-31,Zip Code: 98116,Single Family Residential,975000.0,931250.0,478.57793983591614,99.0,94.0,16.0,1.0483410690261132,0.5858585858585857
2016-05-01,2016-07-31,Zip Code: 98177,Single Family Residential,697525.0,725000.0,294.10919003696927,96.0,111.0,47.0,1.0379710443857395,0.5208333333333333
2023-10-01,2023-12-31,Zip Code: 98133,Townhouse,699990.0,699000.0,463.7072503419973,45.0,25.0,12.0,0.982716270666254,0.0888888888888888
2014-01-01,2014-03-31,Zip Code: 98109,Condo/Co-op,283500.0,319950.0,334.9101229895932,53.0,65.0,25.0,0.9911412291292864,0.320754716981132
2020-11-01,2021-01-31,Zip Code: 98146,Single Family Residential,570000.0,535000.0,336.1344537815126,83.0,65.0,19.0,1.0080899908448406,0.4457831325301204
2013-05-01,2013-07-31,Zip Code: 98178,Condo/Co-op,50750.0,84600.0,58.14155498398088,2.0,2.0,1.0,0.9399651846513148,0.0
2021-05-01,2021-07-31,Zip Code: 98125,All Residential,800000.0,725000.0,475.22261623325454,220.0,229.0,39.0,1.084639049880696,0.6772727272727272
2023-11-01,2024-01-31,Zip Code: 98115,All Residential,902500.0,899000.0,528.517957274072,100.0,86.0,31.0,1.0042873922695683,0.27
2021-09-01,2021-11-30,Zip Code: 98133,Condo/Co-op,331000.0,325000.0,402.3972602739726,45.0,40.0,6.0,1.0119992114455805,0.4444444444444444
2018-12-01,2019-02-28,Zip Code: 98115,Single Family Residential,807500.0,822500.0,420.660940266212,90.0,68.0,38.0,0.9867568549544694,0.2333333333333333
2022-01-01,2022-03-31,Zip Code: 98144,Single Family Residential,1023000.0,998250.0,573.195092226614,46.0,60.0,17.0,1.0924013034964597,0.608695652173913
2022-05-01,2022-07-31,Zip Code: 98104,Condo/Co-op,405000.0,583500.0,721.5189873417721,35.0,64.0,43.0,0.9809311253474398,0.0285714285714285
2022-01-01,2022-03-31,Zip Code: 98118,Multi-Family (2-4 Unit),860000.0,900000.0,388.68616098217615,2.0,3.0,1.0,1.0006105006105006,0.5
2020-05-01,2020-07-31,Zip Code: 98136,Townhouse,565000.0,593725.0,421.259842519685,17.0,30.0,8.0,0.9958445790563714,0.3529411764705882
2022-02-01,2022-04-30,Zip Code: 98144,Single Family Residential,1040500.0,980000.0,593.925421010425,60.0,80.0,16.0,1.1085311380344691,0.6833333333333333
2020-02-01,2020-04-30,Zip Code: 98109,Condo/Co-op,492500.0,500000.0,605.0981384998734,50.0,67.0,34.0,0.9978499093613928,0.28
2022-10-01,2022-12-31,Zip Code: 98115,Single Family Residential,1100000.0,954400.0,510.1503759398496,111.0,84.0,26.0,0.9892015874628032,0.1981981981981982
2019-07-01,2019-09-30,Zip Code: 98107,Single Family Residential,850000.0,864475.0,480.8139534883721,49.0,62.0,21.0,1.0073491008844715,0.3265306122448979
2015-07-01,2015-09-30,Zip Code: 98126,All Residential,436500.0,425000.0,290.4564946321584,150.0,142.0,37.0,1.0301781164064634,0.5799999999999998
2019-09-01,2019-11-30,Zip Code: 98105,Townhouse,670000.0,675000.0,470.0413935839945,6.0,9.0,9.0,0.9800358997701196,0.0
2015-11-01,2016-01-31,Zip Code: 98146,Single Family Residential,361300.0,379900.0,192.3421276595745,67.0,44.0,26.0,1.00812108684612,0.3880597014925373
2023-05-01,2023-07-31,Zip Code: 98116,Single Family Residential,1182000.0,1070000.0,590.0,63.0,80.0,26.0,1.0371378057900589,0.5714285714285714
2020-02-01,2020-04-30,Zip Code: 98125,Townhouse,496000.0,559990.0,363.5336093256346,8.0,15.0,12.0,0.9946972579596772,0.125
2012-01-01,2012-03-31,Zip Code: 98109,Multi-Family (2-4 Unit),625000.0,765000.0,204.91803278688525,3.0,2.0,2.0,0.9737368312831864,0.0
2013-06-01,2013-08-31,Zip Code: 98108,Single Family Residential,342880.0,337950.0,186.25827814569536,79.0,82.0,41.0,1.0174080687870042,0.4810126582278481
2014-01-01,2014-03-31,Zip Code: 98108,All Residential,345000.0,299990.0,219.9043062200957,49.0,87.0,46.0,1.0033522638364285,0.3265306122448979
2015-03-01,2015-05-31,Zip Code: 98146,Single Family Residential,336750.0,389990.0,193.2938856015779,119.0,147.0,56.0,1.009878518702362,0.4789915966386554
2017-10-01,2017-12-31,Zip Code: 98199,Condo/Co-op,375000.0,429980.0,440.7582938388626,17.0,11.0,3.0,1.0454974622319713,0.4705882352941176
2012-07-01,2012-09-30,Zip Code: 98136,Single Family Residential,399000.0,437500.0,205.8823529411765,63.0,86.0,44.0,0.98483092843337,0.2857142857142857
2022-04-01,2022-06-30,Zip Code: 98122,All Residential,864500.0,883975.0,663.5686974367889,192.0,230.0,73.0,1.0397510439741964,0.5260416666666666
2016-11-01,2017-01-31,Zip Code: 98115,Multi-Family (2-4 Unit),800000.0,749475.0,253.16455696202533,1.0,2.0,,1.000062503906494,1.0
2014-10-01,2014-12-31,Zip Code: 98112,All Residential,890000.0,1035000.0,380.25168857247166,90.0,52.0,22.0,1.0029084048775478,0.2888888888888888
2023-01-01,2023-03-31,Zip Code: 98118,Townhouse,635000.0,613500.0,439.0847247990105,19.0,34.0,24.0,0.9906978229062232,0.3684210526315789
2016-04-01,2016-06-30,Zip Code: 98108,All Residential,456000.0,422450.0,282.05128205128204,115.0,112.0,27.0,1.0539537671637371,0.5304347826086957
2015-10-01,2015-12-31,Zip Code: 98146,Single Family Residential,350250.0,369950.0,199.10071942446044,84.0,56.0,33.0,0.9991164726183892,0.3214285714285714
2018-11-01,2019-01-31,Zip Code: 98133,Multi-Family (2-4 Unit),1051500.0,775000.0,292.1047881782535,2.0,3.0,3.0,0.9579310344827586,0.0
2014-04-01,2014-06-30,Zip Code: 98133,Townhouse,319500.0,310000.0,226.1305361305361,14.0,29.0,15.0,1.0015866613371427,0.4285714285714285
2014-01-01,2014-03-31,Zip Code: 98115,All Residential,512750.0,471000.0,273.65867266827166,134.0,158.0,27.0,1.0225543052750274,0.4925373134328358
2018-03-01,2018-05-31,Zip Code: 98105,Townhouse,907475.0,948950.0,662.757554945055,6.0,9.0,1.0,1.0367745598294973,0.6666666666666666
2017-11-01,2018-01-31,Zip Code: 98106,Single Family Residential,540000.0,554995.0,355.1442100731812,68.0,60.0,10.0,1.0311389579810786,0.5294117647058822
2012-04-01,2012-06-30,Zip Code: 98105,Single Family Residential,579000.0,599500.0,261.84621974726923,66.0,76.0,33.0,1.0002394168613973,0.4393939393939393
2019-01-01,2019-03-31,Zip Code: 98177,All Residential,730000.0,899990.0,344.0138839444642,57.0,84.0,42.0,0.9922422182400614,0.2807017543859649
2020-06-01,2020-08-31,Zip Code: 98115,Single Family Residential,915000.0,899975.0,470.5681040383299,169.0,192.0,48.0,1.0393930287837687,0.6094674556213017
2012-11-01,2013-01-31,Zip Code: 98146,All Residential,230000.0,285000.0,153.416149068323,75.0,67.0,61.0,0.983849625474239,0.2266666666666666
2013-06-01,2013-08-31,Zip Code: 98125,Single Family Residential,385000.0,385000.0,212.5,123.0,137.0,63.0,1.0237361794210311,0.5121951219512195
2023-04-01,2023-06-30,Zip Code: 98122,All Residential,767975.0,800000.0,612.1889518859753,124.0,180.0,70.0,1.0126898570911544,0.2419354838709677
2013-02-01,2013-04-30,Zip Code: 98177,Multi-Family (2-4 Unit),495000.0,,183.3333333333333,1.0,,,0.99009900990099,0.0
2021-10-01,2021-12-31,Zip Code: 98199,Single Family Residential,1325000.0,1250000.0,568.0622739867563,64.0,47.0,8.0,1.0375939661433329,0.46875
2019-10-01,2019-12-31,Zip Code: 98146,Single Family Residential,525000.0,530495.0,309.3454330422125,72.0,44.0,28.0,0.9896593846600154,0.2777777777777777
2023-07-01,2023-09-30,Zip Code: 98104,All Residential,394950.0,499950.0,642.1097312043344,22.0,38.0,38.0,0.9913331463108158,0.1363636363636363
2021-07-01,2021-09-30,Zip Code: 98105,Single Family Residential,1167500.0,1175000.0,533.9604591836735,92.0,89.0,13.0,1.0535012613661328,0.4891304347826087
2019-09-01,2019-11-30,Zip Code: 98133,Condo/Co-op,289500.0,298950.0,354.93786930830726,28.0,25.0,18.0,0.987558452705081,0.1785714285714285
2015-01-01,2015-03-31,Zip Code: 98125,All Residential,404000.0,404500.0,248.55769230769232,93.0,112.0,31.0,1.0035995992203082,0.2903225806451613
2014-02-01,2014-04-30,Zip Code: 98126,All Residential,379950.0,372475.0,232.6086956521739,133.0,152.0,72.0,1.0001168501260116,0.3533834586466165
2022-01-01,2022-03-31,Zip Code: 98126,Townhouse,672500.0,677500.0,488.0952380952381,22.0,30.0,2.0,1.0511954567725998,0.6363636363636364
2022-05-01,2022-07-31,Zip Code: 98178,Condo/Co-op,200000.0,249000.0,374.5318352059925,1.0,3.0,2.0,1.0,0.0
2019-05-01,2019-07-31,Zip Code: 98177,Condo/Co-op,659950.0,415000.0,294.3722943722944,13.0,19.0,10.0,1.005988276733014,0.5384615384615384
2022-12-01,2023-02-28,Zip Code: 98199,Single Family Residential,1299000.0,1235000.0,526.9784172661871,25.0,24.0,11.0,0.9782236942509605,0.28
2014-09-01,2014-11-30,Zip Code: 98109,Condo/Co-op,327500.0,365000.0,413.6229022704837,61.0,61.0,35.0,0.9949865168396618,0.2459016393442622
2019-03-01,2019-05-31,Zip Code: 98109,Townhouse,1100475.0,1015000.0,649.8921971055452,16.0,12.0,9.0,0.9908700115078488,0.125
2021-08-01,2021-10-31,Zip Code: 98118,All Residential,730000.0,700000.0,458.6206896551725,185.0,211.0,63.0,1.0399674252294848,0.4972972972972973
2019-08-01,2019-10-31,Zip Code: 98125,Single Family Residential,662000.0,732475.0,335.13710922826493,84.0,100.0,58.0,0.9957466617190676,0.2261904761904761
2015-10-01,2015-12-31,Zip Code: 98109,All Residential,525250.0,455000.0,443.6392914653784,94.0,56.0,19.0,1.0082699132896302,0.3617021276595744
2014-02-01,2014-04-30,Zip Code: 98199,Townhouse,420000.0,426000.0,307.2625698324022,9.0,11.0,3.0,0.9998352839700536,0.4444444444444444
2022-02-01,2022-04-30,Zip Code: 98146,Single Family Residential,742500.0,695500.0,428.4678158811663,82.0,116.0,25.0,1.1079538483462044,0.7439024390243902
2012-04-01,2012-06-30,Zip Code: 98146,Multi-Family (2-4 Unit),90000.0,,62.5,1.0,,,1.0112359550561798,1.0
2022-03-01,2022-05-31,Zip Code: 98109,Condo/Co-op,525000.0,530500.0,682.9983249581239,67.0,76.0,33.0,1.0198708470186133,0.4328358208955223
2018-05-01,2018-07-31,Zip Code: 98146,Condo/Co-op,225000.0,220000.0,257.679180887372,7.0,5.0,1.0,1.055592353156125,0.7142857142857143
2023-05-01,2023-07-31,Zip Code: 98117,Townhouse,830450.0,799900.0,561.0130718954249,36.0,47.0,28.0,0.9997787293821064,0.2222222222222222
2015-03-01,2015-05-31,Zip Code: 98199,Condo/Co-op,249000.0,232000.0,280.5670932866966,18.0,23.0,5.0,1.0261462495260476,0.5555555555555555
2020-07-01,2020-09-30,Zip Code: 98177,Condo/Co-op,655000.0,500000.0,384.16,9.0,4.0,,0.9828058046673418,0.1111111111111111
2022-07-01,2022-09-30,Zip Code: 98107,Multi-Family (2-4 Unit),992500.0,1399000.0,378.9351851851852,2.0,5.0,5.0,0.9766653213501728,0.0
2013-04-01,2013-06-30,Zip Code: 98106,Townhouse,255000.0,249900.0,182.40343347639484,15.0,28.0,18.0,1.0204955292312108,0.3333333333333333
2021-07-01,2021-09-30,Zip Code: 98109,Single Family Residential,1500000.0,1395000.0,673.6559139784946,23.0,27.0,8.0,1.0434884746383837,0.3913043478260869
2018-05-01,2018-07-31,Zip Code: 98133,Townhouse,532500.0,515000.0,400.62133572422135,20.0,35.0,16.0,1.0231320295334567,0.45
2016-02-01,2016-04-30,Zip Code: 98107,Single Family Residential,714750.0,699950.0,415.513034429553,46.0,50.0,10.0,1.0913883351255964,0.6304347826086956
2015-07-01,2015-09-30,Zip Code: 98105,Single Family Residential,688500.5,775000.0,371.2665827696503,60.0,68.0,21.0,1.0328452011425675,0.5333333333333333
2015-04-01,2015-06-30,Zip Code: 98105,Multi-Family (2-4 Unit),901000.0,895000.0,327.1604938271605,5.0,9.0,6.0,1.0514852066919151,0.5999999999999999
2014-09-01,2014-11-30,Zip Code: 98125,Townhouse,294000.0,309475.0,219.3952546296296,10.0,4.0,4.0,0.9711009987168948,0.2999999999999999
2012-02-01,2012-04-30,Zip Code: 98107,Townhouse,365500.0,375000.0,262.203557312253,22.0,25.0,7.0,0.9948750137183144,0.1818181818181818
2015-12-01,2016-02-29,Zip Code: 98199,Multi-Family (2-4 Unit),1220000.0,1200000.0,310.4325699745547,1.0,1.0,,0.9391839876828328,0.0
2016-02-01,2016-04-30,Zip Code: 98177,All Residential,648000.0,650000.0,284.1993456360041,66.0,97.0,31.0,1.0679069849993983,0.606060606060606
2014-05-01,2014-07-31,Zip Code: 98199,Multi-Family (2-4 Unit),458000.0,850000.0,241.1764705882353,3.0,3.0,5.0,0.984786000421674,0.0
2022-07-01,2022-09-30,Zip Code: 98199,Townhouse,799950.0,849950.0,592.5555555555555,15.0,26.0,18.0,0.9961551400875304,0.0666666666666666
2017-03-01,2017-05-31,Zip Code: 98125,Condo/Co-op,295000.0,294500.0,339.01192504258944,21.0,28.0,2.0,1.131616313062756,0.9523809523809524
2023-01-01,2023-03-31,Zip Code: 98133,Townhouse,649000.0,707475.0,454.469696969697,43.0,62.0,31.0,0.9922600002648774,0.1395348837209302
2022-04-01,2022-06-30,Zip Code: 98108,Single Family Residential,825000.0,719950.0,447.0731707317073,69.0,81.0,24.0,1.0574554608057058,0.6956521739130433
2012-08-01,2012-10-31,Zip Code: 98109,Condo/Co-op,270000.0,325000.0,311.9848477015951,48.0,42.0,34.0,0.9909401263578848,0.2291666666666666
2012-05-01,2012-07-31,Zip Code: 98115,Single Family Residential,512000.0,494975.0,240.52553951249809,150.0,176.0,59.0,1.0001138584274445,0.4199999999999999
2023-04-01,2023-06-30,Zip Code: 98107,Condo/Co-op,515500.0,489500.0,659.3713278495889,22.0,30.0,14.0,1.0232785452923332,0.4090909090909091
2016-03-01,2016-05-31,Zip Code: 98199,All Residential,720000.0,775000.0,385.71428571428567,103.0,127.0,30.0,1.0453262148204088,0.524271844660194
2021-07-01,2021-09-30,Zip Code: 98125,Townhouse,649970.0,591500.0,469.3878954607978,42.0,22.0,4.0,1.0169510526420384,0.3333333333333333
2016-10-01,2016-12-31,Zip Code: 98126,Single Family Residential,490000.0,489925.0,323.8272921108742,101.0,70.0,17.0,1.0092793789132335,0.4158415841584158
2022-06-01,2022-08-31,Zip Code: 98146,Townhouse,480000.0,,324.16473595175046,2.0,,,1.0325821517550846,1.0
2022-05-01,2022-07-31,Zip Code: 98109,Townhouse,1020000.0,1225000.0,718.3098591549297,7.0,24.0,14.0,1.0248142754282188,0.4285714285714285
2019-10-01,2019-12-31,Zip Code: 98109,Multi-Family (2-4 Unit),1275000.0,1250000.0,368.6036426712922,1.0,1.0,1.0,0.9622641509433962,0.0
2015-03-01,2015-05-31,Zip Code: 98136,All Residential,507500.0,530000.0,291.93215892053973,98.0,121.0,29.0,1.0183279064863162,0.4693877551020408
2019-07-01,2019-09-30,Zip Code: 98122,Townhouse,799000.0,849925.0,554.2291042291041,26.0,34.0,18.0,0.9962427970748108,0.1923076923076923
2014-08-01,2014-10-31,Zip Code: 98177,Multi-Family (2-4 Unit),415000.0,499000.0,182.6584507042253,1.0,1.0,,0.9223247027447494,0.0
2018-04-01,2018-06-30,Zip Code: 98146,Single Family Residential,557000.0,574500.0,306.79429429429433,108.0,139.0,44.0,1.0384530874099416,0.5462962962962962
2017-06-01,2017-08-31,Zip Code: 98116,All Residential,703500.0,679975.0,414.91707317073167,148.0,158.0,41.0,1.0502941889710882,0.581081081081081
2021-02-01,2021-04-30,Zip Code: 98109,Condo/Co-op,471250.0,504500.0,601.1134453781513,64.0,80.0,40.0,0.9917492550165384,0.21875
2020-10-01,2020-12-31,Zip Code: 98125,Single Family Residential,763750.0,694975.0,426.2457889108656,122.0,90.0,14.0,1.0250804473934243,0.4918032786885245
2014-06-01,2014-08-31,Zip Code: 98112,Condo/Co-op,345000.0,350000.0,421.875,13.0,23.0,9.0,1.000533138787953,0.4615384615384615
2022-08-01,2022-10-31,Zip Code: 98125,All Residential,749000.0,700000.0,471.3483146067416,111.0,125.0,57.0,0.9986785658370578,0.2792792792792792
2014-11-01,2015-01-31,Zip Code: 98199,Single Family Residential,729975.0,734950.0,294.0171619259495,66.0,50.0,26.0,0.9996305327816954,0.3636363636363636
2018-03-01,2018-05-31,Zip Code: 98106,Single Family Residential,580000.0,550000.0,390.56145004420864,82.0,116.0,28.0,1.0843125569426144,0.7560975609756097
2020-12-01,2021-02-28,Zip Code: 98133,Townhouse,629000.0,668000.0,414.4654088050314,41.0,45.0,14.0,1.0051229406995366,0.2439024390243902
2014-10-01,2014-12-31,Zip Code: 98126,Condo/Co-op,175500.0,180000.0,268.38057569764885,16.0,7.0,10.0,0.9993920330077511,0.3125
2016-06-01,2016-08-31,Zip Code: 98199,Multi-Family (2-4 Unit),950000.0,674500.0,338.3233532934132,5.0,2.0,,0.9595986776162068,0.4
2017-09-01,2017-11-30,Zip Code: 98107,Townhouse,799475.0,789475.0,540.7370320773456,46.0,38.0,1.0,1.017014688702067,0.3043478260869565
2013-03-01,2013-05-31,Zip Code: 98107,Condo/Co-op,286000.0,279000.0,334.4671201814059,33.0,45.0,16.0,0.9926449122290208,0.2121212121212121
2023-12-01,2024-02-29,Zip Code: 98116,Condo/Co-op,599500.0,680000.0,617.40473738414,15.0,17.0,11.0,0.9951279041519068,0.3333333333333333
2018-04-01,2018-06-30,Zip Code: 98177,Townhouse,670500.0,575000.0,404.5992141564584,4.0,5.0,2.0,1.0928196723077177,0.75
2022-10-01,2022-12-31,Zip Code: 98105,Multi-Family (2-4 Unit),1475000.0,1472500.0,409.6829997594143,6.0,2.0,3.0,0.943733668303936,0.0
2023-09-01,2023-11-30,Zip Code: 98116,Townhouse,785000.0,887475.0,563.2911392405064,13.0,10.0,8.0,0.9960496929729268,0.1538461538461538
2017-01-01,2017-03-31,Zip Code: 98126,Townhouse,495000.0,523728.0,295.1977401129943,6.0,25.0,8.0,1.0102265768319756,0.3333333333333333
2015-10-01,2015-12-31,Zip Code: 98136,Single Family Residential,642500.0,596000.0,285.9784433651136,68.0,50.0,11.0,1.0113534898529797,0.3823529411764705
2018-09-01,2018-11-30,Zip Code: 98146,Townhouse,160000.0,349950.0,301.8867924528302,1.0,3.0,2.0,1.0,0.0
2021-08-01,2021-10-31,Zip Code: 98177,All Residential,1096000.0,1000000.0,490.1840490797546,93.0,97.0,19.0,1.058324824438545,0.5376344086021505
2014-02-01,2014-04-30,Zip Code: 98177,Condo/Co-op,365000.0,179000.0,203.6830357142857,3.0,5.0,4.0,0.9936868686868688,0.3333333333333333
2017-06-01,2017-08-31,Zip Code: 98115,Condo/Co-op,382500.0,472000.0,414.6421513269339,36.0,61.0,17.0,1.0899167882198644,0.6944444444444444
2016-11-01,2017-01-31,Zip Code: 98108,Single Family Residential,425000.0,449000.0,295.3762534883502,42.0,37.0,14.0,1.057659326604917,0.5714285714285714
2019-02-01,2019-04-30,Zip Code: 98125,Condo/Co-op,347500.0,374750.0,379.5344694942467,12.0,20.0,10.0,0.984295164712644,0.1666666666666666
2023-01-01,2023-03-31,Zip Code: 98146,Townhouse,495000.0,499950.0,629.7709923664122,1.0,3.0,1.0,0.99009900990099,0.0
2017-11-01,2018-01-31,Zip Code: 98118,Multi-Family (2-4 Unit),652000.0,750000.0,274.91111829347125,4.0,3.0,3.0,0.9907135016146644,0.25
2022-09-01,2022-11-30,Zip Code: 98177,Townhouse,629475.0,738975.0,513.2837987446486,6.0,8.0,5.0,0.9952885747938752,0.0
2015-05-01,2015-07-31,Zip Code: 98117,Multi-Family (2-4 Unit),628250.0,862475.0,230.83317316932536,2.0,2.0,,1.0553202255727476,1.0
2017-08-01,2017-10-31,Zip Code: 98146,Single Family Residential,467000.0,479997.5,287.98079781225846,126.0,106.0,33.0,1.0225349740497522,0.5238095238095238
2021-08-01,2021-10-31,Zip Code: 98178,Multi-Family (2-4 Unit),655000.0,,352.1505376344086,1.0,,,0.9954407294832824,0.0
2018-09-01,2018-11-30,Zip Code: 98109,All Residential,798950.0,750000.0,583.9008987825288,66.0,123.0,80.0,0.9877165191985762,0.1515151515151515
2014-09-01,2014-11-30,Zip Code: 98177,All Residential,523900.0,517000.0,236.8691565083605,72.0,61.0,41.0,0.9924065915419992,0.1805555555555555
2022-03-01,2022-05-31,Zip Code: 98116,Single Family Residential,1278000.0,1025000.0,613.1242431084382,86.0,100.0,11.0,1.1387364099266903,0.7906976744186046
2015-09-01,2015-11-30,Zip Code: 98106,Single Family Residential,390000.0,356975.0,233.3298879861545,96.0,82.0,21.0,1.0277117528115909,0.4583333333333333
2021-10-01,2021-12-31,Zip Code: 98177,Single Family Residential,1100000.0,919500.0,484.8505191550304,72.0,38.0,,1.0588049411292582,0.5694444444444444
2017-05-01,2017-07-31,Zip Code: 98144,Townhouse,635400.0,649000.0,444.253011383766,60.0,50.0,11.0,1.0290217190405715,0.3499999999999999
2012-06-01,2012-08-31,Zip Code: 98199,All Residential,487500.0,525000.0,240.9789644012945,110.0,117.0,82.0,0.9969032722463592,0.3181818181818181
2021-10-01,2021-12-31,Zip Code: 98125,All Residential,749900.0,725000.0,469.33962264150944,165.0,125.0,10.0,1.0356253339845622,0.503030303030303
2023-02-01,2023-04-30,Zip Code: 98199,Townhouse,845000.0,952500.0,574.6432491767289,15.0,12.0,5.0,0.976967875145946,0.1333333333333333
2018-06-01,2018-08-31,Zip Code: 98109,All Residential,801000.0,727000.0,616.6365280289331,103.0,126.0,51.0,1.0188340791273902,0.4563106796116505
2017-10-01,2017-12-31,Zip Code: 98119,Single Family Residential,1186500.0,1179500.0,523.7555319849312,44.0,34.0,8.0,1.02458017517718,0.3863636363636363
2021-05-01,2021-07-31,Zip Code: 98199,Condo/Co-op,388000.0,372475.0,497.1671388101983,29.0,36.0,14.0,1.0160633629931897,0.3793103448275861
2018-12-01,2019-02-28,Zip Code: 98118,Single Family Residential,584500.0,585000.0,340.6527911711132,76.0,67.0,53.0,0.984537573519538,0.2105263157894736
2016-05-01,2016-07-31,Zip Code: 98105,Multi-Family (2-4 Unit),850000.0,815000.0,362.6609442060085,3.0,2.0,,1.0094268987049786,0.3333333333333333
2022-08-01,2022-10-31,Zip Code: 98115,Townhouse,779950.0,875000.0,603.2095901005414,23.0,21.0,10.0,0.984896807467877,0.0869565217391304
2017-04-01,2017-06-30,Zip Code: 98108,Townhouse,580250.0,587499.5,387.2471807514952,8.0,18.0,2.0,1.1353030379473767,0.875
2012-08-01,2012-10-31,Zip Code: 98105,Multi-Family (2-4 Unit),649900.0,604250.0,185.15669515669515,1.0,4.0,4.0,0.970724421209858,0.0
2023-04-01,2023-06-30,Zip Code: 98115,Condo/Co-op,479250.0,492500.0,482.3435080734352,26.0,36.0,17.0,1.0007851489079205,0.3076923076923077
2012-07-01,2012-09-30,Zip Code: 98108,All Residential,265000.0,312000.0,161.94722569879016,70.0,96.0,77.0,0.984541600111248,0.2285714285714285
2015-08-01,2015-10-31,Zip Code: 98126,All Residential,425000.0,429000.0,291.79331306990883,127.0,133.0,35.0,1.0239445217494727,0.5511811023622047
2023-01-01,2023-03-31,Zip Code: 98126,Single Family Residential,750000.0,785000.0,471.5302491103203,49.0,52.0,10.0,0.9981888839879988,0.3061224489795918
2016-12-01,2017-02-28,Zip Code: 98107,Multi-Family (2-4 Unit),1300000.0,1050000.0,357.1428571428572,1.0,4.0,1.0,1.0,0.0
2019-03-01,2019-05-31,Zip Code: 98146,Condo/Co-op,250000.0,262500.0,239.93736759694207,6.0,7.0,5.0,0.9933069854040228,0.1666666666666666
2013-10-01,2013-12-31,Zip Code: 98115,Multi-Family (2-4 Unit),427000.0,,318.65671641791045,1.0,,2.0,0.9704545454545452,0.0
2017-12-01,2018-02-28,Zip Code: 98109,All Residential,627500.0,600000.0,647.4057583722954,82.0,72.0,18.0,1.0545636069749993,0.5853658536585366
2023-05-01,2023-07-31,Zip Code: 98126,Multi-Family (2-4 Unit),1149000.0,1050000.0,470.13093289689033,1.0,1.0,,1.0942857142857143,1.0
2020-10-01,2020-12-31,Zip Code: 98199,Multi-Family (2-4 Unit),1380000.0,1224000.0,411.9380075262428,2.0,4.0,2.0,0.9788601939631688,0.0
2022-03-01,2022-05-31,Zip Code: 98199,Condo/Co-op,425000.0,399000.0,529.4906166219839,31.0,33.0,6.0,1.040498134120257,0.5483870967741935
2019-11-01,2020-01-31,Zip Code: 98118,Single Family Residential,580000.0,644495.0,343.75,81.0,66.0,41.0,0.9927911712164158,0.2222222222222222
2021-09-01,2021-11-30,Zip Code: 98144,Condo/Co-op,399950.0,399990.0,546.5116279069769,21.0,19.0,7.0,1.0043480725861922,0.3809523809523809
2021-10-01,2021-12-31,Zip Code: 98199,Townhouse,789950.0,886750.0,581.3538205980067,25.0,12.0,1.0,0.998195705116743,0.28
2012-09-01,2012-11-30,Zip Code: 98105,All Residential,507500.0,504950.0,253.66953085060365,82.0,82.0,42.0,0.9977243383255996,0.2804878048780488
2013-06-01,2013-08-31,Zip Code: 98106,Single Family Residential,262500.0,250000.0,178.1746031746032,78.0,91.0,65.0,1.013269469249468,0.4102564102564102
2022-12-01,2023-02-28,Zip Code: 98109,Townhouse,940000.0,1349500.0,627.028981123695,18.0,24.0,10.0,0.9672889331786084,0.1666666666666666
2023-03-01,2023-05-31,Zip Code: 98146,Condo/Co-op,307500.0,365000.0,371.3301716350497,6.0,9.0,4.0,1.002,0.1666666666666666
2019-03-01,2019-05-31,Zip Code: 98177,All Residential,839000.0,849950.0,372.2504230118443,87.0,139.0,72.0,1.00884353491371,0.3563218390804597
2018-03-01,2018-05-31,Zip Code: 98146,Townhouse,363000.0,339950.0,258.21596244131456,7.0,7.0,1.0,1.0379807106350365,0.7142857142857143
2015-10-01,2015-12-31,Zip Code: 98106,Single Family Residential,386000.0,352475.0,231.659231297186,84.0,56.0,18.0,1.0194706329221728,0.4166666666666666
2013-06-01,2013-08-31,Zip Code: 98105,Townhouse,434500.0,431000.0,298.1108614108432,8.0,8.0,7.0,1.0091310135338625,0.375
2016-02-01,2016-04-30,Zip Code: 98125,Condo/Co-op,217000.0,199950.0,248.66985645933013,23.0,27.0,2.0,1.0479939017158697,0.5217391304347825
2013-02-01,2013-04-30,Zip Code: 98136,Multi-Family (2-4 Unit),642000.0,399000.0,164.11042944785277,1.0,1.0,1.0,0.8338745291596311,0.0
2014-11-01,2015-01-31,Zip Code: 98126,Multi-Family (2-4 Unit),610625.0,600000.0,183.1655844155844,2.0,1.0,,0.960077822909711,0.0
2013-10-01,2013-12-31,Zip Code: 98125,All Residential,371650.0,369950.0,210.19886363636363,125.0,90.0,55.0,0.9960885836179556,0.328
2013-09-01,2013-11-30,Zip Code: 98136,All Residential,404950.0,432000.0,257.9299363057325,87.0,74.0,34.0,0.99251730392598,0.2528735632183908
2023-09-01,2023-11-30,Zip Code: 98136,Townhouse,775000.0,742500.0,494.2837928715536,7.0,8.0,3.0,1.001230889447848,0.2857142857142857
2017-10-01,2017-12-31,Zip Code: 98107,Townhouse,805144.5,787000.0,539.090776520313,38.0,26.0,1.0,1.0144883714944897,0.3421052631578947
2019-06-01,2019-08-31,Zip Code: 98146,Condo/Co-op,265000.0,244850.0,302.16647662485747,5.0,6.0,4.0,0.9987682252388134,0.2
2017-05-01,2017-07-31,Zip Code: 98112,Condo/Co-op,542000.0,599500.0,670.2586206896551,19.0,24.0,6.0,1.0444476696103626,0.4736842105263157
2021-11-01,2022-01-31,Zip Code: 98125,Single Family Residential,837500.0,777500.0,489.29640566133793,80.0,46.0,6.0,1.0491805602220805,0.5374999999999999
2015-10-01,2015-12-31,Zip Code: 98126,Condo/Co-op,235000.0,250000.0,337.762027129497,18.0,13.0,2.0,1.0141374886240984,0.2777777777777777
2019-02-01,2019-04-30,Zip Code: 98133,Multi-Family (2-4 Unit),640200.0,874900.0,297.4907063197026,3.0,5.0,2.0,0.984420786154568,0.0
2022-07-01,2022-09-30,Zip Code: 98126,Condo/Co-op,394500.0,399900.0,489.2086330935252,16.0,19.0,10.0,0.9946040530684398,0.1875
2012-10-01,2012-12-31,Zip Code: 98146,Single Family Residential,247000.0,264950.0,145.61084142394822,77.0,60.0,54.0,0.978516515124339,0.1948051948051948
2020-10-01,2020-12-31,Zip Code: 98115,Multi-Family (2-4 Unit),1000000.0,1287500.0,299.4011976047904,1.0,2.0,4.0,1.0,0.0
2012-06-01,2012-08-31,Zip Code: 98116,Condo/Co-op,267400.0,254194.5,289.1156462585034,21.0,22.0,28.0,0.959537947591058,0.1428571428571428
2017-12-01,2018-02-28,Zip Code: 98126,Single Family Residential,740000.0,571975.0,329.72972972972974,59.0,48.0,14.0,1.0208410733841269,0.3898305084745762
2023-09-01,2023-11-30,Zip Code: 98109,Single Family Residential,1483500.0,1642500.0,580.9179989685405,18.0,22.0,8.0,0.9941677674228722,0.2777777777777777
2022-04-01,2022-06-30,Zip Code: 98109,All Residential,710500.0,850000.0,702.2805486888664,104.0,154.0,69.0,1.0331137056054671,0.4903846153846153
2020-08-01,2020-10-31,Zip Code: 98116,Multi-Family (2-4 Unit),1169750.0,1125000.0,548.044558772236,2.0,8.0,8.0,0.9893385552654482,0.0
2023-06-01,2023-08-31,Zip Code: 98146,Single Family Residential,680000.0,675000.0,400.0,59.0,74.0,20.0,1.0297368803793094,0.4576271186440678
2018-04-01,2018-06-30,Zip Code: 98199,Townhouse,877800.0,838500.0,563.3802816901408,11.0,10.0,2.0,1.0370423613627986,0.3636363636363636
2016-02-01,2016-04-30,Zip Code: 98133,All Residential,400000.0,410950.0,272.41379310344826,169.0,219.0,42.0,1.0427733604253406,0.57396449704142
2021-08-01,2021-10-31,Zip Code: 98177,Multi-Family (2-4 Unit),1202000.0,1202000.0,509.3220338983051,1.0,1.0,,1.0,0.0
2016-12-01,2017-02-28,Zip Code: 98177,Townhouse,308500.0,417450.0,280.8985321333295,2.0,4.0,,1.01383335437799,0.5
2012-09-01,2012-11-30,Zip Code: 98177,Condo/Co-op,204500.0,326900.0,163.23088455772114,4.0,4.0,7.0,0.9891304347826086,0.0
2014-08-01,2014-10-31,Zip Code: 98177,Townhouse,230000.0,287750.0,145.29374605180038,3.0,2.0,3.0,0.9555630236283288,0.0
2021-01-01,2021-03-31,Zip Code: 98199,All Residential,1100000.0,960000.0,529.0368271954674,135.0,147.0,26.0,1.0271398124857667,0.3851851851851851
2021-06-01,2021-08-31,Zip Code: 98126,All Residential,693000.0,660000.0,439.7549715909091,176.0,178.0,40.0,1.0369807806618447,0.5056818181818182
2015-03-01,2015-05-31,Zip Code: 98109,Multi-Family (2-4 Unit),885000.0,649000.0,368.75,1.0,3.0,1.0,0.9567567567567568,0.0
2014-07-01,2014-09-30,Zip Code: 98104,Condo/Co-op,255000.0,339000.0,392.464678178964,18.0,17.0,14.0,0.960721263756978,0.0555555555555555
2013-02-01,2013-04-30,Zip Code: 98177,Single Family Residential,465750.0,479500.0,219.7632012369332,54.0,81.0,33.0,1.0039104919508626,0.3333333333333333
2016-09-01,2016-11-30,Zip Code: 98199,Townhouse,600000.0,628950.0,421.4285714285714,11.0,9.0,3.0,1.03117181750848,0.4545454545454545
2015-04-01,2015-06-30,Zip Code: 98177,Multi-Family (2-4 Unit),499000.0,699000.0,245.8128078817734,1.0,1.0,1.0,0.9596153846153846,0.0
2016-08-01,2016-10-31,Zip Code: 98115,Multi-Family (2-4 Unit),1117500.0,785000.0,357.439541783543,2.0,3.0,,1.0016457914760826,0.5
2020-05-01,2020-07-31,Zip Code: 98125,Multi-Family (2-4 Unit),925000.0,875000.0,204.64601769911505,1.0,1.0,,1.0571428571428572,1.0
2012-12-01,2013-02-28,Zip Code: 98126,All Residential,324750.0,327450.0,202.22662048490847,88.0,96.0,52.0,0.9961071280343832,0.3522727272727272
2012-10-01,2012-12-31,Zip Code: 98109,Condo/Co-op,290000.0,304970.0,319.65065502183404,29.0,30.0,28.0,0.9849286304649963,0.1379310344827586
2012-06-01,2012-08-31,Zip Code: 98199,Townhouse,368000.0,412497.5,237.95180722891567,5.0,12.0,6.0,0.982209967666549,0.0
2016-06-01,2016-08-31,Zip Code: 98117,Single Family Residential,720000.0,679675.0,369.33962264150944,181.0,170.0,28.0,1.062364368218662,0.6519337016574585
2019-06-01,2019-08-31,Zip Code: 98126,Townhouse,515000.0,560000.0,381.1735193343122,20.0,25.0,19.0,0.9934951604736943,0.25
2022-09-01,2022-11-30,Zip Code: 98177,All Residential,1150000.0,932000.0,483.8709677419354,65.0,82.0,29.0,0.9984224961466776,0.2923076923076923
2023-12-01,2024-02-29,Zip Code: 98146,Multi-Family (2-4 Unit),648100.0,,247.3664122137405,1.0,,,0.997076923076923,0.0
2018-09-01,2018-11-30,Zip Code: 98146,All Residential,455000.0,467000.0,286.30368137671644,66.0,105.0,58.0,0.9829280637594704,0.1969696969696969
2023-12-01,2024-02-29,Zip Code: 98177,Condo/Co-op,468800.0,602475.0,450.71022128556376,4.0,4.0,,0.996475127463139,0.25
2022-04-01,2022-06-30,Zip Code: 98199,Townhouse,950000.0,875000.0,632.9497639161018,18.0,27.0,13.0,1.0656085898168466,0.6666666666666666
2022-06-01,2022-08-31,Zip Code: 98126,Condo/Co-op,390000.0,403950.0,500.0,17.0,23.0,8.0,1.0022948107840883,0.1176470588235294
2013-01-01,2013-03-31,Zip Code: 98116,Single Family Residential,457500.0,548944.0,237.8768303186908,46.0,68.0,27.0,0.9990627418050496,0.3043478260869565
2017-03-01,2017-05-31,Zip Code: 98177,Townhouse,560000.0,514975.0,409.9290780141844,3.0,2.0,,1.0167016411084209,0.3333333333333333
2017-08-01,2017-10-31,Zip Code: 98177,Single Family Residential,699950.0,725000.0,340.782122905028,85.0,82.0,22.0,1.0389721619280774,0.4941176470588235
2017-11-01,2018-01-31,Zip Code: 98146,Townhouse,264975.0,285000.0,228.2080133816079,6.0,5.0,2.0,1.0620658397954368,0.8333333333333333
2014-01-01,2014-03-31,Zip Code: 98126,Single Family Residential,396225.0,397990.0,233.04443593181384,78.0,81.0,34.0,0.9952937773206384,0.2948717948717948
2020-04-01,2020-06-30,Zip Code: 98115,Condo/Co-op,405000.0,499000.0,426.35798475041537,22.0,39.0,15.0,0.998859784236105,0.3181818181818181
2012-11-01,2013-01-31,Zip Code: 98109,All Residential,407500.0,370000.0,328.79857719260986,46.0,52.0,40.0,0.9768463549194074,0.1739130434782608
2015-03-01,2015-05-31,Zip Code: 98177,Multi-Family (2-4 Unit),499000.0,,245.8128078817734,1.0,,,0.9596153846153846,0.0
2012-02-01,2012-04-30,Zip Code: 98133,Multi-Family (2-4 Unit),562500.0,329475.0,160.30927835051546,2.0,2.0,3.0,0.9403137227904,0.5
2018-01-01,2018-03-31,Zip Code: 98177,Condo/Co-op,1107990.0,299950.0,359.2854283927455,8.0,5.0,2.0,1.0065025612439045,0.25
2020-02-01,2020-04-30,Zip Code: 98118,Townhouse,487725.0,539500.0,393.1410256410256,28.0,40.0,24.0,1.008864022799741,0.25
2016-11-01,2017-01-31,Zip Code: 98199,Condo/Co-op,335000.0,339000.0,370.6285253827559,17.0,13.0,4.0,1.0277468409744697,0.4117647058823529
2018-06-01,2018-08-31,Zip Code: 98146,Townhouse,359000.0,279995.0,211.4517583408476,3.0,3.0,2.0,1.007665604083412,0.3333333333333333
2023-02-01,2023-04-30,Zip Code: 98107,All Residential,812475.0,819500.0,584.5289105716802,112.0,121.0,43.0,0.9904300546304262,0.1875
2018-05-01,2018-07-31,Zip Code: 98106,Multi-Family (2-4 Unit),660000.0,625000.0,340.2061855670103,1.0,1.0,,1.056,1.0
2013-01-01,2013-03-31,Zip Code: 98133,Single Family Residential,336000.0,325000.0,193.9935064935065,67.0,95.0,44.0,1.0031260893582397,0.3880597014925373
2014-10-01,2014-12-31,Zip Code: 98199,Condo/Co-op,235000.0,234900.0,265.88397790055245,19.0,7.0,1.0,0.991061160501499,0.2105263157894736
2014-02-01,2014-04-30,Zip Code: 98177,Townhouse,232500.0,242500.0,204.36196777813345,2.0,4.0,2.0,0.98582995951417,0.0
2018-02-01,2018-04-30,Zip Code: 98177,Condo/Co-op,1015495.0,299950.0,359.2854283927455,10.0,5.0,1.0,1.042482940653623,0.4
2015-06-01,2015-08-31,Zip Code: 98125,Condo/Co-op,210000.0,215000.0,205.9305187429004,28.0,19.0,7.0,0.992401130681692,0.2142857142857142
2014-04-01,2014-06-30,Zip Code: 98116,Condo/Co-op,282500.0,325000.0,367.47866255255417,30.0,40.0,26.0,0.9948118947789352,0.1666666666666666
2019-01-01,2019-03-31,Zip Code: 98116,All Residential,715000.0,732000.0,422.9890604890605,98.0,118.0,35.0,0.9899572835064244,0.2551020408163265
2013-11-01,2014-01-31,Zip Code: 98146,Townhouse,189000.0,,105.4054054054054,3.0,,,1.0136872977058549,0.6666666666666666
2013-03-01,2013-05-31,Zip Code: 98113,All Residential,408000.0,385000.0,370.9090909090909,1.0,1.0,,1.0597402597402596,1.0
2013-10-01,2013-12-31,Zip Code: 98146,All Residential,295000.0,266950.0,157.77907542579075,89.0,62.0,65.0,0.9865404674189528,0.247191011235955
2016-08-01,2016-10-31,Zip Code: 98199,Multi-Family (2-4 Unit),965000.0,775000.0,288.6863009244205,6.0,3.0,2.0,0.9969013296976272,0.3333333333333333
2021-01-01,2021-03-31,Zip Code: 98146,Townhouse,339444.0,410000.0,297.3920394148514,2.0,2.0,1.0,0.9938131755018011,0.5
2020-02-01,2020-04-30,Zip Code: 98199,Single Family Residential,1125000.0,1197500.0,472.24523612261805,67.0,88.0,24.0,1.018414393022012,0.4477611940298507
2014-07-01,2014-09-30,Zip Code: 98177,Single Family Residential,577500.0,597000.0,250.51867219917008,90.0,85.0,50.0,0.998020728528181,0.3111111111111111
2014-05-01,2014-07-31,Zip Code: 98106,Townhouse,286000.0,284400.0,203.76470588235293,19.0,22.0,19.0,1.004443888844079,0.263157894736842
2012-06-01,2012-08-31,Zip Code: 98177,Single Family Residential,423475.0,525000.0,191.59811985898943,76.0,67.0,65.0,0.9879902759957108,0.2763157894736842
2017-09-01,2017-11-30,Zip Code: 98109,Townhouse,1033500.0,1050500.0,656.0409698996656,16.0,16.0,3.0,1.0193173772198607,0.25
2012-11-01,2013-01-31,Zip Code: 98126,Townhouse,245000.0,314590.0,154.6909090909091,9.0,6.0,5.0,0.9991878490156926,0.3333333333333333
2013-06-01,2013-08-31,Zip Code: 98199,Townhouse,452475.0,432500.0,281.1883273843689,24.0,19.0,8.0,0.9970719747833584,0.2083333333333333
2016-01-01,2016-03-31,Zip Code: 98115,All Residential,650000.0,629000.0,362.2448979591837,129.0,187.0,38.0,1.056260253695963,0.5813953488372093
2019-07-01,2019-09-30,Zip Code: 98146,Townhouse,380000.0,417500.0,190.2852049910873,6.0,2.0,1.0,0.9737025315110024,0.0
2013-05-01,2013-07-31,Zip Code: 98126,Single Family Residential,366000.0,374498.5,217.0532738415224,106.0,122.0,62.0,1.0068236737606633,0.4622641509433962
2018-08-01,2018-10-31,Zip Code: 98109,Single Family Residential,1176250.0,1165000.0,521.1510481220025,26.0,42.0,18.0,1.0002479798070456,0.3076923076923077
2021-03-01,2021-05-31,Zip Code: 98117,Single Family Residential,1010000.0,895000.0,546.09375,171.0,210.0,11.0,1.1260406757264352,0.7660818713450293
2019-01-01,2019-03-31,Zip Code: 98177,Multi-Family (2-4 Unit),1040000.0,1040000.0,727.2727272727273,1.0,1.0,1.0,1.0,0.0
2018-04-01,2018-06-30,Zip Code: 98199,Condo/Co-op,480000.0,468000.0,515.1515151515151,21.0,25.0,9.0,1.0558849066764924,0.7619047619047618
2021-02-01,2021-04-30,Zip Code: 98109,Townhouse,825000.0,938000.0,630.1820340242366,36.0,29.0,9.0,1.000850913956693,0.1944444444444444
2013-02-01,2013-04-30,Zip Code: 98105,Multi-Family (2-4 Unit),624500.0,692475.0,190.400092506938,4.0,6.0,2.0,0.989159793048942,0.5
2014-05-01,2014-07-31,Zip Code: 98199,All Residential,637366.5,620000.0,306.72827566096424,114.0,162.0,84.0,1.0107041606383294,0.4210526315789473
2023-03-01,2023-05-31,Zip Code: 98126,Single Family Residential,812500.0,814500.0,501.561415683553,52.0,66.0,7.0,1.0267678556818547,0.4423076923076922
2021-02-01,2021-04-30,Zip Code: 98146,Single Family Residential,625000.0,630000.0,386.86131386861314,89.0,107.0,13.0,1.0647466673612744,0.6629213483146067
2013-10-01,2013-12-31,Zip Code: 98107,Townhouse,447500.0,469000.0,328.7281962813878,28.0,31.0,4.0,1.002373934700994,0.3214285714285714
2018-12-01,2019-02-28,Zip Code: 98104,Condo/Co-op,602500.0,629975.0,547.9860120971936,8.0,12.0,23.0,0.9810207370157924,0.0
2019-04-01,2019-06-30,Zip Code: 98144,Townhouse,650000.0,600000.0,475.83892617449663,57.0,51.0,23.0,0.9993382360189016,0.2105263157894736
2023-02-01,2023-04-30,Zip Code: 98106,Condo/Co-op,560000.0,544950.0,474.5762711864407,11.0,16.0,5.0,1.0064283407005616,0.2727272727272727
2021-08-01,2021-10-31,Zip Code: 98109,Single Family Residential,1615000.0,1695000.0,672.111052213093,30.0,25.0,3.0,1.0504768095551926,0.5666666666666667
2019-10-01,2019-12-31,Zip Code: 98109,Single Family Residential,1512550.0,1245000.0,563.0630630630632,21.0,9.0,4.0,0.964411538297767,0.0952380952380952
2015-04-01,2015-06-30,Zip Code: 98109,Townhouse,615000.0,634500.0,414.65918922995104,6.0,12.0,3.0,1.064228542611407,0.6666666666666666
2020-09-01,2020-11-30,Zip Code: 98109,Multi-Family (2-4 Unit),1337000.0,1145000.0,537.7861721611722,2.0,8.0,8.0,0.9263467019983196,0.0
2013-09-01,2013-11-30,Zip Code: 98146,Condo/Co-op,255975.0,166425.0,293.4666114246959,6.0,6.0,8.0,0.9808363192458596,0.0
2018-05-01,2018-07-31,Zip Code: 98126,Condo/Co-op,452000.0,469900.0,396.417358490566,31.0,33.0,18.0,1.0176015384461703,0.3548387096774193
2022-11-01,2023-01-31,Zip Code: 98136,Townhouse,743995.0,724995.0,554.5494836222713,10.0,9.0,3.0,0.9944533038426884,0.2
2018-04-01,2018-06-30,Zip Code: 98107,Townhouse,855000.0,768500.0,561.4754098360655,39.0,45.0,10.0,1.0356004980889766,0.5128205128205127
2015-01-01,2015-03-31,Zip Code: 98115,Multi-Family (2-4 Unit),520000.0,682500.0,276.59574468085106,1.0,4.0,2.0,0.9541284403669724,0.0
2023-10-01,2023-12-31,Zip Code: 98199,Single Family Residential,1300000.0,1175000.0,577.0833333333334,47.0,38.0,12.0,0.9951855537672738,0.2127659574468085
2017-08-01,2017-10-31,Zip Code: 98125,Townhouse,550000.0,479000.0,371.33333333333326,19.0,11.0,,1.083016096402567,0.7894736842105263
2021-01-01,2021-03-31,Zip Code: 98125,All Residential,672495.0,669975.0,426.9790227900552,116.0,124.0,28.0,1.0468079771379255,0.4913793103448275
2019-02-01,2019-04-30,Zip Code: 98177,Single Family Residential,835950.0,924995.0,366.6666666666666,57.0,82.0,40.0,1.0082788032468606,0.4210526315789473
2016-08-01,2016-10-31,Zip Code: 98106,Single Family Residential,451225.0,449950.0,252.88559107052257,78.0,111.0,28.0,1.0295836218641683,0.5384615384615384
2014-10-01,2014-12-31,Zip Code: 98125,Townhouse,297000.0,332000.0,219.25925925925927,7.0,4.0,4.0,0.963939743313119,0.1428571428571428
2022-08-01,2022-10-31,Zip Code: 98177,Townhouse,682000.0,779950.0,475.72858487828006,8.0,8.0,4.0,0.98954925702269,0.0
2016-04-01,2016-06-30,Zip Code: 98125,Multi-Family (2-4 Unit),554000.0,614490.0,263.4820798022599,2.0,2.0,1.0,0.9856938483547923,0.0
2013-08-01,2013-10-31,Zip Code: 98118,Townhouse,335000.0,299850.0,205.45454545454547,19.0,11.0,6.0,0.9850283595878389,0.1052631578947368
2014-08-01,2014-10-31,Zip Code: 98105,Multi-Family (2-4 Unit),1063000.0,928000.0,305.8850939852923,6.0,5.0,4.0,1.0230772818805696,0.3333333333333333
2012-08-01,2012-10-31,Zip Code: 98105,Condo/Co-op,240000.0,259000.0,313.70358199145574,18.0,17.0,14.0,1.000835628998599,0.2777777777777777
2018-04-01,2018-06-30,Zip Code: 98105,Single Family Residential,1055000.0,1050000.0,493.7211706909391,73.0,89.0,28.0,1.042590084508439,0.4931506849315068
2016-11-01,2017-01-31,Zip Code: 98125,Townhouse,402500.0,399950.0,302.63157894736844,9.0,5.0,,1.0395735527730805,0.6666666666666666
2013-08-01,2013-10-31,Zip Code: 98199,Multi-Family (2-4 Unit),947500.0,557475.0,219.89326878795805,2.0,2.0,2.0,0.9401542492707766,0.0
2015-07-01,2015-09-30,Zip Code: 98115,Townhouse,559500.0,564450.0,381.0710692399159,14.0,16.0,5.0,1.0264666746373512,0.5
2021-02-01,2021-04-30,Zip Code: 98118,Multi-Family (2-4 Unit),993000.0,900000.0,337.7551020408164,3.0,7.0,5.0,0.9887738749034384,0.6666666666666666
2014-04-01,2014-06-30,Zip Code: 98199,Single Family Residential,750000.0,799000.0,309.60404380791914,83.0,115.0,49.0,1.017526505794052,0.4578313253012047
2019-05-01,2019-07-31,Zip Code: 98116,All Residential,759500.0,789250.0,457.59791681529566,150.0,158.0,67.0,1.0020803870638544,0.3533333333333333
2021-07-01,2021-09-30,Zip Code: 98126,All Residential,677500.0,659000.0,445.15941831091686,172.0,177.0,44.0,1.0333697143623035,0.5116279069767442
2021-12-01,2022-02-28,Zip Code: 98146,All Residential,635000.0,689000.0,411.48325358851673,51.0,53.0,14.0,1.034004355995625,0.588235294117647
2018-09-01,2018-11-30,Zip Code: 98106,All Residential,505000.0,540000.0,337.07865168539325,101.0,135.0,76.0,0.9904197261318388,0.2376237623762376
2013-06-01,2013-08-31,Zip Code: 98177,Single Family Residential,511500.0,499500.0,213.67601778994185,92.0,105.0,55.0,1.00285677533224,0.4347826086956521
2014-04-01,2014-06-30,Zip Code: 98194,All Residential,539000.0,,386.93467336683415,1.0,,,0.9808917197452228,0.0
2020-12-01,2021-02-28,Zip Code: 98115,Multi-Family (2-4 Unit),950000.0,688000.0,490.60968971148606,2.0,3.0,2.0,0.9522613065326632,0.0
2018-09-01,2018-11-30,Zip Code: 98105,Single Family Residential,1110000.0,1046500.0,461.0091743119266,59.0,66.0,25.0,1.0003469355180954,0.3220338983050847
2020-05-01,2020-07-31,Zip Code: 98126,Condo/Co-op,392475.0,335000.0,519.7134580756283,8.0,17.0,15.0,0.99045754666716,0.0
2021-12-01,2022-02-28,Zip Code: 98106,All Residential,650000.0,647999.0,459.1851851851852,123.0,101.0,12.0,1.018139300532534,0.4634146341463414
2020-06-01,2020-08-31,Zip Code: 98109,Condo/Co-op,540000.0,500000.0,584.070796460177,55.0,101.0,63.0,0.9923311178759672,0.2
2020-07-01,2020-09-30,Zip Code: 98133,Townhouse,653750.0,644950.0,392.4590773809524,54.0,57.0,20.0,1.0039080370470206,0.2037037037037036
2015-05-01,2015-07-31,Zip Code: 98177,All Residential,570000.0,597950.0,265.68021037816214,110.0,138.0,45.0,1.0189238796454798,0.5181818181818181
2017-10-01,2017-12-31,Zip Code: 98102,Multi-Family (2-4 Unit),1549000.0,1485000.0,535.7652085699993,2.0,1.0,1.0,1.1566498316498317,1.0
2021-11-01,2022-01-31,Zip Code: 98126,Single Family Residential,753000.0,737490.0,451.16922483880006,70.0,36.0,6.0,1.0337766151681,0.5
2018-08-01,2018-10-31,Zip Code: 98146,Single Family Residential,483500.0,475000.0,306.6171401212895,64.0,85.0,59.0,0.9909182349579068,0.328125
2023-09-01,2023-11-30,Zip Code: 98126,All Residential,735000.0,799500.0,477.4410774410774,77.0,67.0,28.0,0.9971924493654412,0.2987012987012986
2019-11-01,2020-01-31,Zip Code: 98126,All Residential,569950.0,600000.0,372.88135593220335,115.0,67.0,30.0,0.9905039145523052,0.1913043478260869
2012-02-01,2012-04-30,Zip Code: 98108,Townhouse,221250.0,239950.0,160.79956059120457,8.0,13.0,9.0,0.986680391279022,0.0
2013-03-01,2013-05-31,Zip Code: 98146,Single Family Residential,274900.0,274750.0,161.71428571428572,87.0,106.0,46.0,1.0062646607202554,0.4482758620689655
2022-04-01,2022-06-30,Zip Code: 98136,Single Family Residential,1165000.0,985000.0,550.632911392405,83.0,92.0,18.0,1.1273710577052662,0.7710843373493976
2013-06-01,2013-08-31,Zip Code: 98199,All Residential,542500.0,569900.0,279.914137705988,136.0,161.0,73.0,1.000137106924892,0.3014705882352941
2014-01-01,2014-03-31,Zip Code: 98116,Single Family Residential,526550.0,565000.0,261.6152934202727,44.0,64.0,23.0,0.9891768457587196,0.3636363636363636
2018-10-01,2018-12-31,Zip Code: 98144,Condo/Co-op,469500.0,429500.0,439.2332188714741,10.0,8.0,11.0,0.964306201005264,0.0
2019-06-01,2019-08-31,Zip Code: 98133,Single Family Residential,599475.0,599722.0,356.9805194805195,162.0,154.0,62.0,1.0013337417934427,0.3333333333333333
2014-12-01,2015-02-28,Zip Code: 98146,Single Family Residential,285000.0,274975.0,164.52991452991452,59.0,70.0,32.0,0.9839845424668274,0.2033898305084745
2015-01-01,2015-03-31,Zip Code: 98122,Condo/Co-op,306225.0,295000.0,429.4637710148057,32.0,41.0,10.0,0.998730088258826,0.34375
2012-08-01,2012-10-31,Zip Code: 98115,Townhouse,340000.0,362475.0,219.0083851486792,10.0,6.0,5.0,0.9844383779776772,0.0
2016-11-01,2017-01-31,Zip Code: 98117,Multi-Family (2-4 Unit),1697500.0,1697500.0,1406.8509615384614,2.0,2.0,,1.0,0.0
2019-11-01,2020-01-31,Zip Code: 98109,Condo/Co-op,486000.0,489000.0,550.6721820062047,29.0,27.0,23.0,0.990534727438364,0.1379310344827586
2015-02-01,2015-04-30,Zip Code: 98116,All Residential,532000.0,549000.0,329.93197278911566,118.0,174.0,56.0,1.0180345390892127,0.4406779661016949
2018-12-01,2019-02-28,Zip Code: 98126,Townhouse,520000.0,529499.5,359.06040268456377,23.0,22.0,7.0,0.9873252569597712,0.3043478260869565
2015-10-01,2015-12-31,Zip Code: 98136,All Residential,545000.0,535000.0,298.98648648648646,91.0,61.0,13.0,1.0098445634009467,0.3736263736263736
2020-11-01,2021-01-31,Zip Code: 98119,All Residential,850000.0,876500.0,564.2023346303502,111.0,94.0,55.0,0.9894928301671264,0.1711711711711711
2016-08-01,2016-10-31,Zip Code: 98117,Townhouse,607500.0,612500.0,413.3439153948924,26.0,28.0,4.0,1.0014063410640548,0.3461538461538461
2022-02-01,2022-04-30,Zip Code: 98108,Townhouse,619000.0,675000.0,491.0342261904762,47.0,17.0,2.0,1.0166181284680504,0.3829787234042553
2015-04-01,2015-06-30,Zip Code: 98118,Multi-Family (2-4 Unit),385000.0,475490.0,179.06976744186048,3.0,4.0,4.0,0.9869688205742247,0.3333333333333333
2012-09-01,2012-11-30,Zip Code: 98199,All Residential,496500.0,499000.0,249.31188787571767,90.0,87.0,67.0,0.9857458037944932,0.2555555555555555
2012-10-01,2012-12-31,Zip Code: 98112,All Residential,865675.0,762500.0,342.1730476524997,88.0,46.0,53.0,0.9784039131797532,0.1931818181818181
2019-02-01,2019-04-30,Zip Code: 98112,Condo/Co-op,600000.0,649950.0,705.0114547537228,12.0,13.0,4.0,1.0210009961484434,0.5
2020-05-01,2020-07-31,Zip Code: 98117,Single Family Residential,900000.0,869000.0,476.83489350156015,138.0,167.0,31.0,1.038097847602375,0.536231884057971
2018-05-01,2018-07-31,Zip Code: 98136,Single Family Residential,787000.0,797000.0,391.8533805031447,74.0,110.0,40.0,1.0327770601461366,0.5405405405405405
2014-03-01,2014-05-31,Zip Code: 98109,All Residential,436900.0,415000.0,380.49095607235137,115.0,126.0,47.0,1.0031322940785234,0.3913043478260869
2014-08-01,2014-10-31,Zip Code: 98199,Condo/Co-op,200000.0,242200.0,288.8768898488121,19.0,16.0,9.0,0.9998248151473608,0.3157894736842105
2017-07-01,2017-09-30,Zip Code: 98109,Multi-Family (2-4 Unit),1165000.0,1847500.0,475.5102040816327,3.0,2.0,1.0,0.9899567572871328,0.0
2017-09-01,2017-11-30,Zip Code: 98107,All Residential,784250.0,770000.0,530.2619101195834,146.0,127.0,7.0,1.036477877377573,0.5136986301369862
2020-09-01,2020-11-30,Zip Code: 98177,All Residential,899900.0,850000.0,400.9921455146754,117.0,107.0,13.0,1.022531545352941,0.4358974358974359
2014-06-01,2014-08-31,Zip Code: 98136,Townhouse,398000.0,379500.0,273.9099859353024,15.0,17.0,9.0,0.9987144984465454,0.3333333333333333
2012-04-01,2012-06-30,Zip Code: 98146,Townhouse,119099.5,149000.0,64.1188909084233,2.0,1.0,1.0,0.926473510116324,0.0
2017-11-01,2018-01-31,Zip Code: 98126,Single Family Residential,709000.0,629950.0,329.4990112063283,80.0,47.0,11.0,1.0094334053782386,0.3875
2021-04-01,2021-06-30,Zip Code: 98126,Single Family Residential,739000.0,738000.0,445.79385996153576,102.0,119.0,19.0,1.0714145089791194,0.7450980392156862
2014-02-01,2014-04-30,Zip Code: 98122,Townhouse,453000.0,499974.5,314.11764705882354,15.0,22.0,3.0,0.9972249022522424,0.4
2015-01-01,2015-03-31,Zip Code: 98109,Single Family Residential,848000.0,950000.0,350.0,13.0,17.0,7.0,1.0594045638498673,0.6153846153846154
2020-05-01,2020-07-31,Zip Code: 98109,Single Family Residential,1328500.0,1462500.0,565.0224215246636,17.0,46.0,25.0,0.9872928084157296,0.1764705882352941
2013-04-01,2013-06-30,Zip Code: 98116,Townhouse,426750.0,424475.0,279.13295854472324,10.0,18.0,10.0,0.9987359114548428,0.2999999999999999
2020-07-01,2020-09-30,Zip Code: 98118,Townhouse,570000.0,641425.0,428.9017341040462,25.0,56.0,34.0,0.9998737261366464,0.32
2019-10-01,2019-12-31,Zip Code: 98117,Townhouse,639950.0,669499.5,445.7418496340652,29.0,32.0,18.0,0.9902436973648712,0.1724137931034482
2018-12-01,2019-02-28,Zip Code: 98178,All Residential,449950.0,492000.0,262.22222222222223,73.0,52.0,39.0,0.9787109882204578,0.1780821917808219
2014-08-01,2014-10-31,Zip Code: 98105,Condo/Co-op,306050.0,349500.0,349.3040401953324,18.0,22.0,7.0,0.9952615939013382,0.3333333333333333
2012-01-01,2012-03-31,Zip Code: 98108,Townhouse,211400.0,234950.0,157.76119402985074,10.0,14.0,11.0,0.9867367948553506,0.2
2023-01-01,2023-03-31,Zip Code: 98126,Townhouse,623000.0,624999.5,459.12084672519535,16.0,20.0,5.0,1.0047710191740304,0.4375
2017-04-01,2017-06-30,Zip Code: 98144,Multi-Family (2-4 Unit),842500.0,810000.0,361.81392235609104,4.0,5.0,1.0,0.991365202411714,0.0
2019-04-01,2019-06-30,Zip Code: 98133,Single Family Residential,627500.0,599950.0,359.5036319612591,150.0,196.0,71.0,1.0132644579754462,0.3933333333333333
2023-06-01,2023-08-31,Zip Code: 98136,Condo/Co-op,386000.0,399500.0,543.6619718309859,7.0,10.0,1.0,1.0575113532224212,0.8571428571428571
2013-06-01,2013-08-31,Zip Code: 98115,All Residential,499500.0,475000.0,255.06872648986257,222.0,250.0,82.0,1.025587988327822,0.4864864864864865
2019-09-01,2019-11-30,Zip Code: 98117,Multi-Family (2-4 Unit),1000000.0,1167500.0,417.5,3.0,6.0,5.0,0.9831843137254902,0.0
2012-08-01,2012-10-31,Zip Code: 98107,Townhouse,395000.0,399950.0,270.6821873308067,19.0,21.0,8.0,0.998324657015146,0.3684210526315789
2021-09-01,2021-11-30,Zip Code: 98146,Townhouse,400000.0,,267.73844881512093,2.0,,,1.0244252873563218,0.5
2014-04-01,2014-06-30,Zip Code: 98115,Condo/Co-op,227500.0,264500.0,210.76666666666665,30.0,34.0,9.0,1.0210458301976746,0.4666666666666666
2014-10-01,2014-12-31,Zip Code: 98107,All Residential,510000.0,500000.0,341.73609303132866,116.0,83.0,34.0,1.0055205818878443,0.3706896551724138
2012-11-01,2013-01-31,Zip Code: 98106,Townhouse,160000.0,207900.0,139.2156862745098,11.0,13.0,9.0,1.0155170384508625,0.3636363636363636
2015-01-01,2015-03-31,Zip Code: 98125,Single Family Residential,431000.0,449000.0,255.1473029045644,73.0,86.0,21.0,1.0062270737209904,0.3150684931506849
2018-08-01,2018-10-31,Zip Code: 98177,All Residential,726000.0,754950.0,368.6233638156715,78.0,110.0,57.0,0.9976256158330616,0.3461538461538461
2015-05-01,2015-07-31,Zip Code: 98146,Townhouse,194829.0,256950.0,125.28486363434232,2.0,1.0,1.0,1.0232247818684828,0.5
2014-10-01,2014-12-31,Zip Code: 98109,Single Family Residential,738000.0,577975.0,308.13449746734204,14.0,16.0,6.0,1.0180332643189416,0.5
2017-04-01,2017-06-30,Zip Code: 98108,Single Family Residential,525000.0,512500.0,318.5284090909091,80.0,84.0,21.0,1.07987095014823,0.7125
2022-02-01,2022-04-30,Zip Code: 98177,Townhouse,677500.0,615000.0,538.6305784316917,4.0,6.0,,1.1341029094361483,1.0
2020-03-01,2020-05-31,Zip Code: 98133,All Residential,564500.0,590000.0,386.3375591190217,152.0,224.0,73.0,1.018625721326835,0.4342105263157894
2020-01-01,2020-03-31,Zip Code: 98107,All Residential,749975.0,768000.0,526.9165055435301,114.0,143.0,39.0,1.0178875181404576,0.4035087719298245
2019-10-01,2019-12-31,Zip Code: 98177,Townhouse,380500.0,386999.5,347.4280263614291,4.0,6.0,4.0,0.9937809389010712,0.0
2012-12-01,2013-02-28,Zip Code: 98115,Townhouse,291450.0,375000.0,277.5369623655914,6.0,6.0,,0.9547485794055544,0.0
2019-02-01,2019-04-30,Zip Code: 98108,Single Family Residential,605000.0,650000.0,306.44444444444446,45.0,73.0,31.0,1.0174994910369146,0.4
2021-10-01,2021-12-31,Zip Code: 98177,Townhouse,670000.0,650000.0,468.2622268470344,5.0,1.0,,1.0232997883385848,0.5999999999999999
2021-09-01,2021-11-30,Zip Code: 98109,Multi-Family (2-4 Unit),1460000.0,1200000.0,510.58062290557854,7.0,5.0,,1.0273312368285998,0.2857142857142857
2017-03-01,2017-05-31,Zip Code: 98109,Condo/Co-op,498000.0,462500.0,599.0016638935108,59.0,86.0,15.0,1.0889605456407336,0.7457627118644067
2016-07-01,2016-09-30,Zip Code: 98109,Condo/Co-op,419500.0,422000.0,519.976076555024,76.0,80.0,22.0,1.0189665682685425,0.4868421052631579
2021-09-01,2021-11-30,Zip Code: 98199,Single Family Residential,1345000.0,1296949.0,563.7254901960785,77.0,68.0,10.0,1.0253140466360446,0.4285714285714285
2019-10-01,2019-12-31,Zip Code: 98136,Single Family Residential,700000.0,707000.0,396.4646464646465,58.0,42.0,14.0,0.9990529250418732,0.396551724137931
2012-12-01,2013-02-28,Zip Code: 98146,Single Family Residential,275000.0,273500.0,160.0,57.0,64.0,55.0,0.98741358514955,0.2105263157894736
2021-04-01,2021-06-30,Zip Code: 98199,All Residential,1065000.0,1089500.0,567.3341737199112,174.0,219.0,53.0,1.0590082113367325,0.5632183908045976
2021-10-01,2021-12-31,Zip Code: 98118,Single Family Residential,776750.0,752500.0,448.8455988455988,144.0,82.0,13.0,1.0395826649648088,0.4791666666666666
2013-04-01,2013-06-30,Zip Code: 98118,All Residential,318100.0,349440.0,188.0821846282373,144.0,216.0,128.0,1.0033602413749485,0.4236111111111111
2023-02-01,2023-04-30,Zip Code: 98178,Multi-Family (2-4 Unit),1200000.0,669000.0,389.6103896103896,1.0,1.0,,1.0,0.0
2017-01-01,2017-03-31,Zip Code: 98177,All Residential,760000.0,699997.5,325.1748251748252,69.0,66.0,17.0,1.022266712211385,0.3913043478260869
2021-11-01,2022-01-31,Zip Code: 98115,Multi-Family (2-4 Unit),1670000.0,1895000.0,357.93736650855726,5.0,5.0,3.0,0.9324865125291768,0.0
2012-04-01,2012-06-30,Zip Code: 98125,Multi-Family (2-4 Unit),260000.0,440000.0,100.0,1.0,4.0,6.0,1.0003847633705272,1.0
2015-01-01,2015-03-31,Zip Code: 98121,Townhouse,745000.0,750000.0,589.8653998416469,1.0,1.0,,0.9933333333333332,0.0
2019-01-01,2019-03-31,Zip Code: 98115,All Residential,742000.0,747500.0,431.4462996013544,112.0,175.0,68.0,0.9933427261948168,0.2410714285714285
2023-08-01,2023-10-31,Zip Code: 98119,Single Family Residential,1200000.0,1299999.5,617.4863387978144,31.0,40.0,21.0,0.9902415056955608,0.2580645161290322
2022-10-01,2022-12-31,Zip Code: 98116,Townhouse,767000.0,770000.0,536.0671140939597,10.0,6.0,3.0,0.9945667667307444,0.2
2013-06-01,2013-08-31,Zip Code: 98126,All Residential,337950.0,342000.0,214.65217391304347,133.0,154.0,86.0,1.0011579383774574,0.3834586466165413
2017-06-01,2017-08-31,Zip Code: 98115,Townhouse,870990.0,753000.0,520.665068903535,21.0,22.0,6.0,1.0283525927647812,0.5238095238095238
2017-11-01,2018-01-31,Zip Code: 98146,All Residential,463000.0,449975.0,274.1898148148148,78.0,68.0,22.0,1.0175580710804146,0.5
2023-08-01,2023-10-31,Zip Code: 98146,Condo/Co-op,395000.0,349950.0,348.1624758220503,4.0,7.0,5.0,0.985882340497064,0.25
2016-01-01,2016-03-31,Zip Code: 98146,Single Family Residential,427000.0,397500.0,211.11111111111111,67.0,87.0,29.0,1.0111274702231998,0.4626865671641791
2013-11-01,2014-01-31,Zip Code: 98146,Condo/Co-op,105000.0,199900.0,101.54738878143134,3.0,1.0,5.0,0.9791360461149492,0.3333333333333333
2012-10-01,2012-12-31,Zip Code: 98125,All Residential,304500.0,315000.0,186.06150793650795,124.0,71.0,46.0,0.9985056715028896,0.2580645161290322
2016-09-01,2016-11-30,Zip Code: 98146,Townhouse,210000.0,,171.70891251022076,3.0,,,0.9764227642276422,0.0
2016-03-01,2016-05-31,Zip Code: 98146,All Residential,412250.0,415000.0,230.26315789473685,109.0,134.0,43.0,1.0307682417934505,0.5412844036697247
2021-07-01,2021-09-30,Zip Code: 98146,Single Family Residential,655000.0,600000.0,401.1695906432748,111.0,105.0,19.0,1.043669031513584,0.5945945945945946
2023-08-01,2023-10-31,Zip Code: 98177,Condo/Co-op,400000.0,299950.0,434.7826086956522,3.0,3.0,1.0,1.0426204744105183,0.6666666666666666
2021-01-01,2021-03-31,Zip Code: 98199,Single Family Residential,1355400.0,1254000.0,529.0083722495688,90.0,94.0,13.0,1.0405429483288573,0.4777777777777778
2013-12-01,2014-02-28,Zip Code: 98136,Townhouse,459950.0,424500.0,283.7446020974707,6.0,9.0,3.0,0.9952839327812028,0.0
2017-09-01,2017-11-30,Zip Code: 98177,All Residential,699950.0,709950.0,335.9375,89.0,97.0,24.0,1.0246493959590997,0.449438202247191
2023-01-01,2023-03-31,Zip Code: 98199,All Residential,921101.0,1050000.0,564.6864067966017,57.0,69.0,36.0,0.9850249920842202,0.2105263157894736
2013-04-01,2013-06-30,Zip Code: 98108,Single Family Residential,296000.0,309950.0,175.07742565016332,72.0,80.0,22.0,1.0124381102381743,0.3888888888888889
2017-10-01,2017-12-31,Zip Code: 98146,Townhouse,258625.0,262000.0,233.25550917727747,4.0,8.0,3.0,1.0438945924052307,1.0
2018-06-01,2018-08-31,Zip Code: 98146,Condo/Co-op,225000.0,259500.0,257.679180887372,5.0,9.0,5.0,1.010791494010532,0.5999999999999999
2018-07-01,2018-09-30,Zip Code: 98126,Townhouse,585628.5,569900.0,381.90140845070425,20.0,23.0,17.0,1.0093260616580195,0.2999999999999999
2015-02-01,2015-04-30,Zip Code: 98109,Multi-Family (2-4 Unit),885000.0,1387500.0,368.75,1.0,4.0,4.0,0.9567567567567568,0.0
2020-02-01,2020-04-30,Zip Code: 98109,Single Family Residential,1400000.0,1464500.0,514.5167217934584,9.0,22.0,15.0,1.0149239712155826,0.2222222222222222
2015-10-01,2015-12-31,Zip Code: 98125,All Residential,450000.0,422500.0,265.08838383838383,137.0,93.0,19.0,1.0221044224117273,0.437956204379562
2012-06-01,2012-08-31,Zip Code: 98125,Single Family Residential,346000.0,344750.0,204.7998366013072,96.0,100.0,35.0,0.9906885045299376,0.25
2012-03-01,2012-05-31,Zip Code: 98126,Townhouse,233990.0,241990.0,173.01282051282053,13.0,13.0,8.0,0.9828183580853876,0.2307692307692307
2015-07-01,2015-09-30,Zip Code: 98199,Condo/Co-op,274500.0,269500.0,323.02052012449224,24.0,23.0,7.0,1.029125000139106,0.5416666666666666
2012-04-01,2012-06-30,Zip Code: 98116,Single Family Residential,485000.0,497000.0,233.57491542842465,69.0,107.0,51.0,0.992359070659508,0.3623188405797101
2013-05-01,2013-07-31,Zip Code: 98105,Multi-Family (2-4 Unit),613500.0,699975.0,240.53269827852463,6.0,6.0,1.0,0.9972526752371216,0.3333333333333333
2021-03-01,2021-05-31,Zip Code: 98126,Single Family Residential,735000.0,700000.0,440.15569250729806,99.0,114.0,17.0,1.079827202650231,0.7676767676767676
2023-10-01,2023-12-31,Zip Code: 98105,Condo/Co-op,457500.0,540000.0,542.7114358401589,14.0,11.0,15.0,0.9824607695091808,0.1428571428571428
2014-08-01,2014-10-31,Zip Code: 98109,All Residential,405000.0,459950.0,400.1194743130226,91.0,106.0,57.0,1.000900727047997,0.3076923076923077
2021-04-01,2021-06-30,Zip Code: 98109,Single Family Residential,1550000.0,1545000.0,578.5123966942149,51.0,53.0,13.0,1.039143321612099,0.588235294117647
2017-02-01,2017-04-30,Zip Code: 98107,Single Family Residential,802750.0,749000.0,482.78891548790153,40.0,62.0,7.0,1.101835499922694,0.7249999999999999
2020-09-01,2020-11-30,Zip Code: 98146,Condo/Co-op,214000.0,247500.0,273.1805351006382,6.0,8.0,6.0,0.993613095163027,0.3333333333333333
2014-06-01,2014-08-31,Zip Code: 98109,Condo/Co-op,320000.0,355000.0,391.90821256038646,64.0,70.0,32.0,0.9884246416626536,0.234375
2017-06-01,2017-08-31,Zip Code: 98177,Single Family Residential,710000.0,699000.0,342.11373414960053,94.0,101.0,25.0,1.0527332762786776,0.6382978723404255
2021-07-01,2021-09-30,Zip Code: 98178,All Residential,619461.5,604950.0,361.7382003550134,112.0,110.0,27.0,1.046527659199124,0.6428571428571429
2021-09-01,2021-11-30,Zip Code: 98126,Condo/Co-op,310000.0,327475.0,451.8072289156626,11.0,10.0,1.0,1.004421793423956,0.3636363636363636
2015-06-01,2015-08-31,Zip Code: 98199,Single Family Residential,772500.0,749000.0,348.28412347743017,94.0,85.0,27.0,1.032187322209989,0.4680851063829787
2018-06-01,2018-08-31,Zip Code: 98109,Multi-Family (2-4 Unit),947500.0,2017000.0,539.5785876993166,1.0,2.0,1.0,0.9717948717948716,0.0
2021-08-01,2021-10-31,Zip Code: 98199,Multi-Family (2-4 Unit),1370000.0,1320000.0,401.7595307917889,3.0,5.0,1.0,0.9190930033395786,0.3333333333333333
2022-08-01,2022-10-31,Zip Code: 98177,All Residential,1050000.0,1100000.0,478.8077112656772,78.0,87.0,35.0,1.0066110483765205,0.3461538461538461
2014-10-01,2014-12-31,Zip Code: 98116,Condo/Co-op,331000.0,364750.0,400.0591526179199,24.0,9.0,7.0,0.9632859259481572,0.1666666666666666
2021-07-01,2021-09-30,Zip Code: 98125,Multi-Family (2-4 Unit),682500.0,989000.0,338.9008620689655,2.0,2.0,,0.9785038602448992,0.0
2014-08-01,2014-10-31,Zip Code: 98109,Townhouse,656000.0,654950.0,459.3837535014006,7.0,6.0,4.0,0.9864348401642024,0.5714285714285714
2016-05-01,2016-07-31,Zip Code: 98146,All Residential,418000.0,397950.0,243.125,127.0,168.0,63.0,1.0365124877575096,0.6062992125984252
2012-07-01,2012-09-30,Zip Code: 98177,Single Family Residential,446500.0,499500.0,203.92156862745097,67.0,79.0,70.0,0.98117506497342,0.208955223880597
2013-12-01,2014-02-28,Zip Code: 98109,Condo/Co-op,295000.0,307450.0,361.2167300380228,39.0,52.0,34.0,0.994687799229198,0.3333333333333333
2013-03-01,2013-05-31,Zip Code: 98177,Condo/Co-op,305000.0,248000.0,175.2941176470588,7.0,7.0,3.0,0.9777025415128582,0.1428571428571428
2023-02-01,2023-04-30,Zip Code: 98199,All Residential,950000.0,1099950.0,576.2897914379803,65.0,91.0,39.0,0.998930448501088,0.2923076923076923
2015-05-01,2015-07-31,Zip Code: 98199,Townhouse,529000.0,495000.0,344.9485139967937,28.0,23.0,7.0,1.034071871087804,0.5
2019-10-01,2019-12-31,Zip Code: 98125,Multi-Family (2-4 Unit),775000.0,889000.0,432.5581395348837,3.0,3.0,4.0,0.966103516886472,0.0
2014-12-01,2015-02-28,Zip Code: 98126,Townhouse,369000.0,369000.0,208.98305084745763,7.0,9.0,7.0,1.0161926494268276,0.5714285714285714
2022-11-01,2023-01-31,Zip Code: 98146,Condo/Co-op,337450.0,237497.0,338.0164834890219,10.0,2.0,1.0,0.9930872290954792,0.2
2015-12-01,2016-02-29,Zip Code: 98146,Single Family Residential,411033.5,395000.0,204.80518484430127,72.0,59.0,24.0,1.0051941866724514,0.375
2013-04-01,2013-06-30,Zip Code: 98146,Condo/Co-op,105000.0,115000.0,101.54738878143134,9.0,13.0,9.0,0.9704006264088988,0.2222222222222222
2020-08-01,2020-10-31,Zip Code: 98119,Single Family Residential,1287500.0,1262500.0,571.3377296278851,56.0,72.0,21.0,1.0145910992243918,0.4285714285714285
2022-08-01,2022-10-31,Zip Code: 98109,All Residential,801500.0,899950.0,668.9970436992329,68.0,111.0,67.0,0.9965535227134756,0.25
2017-06-01,2017-08-31,Zip Code: 98146,Townhouse,310000.0,277450.0,195.9328134005322,6.0,10.0,1.0,0.9910588871705504,0.3333333333333333
2022-05-01,2022-07-31,Zip Code: 98125,Condo/Co-op,375000.0,399999.0,416.454081632653,17.0,27.0,12.0,1.0489376874226966,0.6470588235294118
2013-12-01,2014-02-28,Zip Code: 98146,Townhouse,192000.0,249000.0,98.33283307450378,2.0,1.0,1.0,1.018203560988573,0.5
2018-04-01,2018-06-30,Zip Code: 98178,Condo/Co-op,165000.0,144950.0,181.94576217583807,8.0,3.0,1.0,1.0251234243542062,0.375
2023-05-01,2023-07-31,Zip Code: 98177,Townhouse,629950.0,619950.0,521.034697277501,14.0,5.0,,0.9859900589381412,0.0714285714285714
2012-08-01,2012-10-31,Zip Code: 98126,Single Family Residential,320000.0,358500.0,204.62790697674416,75.0,82.0,43.0,0.9888600426046252,0.2933333333333333
2018-05-01,2018-07-31,Zip Code: 98105,All Residential,937475.0,950000.0,518.918918918919,102.0,140.0,46.0,1.041825682017921,0.5
2012-07-01,2012-09-30,Zip Code: 98199,Townhouse,378500.0,427000.0,237.95180722891567,5.0,16.0,11.0,0.9857076953682644,0.0
2018-02-01,2018-04-30,Zip Code: 98146,Townhouse,445000.0,339950.0,166.66666666666666,3.0,7.0,2.0,0.9663529089176884,0.0
2023-12-01,2024-02-29,Zip Code: 98146,Townhouse,345000.0,629000.0,360.8786610878661,1.0,3.0,3.0,1.0300044782803404,1.0
2022-01-01,2022-03-31,Zip Code: 98199,Condo/Co-op,435000.0,399950.0,529.1782980017135,24.0,29.0,3.0,1.0358030709346664,0.5416666666666666
2014-04-01,2014-06-30,Zip Code: 98146,Townhouse,110250.0,177475.0,108.72781065088758,1.0,4.0,5.0,1.0,0.0
2019-06-01,2019-08-31,Zip Code: 98118,Townhouse,492475.0,499950.0,407.709636791958,14.0,25.0,19.0,0.990945962421895,0.0
2012-02-01,2012-04-30,Zip Code: 98109,Single Family Residential,640750.0,689925.0,261.9903301305741,20.0,33.0,12.0,0.9826310852887102,0.2999999999999999
2020-07-01,2020-09-30,Zip Code: 98117,All Residential,875000.0,825000.0,468.25396825396825,205.0,233.0,56.0,1.0338525657109554,0.5463414634146341
2013-09-01,2013-11-30,Zip Code: 98112,Single Family Residential,878500.0,749500.0,344.0741701244813,68.0,75.0,36.0,0.9890867040181508,0.25
2014-05-01,2014-07-31,Zip Code: 98199,Condo/Co-op,300000.0,210000.0,285.32494758909854,16.0,31.0,12.0,1.0066218625894692,0.5625
2013-10-01,2013-12-31,Zip Code: 98177,Condo/Co-op,172000.0,365000.0,146.61929735521346,2.0,3.0,3.0,0.8680147205888235,0.0
2018-08-01,2018-10-31,Zip Code: 98199,All Residential,1015000.0,895000.0,447.6333893782104,99.0,139.0,64.0,0.986184138885646,0.2121212121212121
2022-09-01,2022-11-30,Zip Code: 98107,All Residential,838000.0,799925.0,604.026845637584,83.0,110.0,49.0,0.9852444690918692,0.0963855421686747
2012-12-01,2013-02-28,Zip Code: 98177,Single Family Residential,464000.0,520961.0,216.2457178449081,38.0,40.0,34.0,1.0009182840421411,0.2368421052631578
2014-10-01,2014-12-31,Zip Code: 98105,Single Family Residential,640500.0,715000.0,315.46404254950534,62.0,36.0,15.0,0.9979814415371911,0.3225806451612903
2022-10-01,2022-12-31,Zip Code: 98109,All Residential,835000.0,899950.0,624.2197253433209,61.0,69.0,47.0,0.9752601332103192,0.1147540983606557
2016-10-01,2016-12-31,Zip Code: 98104,All Residential,475000.0,605900.0,481.33595284872297,23.0,16.0,14.0,0.9883246214409191,0.1739130434782608
2023-12-01,2024-02-29,Zip Code: 98107,All Residential,835000.0,799950.0,578.8998615272933,46.0,63.0,25.0,0.9911813879612382,0.217391304347826
2016-09-01,2016-11-30,Zip Code: 98133,Multi-Family (2-4 Unit),730000.0,639975.0,396.73913043478257,5.0,4.0,1.0,0.996,0.2
2016-05-01,2016-07-31,Zip Code: 98177,Townhouse,375000.0,424900.0,335.7531760435572,5.0,5.0,2.0,1.0936583357079352,0.8
2020-06-01,2020-08-31,Zip Code: 98133,Condo/Co-op,300000.0,302500.0,387.06460674157296,37.0,48.0,16.0,1.0030568665244073,0.4324324324324324
2015-05-01,2015-07-31,Zip Code: 98109,Single Family Residential,1048000.0,899000.0,437.96992481203006,29.0,29.0,6.0,1.057512340743359,0.6551724137931034
2015-02-01,2015-04-30,Zip Code: 98108,Multi-Family (2-4 Unit),348500.0,435000.0,108.90625,3.0,2.0,1.0,0.9141647341947178,0.0
2017-02-01,2017-04-30,Zip Code: 98122,Multi-Family (2-4 Unit),1195000.0,925000.0,332.16014078310604,3.0,8.0,1.0,1.0991545893719807,0.6666666666666666
2019-06-01,2019-08-31,Zip Code: 98109,All Residential,618000.0,599950.0,617.6853055916775,95.0,99.0,70.0,0.9800717477656644,0.1052631578947368
2018-12-01,2019-02-28,Zip Code: 98136,Single Family Residential,750000.0,835000.0,381.39466312840926,34.0,33.0,15.0,0.9790881104118396,0.088235294117647
2018-09-01,2018-11-30,Zip Code: 98136,Multi-Family (2-4 Unit),639000.0,,361.0169491525424,1.0,,,1.0,0.0
2020-06-01,2020-08-31,Zip Code: 98109,Single Family Residential,1390000.0,1389000.0,584.0962181955931,26.0,43.0,20.0,0.9923824819478952,0.1153846153846153
2012-12-01,2013-02-28,Zip Code: 98109,All Residential,395500.0,349000.0,317.21919543544533,49.0,79.0,49.0,0.983066460378274,0.2653061224489796
2014-11-01,2015-01-31,Zip Code: 98109,Multi-Family (2-4 Unit),630000.0,,314.31592039800995,2.0,,1.0,0.9740107457274608,0.5
2013-02-01,2013-04-30,Zip Code: 98199,Multi-Family (2-4 Unit),559500.0,479500.0,239.1025641025641,1.0,3.0,1.0,1.1668404588112615,1.0
2015-12-01,2016-02-29,Zip Code: 98136,All Residential,540000.0,500000.0,304.25292529252926,63.0,55.0,16.0,1.0164594144049213,0.4761904761904761
2016-08-01,2016-10-31,Zip Code: 98118,Multi-Family (2-4 Unit),651250.0,614950.0,219.63420437829888,4.0,4.0,1.0,0.97795808151471,0.25
2016-06-01,2016-08-31,Zip Code: 98199,All Residential,757475.0,719000.0,406.61975339394695,128.0,139.0,45.0,1.026539450157108,0.4921875
2023-05-01,2023-07-31,Zip Code: 98125,Townhouse,649975.0,689950.0,451.720241084882,10.0,9.0,5.0,0.997267833018662,0.2999999999999999
2013-05-01,2013-07-31,Zip Code: 98107,Condo/Co-op,279000.0,279000.0,339.53997809419496,35.0,61.0,26.0,0.9947801527268582,0.2571428571428571
2016-02-01,2016-04-30,Zip Code: 98146,All Residential,409975.0,397500.0,201.1045945945946,98.0,109.0,34.0,1.015887846382724,0.4693877551020408
2017-01-01,2017-03-31,Zip Code: 98109,Townhouse,999900.0,999450.0,714.2135642135643,15.0,14.0,3.0,1.0031336822412686,0.2666666666666666
2023-05-01,2023-07-31,Zip Code: 98133,Multi-Family (2-4 Unit),820000.0,1300000.0,378.36538461538464,3.0,3.0,2.0,1.0032520325203251,0.3333333333333333
2015-03-01,2015-05-31,Zip Code: 98146,Condo/Co-op,137500.0,134950.0,135.66516226090692,6.0,5.0,2.0,0.9834308170977484,0.1666666666666666
2014-03-01,2014-05-31,Zip Code: 98146,All Residential,288995.0,275000.0,165.8372774397115,102.0,141.0,78.0,0.9950664041571714,0.3235294117647059
2019-10-01,2019-12-31,Zip Code: 98146,All Residential,509200.0,499950.0,299.3630573248408,81.0,55.0,36.0,0.9893926397280532,0.2592592592592592
2020-10-01,2020-12-31,Zip Code: 98116,Single Family Residential,917850.0,850000.0,435.6571843853821,96.0,71.0,17.0,1.0076861394840948,0.3541666666666666
2019-07-01,2019-09-30,Zip Code: 98109,Single Family Residential,1125000.0,1451500.0,471.6666666666666,23.0,20.0,12.0,0.969604721299754,0.217391304347826
2013-03-01,2013-05-31,Zip Code: 98177,Multi-Family (2-4 Unit),495000.0,,183.3333333333333,1.0,,,0.99009900990099,0.0
2018-07-01,2018-09-30,Zip Code: 98125,Townhouse,520000.0,575000.0,410.2096627164996,19.0,13.0,7.0,1.0160983804685728,0.4210526315789473
2014-08-01,2014-10-31,Zip Code: 98126,All Residential,352000.0,379900.0,243.7343622613928,130.0,136.0,73.0,1.0030881512734389,0.3076923076923077
2022-11-01,2023-01-31,Zip Code: 98117,Condo/Co-op,500000.0,474000.0,415.5124653739612,5.0,2.0,2.0,0.9914280851092376,0.2
2017-09-01,2017-11-30,Zip Code: 98126,Townhouse,562495.0,599950.0,339.6769480519481,36.0,32.0,4.0,1.004158158043456,0.3055555555555555
2021-07-01,2021-09-30,Zip Code: 98199,Condo/Co-op,390000.0,385000.0,497.1671388101983,25.0,27.0,11.0,1.019443801972598,0.28
2016-04-01,2016-06-30,Zip Code: 98126,Townhouse,409000.0,425000.0,307.26007150001175,16.0,29.0,3.0,1.067320353093306,0.5
2019-03-01,2019-05-31,Zip Code: 98146,Single Family Residential,512500.0,499975.0,316.86688259109314,84.0,122.0,47.0,1.0017575816983724,0.4285714285714285
2020-01-01,2020-03-31,Zip Code: 98146,Condo/Co-op,252000.0,242000.0,283.9562569213732,10.0,10.0,3.0,0.9957008009643366,0.2999999999999999
2021-11-01,2022-01-31,Zip Code: 98126,Multi-Family (2-4 Unit),995000.0,990000.0,319.935691318328,1.0,1.0,,1.0474235486078214,1.0
2020-12-01,2021-02-28,Zip Code: 98105,Townhouse,760000.0,752000.0,503.55450236966817,25.0,20.0,5.0,1.00203274094687,0.4
2016-08-01,2016-10-31,Zip Code: 98126,Single Family Residential,545000.0,498500.0,329.67891483516485,106.0,118.0,37.0,1.0305000803455424,0.5188679245283018
2021-11-01,2022-01-31,Zip Code: 98126,Townhouse,614000.0,662500.0,480.87094570153926,28.0,14.0,1.0,1.0058438528597036,0.25
2022-09-01,2022-11-30,Zip Code: 98146,Condo/Co-op,337200.0,320000.0,347.29263769005075,12.0,11.0,3.0,0.9996591750866536,0.25
2023-07-01,2023-09-30,Zip Code: 98146,All Residential,635000.0,675000.0,437.8531073446328,67.0,82.0,27.0,1.0027716868868544,0.3283582089552238
2018-07-01,2018-09-30,Zip Code: 98146,Townhouse,378000.0,279995.0,231.3826217273415,2.0,3.0,2.0,1.011498406125118,0.5
2016-01-01,2016-03-31,Zip Code: 98177,Townhouse,328500.0,279975.0,260.97744360902254,2.0,2.0,,1.167411876338364,1.0
2016-12-01,2017-02-28,Zip Code: 98199,All Residential,681925.0,730000.0,417.9093645134228,82.0,101.0,39.0,1.0172284349875866,0.4512195121951219
2017-06-01,2017-08-31,Zip Code: 98109,All Residential,630000.0,690000.0,583.3333333333334,121.0,117.0,28.0,1.0633388264018264,0.537190082644628
2013-02-01,2013-04-30,Zip Code: 98115,All Residential,419750.0,449950.0,245.41059629010428,174.0,201.0,61.0,1.0104426671503774,0.4712643678160919
2023-06-01,2023-08-31,Zip Code: 98199,Townhouse,765590.0,828750.0,553.5719450469993,7.0,16.0,13.0,0.9978527272875192,0.2857142857142857
2012-11-01,2013-01-31,Zip Code: 98136,Townhouse,355000.0,291975.0,230.2275189599133,5.0,2.0,5.0,0.9711243190820246,0.0
2017-01-01,2017-03-31,Zip Code: 98199,Townhouse,685000.0,674900.0,458.4253127299485,21.0,23.0,2.0,1.0336379355326994,0.5714285714285714
2014-09-01,2014-11-30,Zip Code: 98109,Single Family Residential,780000.0,729950.0,363.6835278858625,19.0,27.0,15.0,1.0113072084075825,0.4210526315789473
2017-09-01,2017-11-30,Zip Code: 98133,Condo/Co-op,293750.0,279975.0,342.87421061614606,54.0,54.0,10.0,1.0336659278180895,0.6481481481481481
2021-03-01,2021-05-31,Zip Code: 98199,Condo/Co-op,400000.0,363500.0,450.0494559841741,29.0,30.0,7.0,0.996805391322294,0.1724137931034482
2014-08-01,2014-10-31,Zip Code: 98105,Townhouse,545900.0,520000.0,431.25,9.0,7.0,6.0,1.0108828257918343,0.4444444444444444
2018-09-01,2018-11-30,Zip Code: 98146,Condo/Co-op,232500.0,240000.0,275.82365247563484,8.0,11.0,7.0,0.979410941469386,0.25
2017-12-01,2018-02-28,Zip Code: 98199,Single Family Residential,968500.0,1124500.0,476.1670761670762,51.0,44.0,19.0,1.0576522133345887,0.5490196078431373
2018-07-01,2018-09-30,Zip Code: 98107,Single Family Residential,805000.0,800000.0,478.494623655914,35.0,45.0,18.0,1.0251303913010166,0.4285714285714285
2018-03-01,2018-05-31,Zip Code: 98126,Condo/Co-op,383500.0,528990.0,479.8429319371728,21.0,48.0,11.0,1.0607753656134993,0.6666666666666666
2021-12-01,2022-02-28,Zip Code: 98126,Single Family Residential,812500.0,799000.0,485.6499356499356,46.0,51.0,9.0,1.0797224379222892,0.6739130434782608
2012-02-01,2012-04-30,Zip Code: 98146,All Residential,235250.0,205000.0,130.70539419087137,62.0,95.0,86.0,0.9673178888358503,0.1935483870967741
2021-12-01,2022-02-28,Zip Code: 98177,All Residential,975000.0,922475.0,512.2699386503067,43.0,36.0,3.0,1.0586811638324172,0.5813953488372093
2023-08-01,2023-10-31,Zip Code: 98109,All Residential,910000.0,909950.0,623.4096692111959,81.0,91.0,54.0,0.991028529236581,0.2098765432098765
2016-05-01,2016-07-31,Zip Code: 98107,All Residential,622000.0,588000.0,453.8930142022925,158.0,149.0,31.0,1.041593893181558,0.5316455696202531
2015-12-01,2016-02-29,Zip Code: 98177,All Residential,634000.0,650000.0,280.1898734177215,51.0,53.0,18.0,1.0313578631165872,0.4901960784313725
2018-02-01,2018-04-30,Zip Code: 98112,All Residential,1190000.0,1151500.0,602.3992139959432,88.0,122.0,24.0,1.0508530573088546,0.5227272727272727
2020-04-01,2020-06-30,Zip Code: 98133,All Residential,579450.0,619000.0,386.86563670412,164.0,215.0,64.0,1.0174750798691614,0.4451219512195122
2017-01-01,2017-03-31,Zip Code: 98133,Condo/Co-op,251500.0,240000.0,307.0652173913044,25.0,35.0,7.0,1.042827415360957,0.52
2019-04-01,2019-06-30,Zip Code: 98199,All Residential,900000.0,944000.0,462.9629629629629,137.0,205.0,94.0,1.0052006339090749,0.3503649635036496
2022-05-01,2022-07-31,Zip Code: 98126,Townhouse,710000.0,685000.0,482.1428571428572,21.0,21.0,6.0,1.0188986518198402,0.4285714285714285
2023-05-01,2023-07-31,Zip Code: 98109,All Residential,849950.0,985000.0,621.9211822660099,65.0,95.0,52.0,0.9987567750492488,0.2615384615384615
2023-06-01,2023-08-31,Zip Code: 98109,Townhouse,1352000.0,1150000.0,776.3975155279503,9.0,12.0,5.0,0.982502643415229,0.0
2014-08-01,2014-10-31,Zip Code: 98104,Condo/Co-op,270000.0,373950.0,383.2199546485261,19.0,18.0,12.0,0.9709892301657232,0.1052631578947368
2018-09-01,2018-11-30,Zip Code: 98126,Condo/Co-op,563761.5,339500.0,421.7559912854031,28.0,16.0,19.0,0.9994766126673092,0.25
2014-08-01,2014-10-31,Zip Code: 98144,All Residential,410000.0,438275.0,270.48192771084337,117.0,120.0,55.0,1.002835388150539,0.2905982905982906
2015-10-01,2015-12-31,Zip Code: 98144,All Residential,490000.0,519950.0,332.7110112383916,132.0,82.0,22.0,1.014019778614011,0.4242424242424242
2019-02-01,2019-04-30,Zip Code: 98125,All Residential,650549.5,633000.0,372.25851592900096,86.0,139.0,69.0,1.0037127440269638,0.3372093023255813
2017-09-01,2017-11-30,Zip Code: 98115,Townhouse,799950.0,789950.0,529.0117576527614,22.0,8.0,3.0,1.0232501022810103,0.3636363636363636
2023-05-01,2023-07-31,Zip Code: 98125,Single Family Residential,848975.0,802450.0,507.96795952782463,98.0,104.0,33.0,1.0286981778952542,0.4795918367346938
2013-01-01,2013-03-31,Zip Code: 98146,Single Family Residential,279950.0,281689.5,165.9090909090909,53.0,90.0,63.0,0.99708399700393,0.2830188679245282
2014-04-01,2014-06-30,Zip Code: 98178,Multi-Family (2-4 Unit),238975.0,,85.34821428571429,1.0,,2.0,1.194880974404872,1.0
2018-07-01,2018-09-30,Zip Code: 98122,Condo/Co-op,449500.0,499000.0,670.3763440860215,37.0,69.0,36.0,1.0024795573353718,0.2972972972972973
2015-08-01,2015-10-31,Zip Code: 98146,Single Family Residential,348500.0,372500.0,203.16917708222056,94.0,102.0,48.0,1.0023473749527787,0.4468085106382978
2017-09-01,2017-11-30,Zip Code: 98125,All Residential,579950.0,549950.0,351.77001930248684,162.0,133.0,14.0,1.0377867250540722,0.5617283950617284
2018-12-01,2019-02-28,Zip Code: 98102,Townhouse,980000.0,1098475.0,621.8487394957983,23.0,14.0,10.0,0.9773118317754096,0.0869565217391304
2022-04-01,2022-06-30,Zip Code: 98109,Condo/Co-op,535000.0,537500.0,698.539176626826,65.0,84.0,36.0,1.014333960889072,0.4153846153846154
2022-04-01,2022-06-30,Zip Code: 98119,Single Family Residential,1650000.0,1595000.0,687.2246696035243,49.0,68.0,19.0,1.0779161727163031,0.6122448979591836
2017-01-01,2017-03-31,Zip Code: 98122,Single Family Residential,822500.0,750000.0,431.9064938818768,46.0,55.0,18.0,1.0388989515835707,0.4565217391304347
2012-05-01,2012-07-31,Zip Code: 98116,Townhouse,327000.0,369000.0,284.77218225419665,7.0,11.0,6.0,1.0088628320071469,0.4285714285714285
2014-01-01,2014-03-31,Zip Code: 98146,Multi-Family (2-4 Unit),297000.0,299950.0,103.125,1.0,1.0,,0.8389830508474576,0.0
2015-03-01,2015-05-31,Zip Code: 98117,Townhouse,449000.0,430000.0,337.3015873015873,19.0,18.0,2.0,1.02971950656245,0.631578947368421
2014-09-01,2014-11-30,Zip Code: 98126,Townhouse,357500.0,385000.0,257.84607696151926,10.0,17.0,8.0,0.9928171382611414,0.0
2023-10-01,2023-12-31,Zip Code: 98146,All Residential,670000.0,677500.0,428.05755395683445,43.0,46.0,20.0,1.005612211219721,0.3023255813953488
2015-09-01,2015-11-30,Zip Code: 98199,Single Family Residential,831000.0,825500.0,359.53191167574107,64.0,78.0,20.0,1.028954308728345,0.53125
2023-08-01,2023-10-31,Zip Code: 98118,Townhouse,650000.0,655000.0,490.4761904761905,25.0,29.0,24.0,0.9953772337609282,0.2
2012-04-01,2012-06-30,Zip Code: 98133,Single Family Residential,294000.0,330000.0,177.57617126758504,112.0,135.0,73.0,1.0099455139749969,0.3303571428571428
2021-07-01,2021-09-30,Zip Code: 98117,Single Family Residential,960000.0,949000.0,515.8380994280686,181.0,189.0,27.0,1.0562123469624507,0.6022099447513812
2021-04-01,2021-06-30,Zip Code: 98177,Townhouse,612500.0,675000.0,430.5145210920548,2.0,5.0,2.0,0.9923076923076924,0.0
2017-07-01,2017-09-30,Zip Code: 98177,Condo/Co-op,393000.0,350000.0,288.4810239495945,8.0,14.0,7.0,1.0121303893124318,0.625
2020-09-01,2020-11-30,Zip Code: 98133,All Residential,600000.0,620000.0,375.0,197.0,229.0,62.0,1.0110390487443344,0.3807106598984771
2015-10-01,2015-12-31,Zip Code: 98115,Townhouse,549000.0,579950.0,345.28301886792445,13.0,5.0,,1.0117272555172483,0.3846153846153846
2012-03-01,2012-05-31,Zip Code: 98178,Single Family Residential,216500.0,214950.0,110.47408645808454,74.0,91.0,87.0,0.9933552915451398,0.3378378378378378
2018-04-01,2018-06-30,Zip Code: 98115,Single Family Residential,893125.0,849000.0,468.98952478283087,146.0,202.0,41.0,1.0886757042102966,0.6917808219178082
2023-08-01,2023-10-31,Zip Code: 98109,Multi-Family (2-4 Unit),1420382.5,1362750.0,422.15751133031193,2.0,2.0,1.0,1.0246263708381824,0.5
2020-08-01,2020-10-31,Zip Code: 98199,Townhouse,730000.0,744950.0,507.8457446808511,23.0,28.0,14.0,0.9999247270637354,0.217391304347826
2012-05-01,2012-07-31,Zip Code: 98126,Condo/Co-op,225000.0,214900.0,222.5146871686108,16.0,17.0,16.0,0.9695732186963278,0.0625
2022-01-01,2022-03-31,Zip Code: 98136,Townhouse,700000.0,676000.0,515.2831402831403,10.0,12.0,2.0,1.0845637441146398,0.8
2020-01-01,2020-03-31,Zip Code: 98146,Single Family Residential,535000.0,575000.0,316.6666666666667,55.0,68.0,27.0,1.0228665275861784,0.4545454545454545
2013-01-01,2013-03-31,Zip Code: 98109,Townhouse,512000.0,499000.0,311.377245508982,7.0,7.0,2.0,1.0049393969731246,0.5714285714285714
2014-05-01,2014-07-31,Zip Code: 98112,Multi-Family (2-4 Unit),875000.0,915000.0,300.68728522336767,1.0,2.0,3.0,1.093818363647728,1.0
2012-05-01,2012-07-31,Zip Code: 98146,All Residential,215000.0,235750.0,130.4481935117753,82.0,98.0,79.0,0.9948317445508402,0.2560975609756097
2013-11-01,2014-01-31,Zip Code: 98109,Townhouse,524500.0,509450.0,313.5143901863647,12.0,4.0,2.0,0.9667984235430788,0.0833333333333333
2019-07-01,2019-09-30,Zip Code: 98117,Townhouse,599500.0,639800.0,440.97731074799526,26.0,37.0,21.0,0.991589484769474,0.1923076923076923
2020-04-01,2020-06-30,Zip Code: 98146,Townhouse,303000.0,285450.0,259.3818416915233,2.0,2.0,1.0,1.0,0.0
2017-11-01,2018-01-31,Zip Code: 98126,All Residential,635000.0,589738.0,359.0844155844156,127.0,86.0,16.0,1.0103958732796343,0.3700787401574803
2020-05-01,2020-07-31,Zip Code: 98105,Townhouse,643000.0,729950.0,546.2114537444934,5.0,17.0,6.0,0.9919972103082692,0.2
2021-09-01,2021-11-30,Zip Code: 98146,Condo/Co-op,367000.0,217990.0,309.36880115068686,8.0,3.0,,0.9786008516543876,0.125
2023-06-01,2023-08-31,Zip Code: 98106,Condo/Co-op,456750.0,524950.0,578.1645569620254,7.0,19.0,7.0,0.9958069699410782,0.4285714285714285
2019-01-01,2019-03-31,Zip Code: 98119,Townhouse,818500.0,862250.0,570.9285714285713,19.0,28.0,18.0,0.9933639975671444,0.1578947368421052
2020-12-01,2021-02-28,Zip Code: 98136,All Residential,681000.0,599475.0,452.0725789498272,84.0,90.0,15.0,1.01316630173337,0.369047619047619
2018-08-01,2018-10-31,Zip Code: 98126,Multi-Family (2-4 Unit),952490.0,1250000.0,308.35093876118617,2.0,1.0,,0.996272162448856,0.0
2019-01-01,2019-03-31,Zip Code: 98126,Townhouse,522500.0,544900.0,359.4959547669394,22.0,31.0,10.0,0.9934487026232818,0.3181818181818181
2023-06-01,2023-08-31,Zip Code: 98177,Multi-Family (2-4 Unit),895000.0,,483.7837837837838,1.0,,,0.917948717948718,0.0
2015-06-01,2015-08-31,Zip Code: 98105,Single Family Residential,750000.0,685000.0,367.5213675213674,73.0,64.0,13.0,1.0446937636201488,0.547945205479452
2017-07-01,2017-09-30,Zip Code: 98107,Single Family Residential,853750.0,865000.0,466.2118780096308,58.0,54.0,9.0,1.0706127642531795,0.586206896551724
2013-07-01,2013-09-30,Zip Code: 98146,Single Family Residential,294250.0,311975.0,174.7009493670886,80.0,130.0,97.0,0.9992077415259856,0.3624999999999999
2019-11-01,2020-01-31,Zip Code: 98146,Single Family Residential,555000.0,549500.0,307.9959879829632,56.0,45.0,19.0,0.9917596564397544,0.25
2020-09-01,2020-11-30,Zip Code: 98106,Townhouse,522250.0,525000.0,351.17906683480453,46.0,55.0,31.0,1.002558705550777,0.3260869565217391
2022-04-01,2022-06-30,Zip Code: 98116,Multi-Family (2-4 Unit),4350000.0,1350000.0,2338.709677419354,1.0,1.0,1.0,,0.0
2020-09-01,2020-11-30,Zip Code: 98125,Condo/Co-op,307475.0,332000.0,383.2869063459888,16.0,22.0,11.0,1.0004916366572374,0.25
2014-01-01,2014-03-31,Zip Code: 98109,Multi-Family (2-4 Unit),775000.0,759000.0,259.1973244147157,1.0,1.0,,1.0210803689064558,1.0
2017-08-01,2017-10-31,Zip Code: 98126,Multi-Family (2-4 Unit),858750.0,885000.0,296.00488805845646,2.0,2.0,,0.998954927278164,0.5
2017-04-01,2017-06-30,Zip Code: 98177,Multi-Family (2-4 Unit),595000.0,699000.0,316.48936170212767,1.0,1.0,,0.9754098360655736,0.0
2018-09-01,2018-11-30,Zip Code: 98109,Condo/Co-op,602000.0,525000.0,620.3620092580502,34.0,72.0,52.0,0.9855607266371492,0.088235294117647
2021-09-01,2021-11-30,Zip Code: 98107,Single Family Residential,1087500.0,1135000.0,594.1520467836258,52.0,51.0,3.0,1.0732132050975816,0.6923076923076922
2020-12-01,2021-02-28,Zip Code: 98105,Condo/Co-op,429997.5,352475.0,540.9489762755932,10.0,8.0,9.0,0.9775493635612788,0.0
2017-06-01,2017-08-31,Zip Code: 98126,Multi-Family (2-4 Unit),875000.0,1065000.0,347.36984411128515,2.0,3.0,1.0,1.0778311410620116,1.0
2022-05-01,2022-07-31,Zip Code: 98136,Condo/Co-op,452500.0,470000.0,564.8144286905755,10.0,13.0,4.0,1.0277903847295733,0.6999999999999998
2019-04-01,2019-06-30,Zip Code: 98146,Condo/Co-op,257500.0,261250.0,271.97298686175174,4.0,6.0,6.0,1.0,0.0
2012-11-01,2013-01-31,Zip Code: 98109,Single Family Residential,776250.0,559000.0,326.66385233492485,16.0,11.0,6.0,0.9803343964719096,0.3125
2019-07-01,2019-09-30,Zip Code: 98115,Condo/Co-op,401500.0,409999.5,438.01603770319866,40.0,50.0,25.0,0.9944340751454864,0.2
2016-09-01,2016-11-30,Zip Code: 98125,Single Family Residential,559000.0,525000.0,291.42857142857144,122.0,94.0,23.0,1.0259585557290327,0.4590163934426229
2014-01-01,2014-03-31,Zip Code: 98109,All Residential,339000.0,399900.0,324.3801652892562,79.0,101.0,39.0,0.9987625394890148,0.3924050632911392
2021-12-01,2022-02-28,Zip Code: 98125,Condo/Co-op,326000.0,377000.0,428.3307414951007,22.0,20.0,2.0,1.0143834015642197,0.3636363636363636
2014-01-01,2014-03-31,Zip Code: 98115,Multi-Family (2-4 Unit),584000.0,502500.0,185.68376068376068,3.0,2.0,,0.9944689981628708,0.3333333333333333
2020-08-01,2020-10-31,Zip Code: 98117,Condo/Co-op,599900.0,599900.0,451.05263157894734,3.0,11.0,7.0,0.9965907236875609,0.3333333333333333
2023-05-01,2023-07-31,Zip Code: 98199,Townhouse,925000.0,850000.0,549.5818399044206,11.0,15.0,12.0,0.9884125926226353,0.1818181818181818
2020-01-01,2020-03-31,Zip Code: 98105,Townhouse,770000.0,775000.0,557.998921749846,8.0,12.0,8.0,0.9893902554648674,0.0
2019-05-01,2019-07-31,Zip Code: 98105,Single Family Residential,1035000.0,1030000.0,488.07556730557394,72.0,78.0,30.0,1.0121456851749713,0.375
2013-05-01,2013-07-31,Zip Code: 98177,Single Family Residential,475000.0,521750.0,219.2123287671233,89.0,118.0,54.0,1.0031998421098467,0.4943820224719101
2019-03-01,2019-05-31,Zip Code: 98146,Townhouse,357475.0,389000.0,274.27720481101613,6.0,5.0,3.0,0.9865115678265228,0.1666666666666666
2015-01-01,2015-03-31,Zip Code: 98146,All Residential,270000.0,288625.0,172.05882352941177,81.0,100.0,35.0,0.9871419394019286,0.2592592592592592
2014-06-01,2014-08-31,Zip Code: 98199,All Residential,615000.0,627000.0,309.3220338983051,121.0,141.0,72.0,1.0064621615399238,0.396694214876033
2017-05-01,2017-07-31,Zip Code: 98105,Multi-Family (2-4 Unit),950500.0,988000.0,382.7635327635328,6.0,5.0,1.0,1.0870428681915063,0.8333333333333333
2013-12-01,2014-02-28,Zip Code: 98177,All Residential,519900.0,499500.0,226.04327666151468,51.0,48.0,29.0,0.988063662260754,0.2156862745098039
2016-04-01,2016-06-30,Zip Code: 98177,All Residential,673300.0,695000.0,287.90786948176583,93.0,125.0,36.0,1.0409322781682182,0.5053763440860215
2015-03-01,2015-05-31,Zip Code: 98105,Condo/Co-op,324500.0,275000.0,396.3091046277666,12.0,15.0,4.0,1.0105606054136376,0.5
2012-11-01,2013-01-31,Zip Code: 98119,All Residential,506550.0,427625.0,273.7368229734642,70.0,56.0,51.0,0.9769402665519016,0.2428571428571428
2015-11-01,2016-01-31,Zip Code: 98199,All Residential,781000.0,699000.0,358.88157894736844,88.0,81.0,26.0,1.0133401161554487,0.4545454545454545
2017-02-01,2017-04-30,Zip Code: 98115,Condo/Co-op,285000.0,245000.0,363.18556609163767,24.0,30.0,5.0,1.1004082945717093,0.75
2020-10-01,2020-12-31,Zip Code: 98146,All Residential,552500.0,520000.0,335.68086325439265,106.0,86.0,25.0,1.0129931218127155,0.4528301886792452
2012-02-01,2012-04-30,Zip Code: 98199,Multi-Family (2-4 Unit),484400.0,689000.0,187.9040404040404,2.0,1.0,,0.9990025531661492,0.5
2019-10-01,2019-12-31,Zip Code: 98144,Single Family Residential,830000.0,779000.0,398.7730061349693,53.0,33.0,17.0,0.9739432604861996,0.1886792452830188
2017-08-01,2017-10-31,Zip Code: 98115,Multi-Family (2-4 Unit),697500.0,750000.0,440.5830963023161,2.0,3.0,,1.120114022804561,1.0
2017-09-01,2017-11-30,Zip Code: 98199,All Residential,840000.0,827499.5,443.4389140271493,125.0,116.0,31.0,1.0285327236182442,0.4799999999999999
2013-10-01,2013-12-31,Zip Code: 98136,Condo/Co-op,235000.0,238000.0,272.1787709497207,9.0,8.0,7.0,0.9863584858997132,0.0
2012-11-01,2013-01-31,Zip Code: 98199,Multi-Family (2-4 Unit),373000.0,530000.0,193.2642487046632,1.0,2.0,,0.932616577072134,0.0
2019-12-01,2020-02-29,Zip Code: 98126,Multi-Family (2-4 Unit),619000.0,619000.0,418.2432432432432,1.0,1.0,1.0,1.0,0.0
2013-01-01,2013-03-31,Zip Code: 98133,Condo/Co-op,127000.0,139980.0,137.77089783281733,21.0,27.0,15.0,0.9858570297435804,0.238095238095238
2022-08-01,2022-10-31,Zip Code: 98177,Single Family Residential,1242500.0,1249000.0,484.1229838709677,66.0,75.0,28.0,1.0080766791005351,0.3787878787878787
2019-01-01,2019-03-31,Zip Code: 98112,Single Family Residential,1325000.0,1344000.0,525.6797583081571,51.0,78.0,37.0,0.9919043942354412,0.2941176470588235
2019-02-01,2019-04-30,Zip Code: 98126,Townhouse,537500.0,532500.0,359.4959547669394,24.0,36.0,18.0,1.000350435735273,0.3333333333333333
2013-10-01,2013-12-31,Zip Code: 98177,Townhouse,220000.0,212450.0,221.9979818365288,1.0,6.0,5.0,0.9777777777777776,0.0
2023-06-01,2023-08-31,Zip Code: 98115,Condo/Co-op,455000.0,458000.0,510.9090909090909,37.0,45.0,19.0,1.0049021159110787,0.3243243243243243
2017-06-01,2017-08-31,Zip Code: 98177,Townhouse,423500.0,411500.0,321.28461818136225,4.0,4.0,,1.0348944012652803,0.5
2020-09-01,2020-11-30,Zip Code: 98115,Single Family Residential,950000.0,899000.0,448.08743169398906,175.0,154.0,27.0,1.03046554107113,0.5085714285714285
2021-04-01,2021-06-30,Zip Code: 98146,All Residential,652500.0,624603.0,391.2666742674724,142.0,172.0,29.0,1.0884345625640832,0.7253521126760563
2016-03-01,2016-05-31,Zip Code: 98199,Single Family Residential,875000.0,849000.0,376.5987182983365,66.0,96.0,23.0,1.046378643020074,0.5
2012-02-01,2012-04-30,Zip Code: 98177,Single Family Residential,453000.0,486375.0,201.78571428571428,53.0,88.0,65.0,0.981165183792143,0.150943396226415
2020-06-01,2020-08-31,Zip Code: 98199,Multi-Family (2-4 Unit),696250.0,829000.0,267.98017357363574,2.0,3.0,2.0,0.9943854324734446,0.5
2014-11-01,2015-01-31,Zip Code: 98146,All Residential,279000.0,264950.0,160.1953626199059,68.0,64.0,49.0,0.9769666202257072,0.2058823529411764
2018-05-01,2018-07-31,Zip Code: 98199,All Residential,982000.0,998937.5,486.96648524778,125.0,156.0,60.0,1.0315265625425432,0.464
2022-06-01,2022-08-31,Zip Code: 98199,All Residential,1200000.0,1195000.0,612.0331950207469,131.0,163.0,59.0,1.0196826513871111,0.4045801526717557
2013-12-01,2014-02-28,Zip Code: 98199,All Residential,580000.0,589000.0,285.71428571428567,83.0,69.0,43.0,0.9840613978507838,0.1927710843373494
2014-12-01,2015-02-28,Zip Code: 98116,Townhouse,474750.0,549950.0,339.9470899470899,20.0,25.0,8.0,1.000719692804242,0.1499999999999999
2015-05-01,2015-07-31,Zip Code: 98199,All Residential,685000.0,659950.0,342.6748057713652,155.0,137.0,31.0,1.0351655956524604,0.496774193548387
2022-07-01,2022-09-30,Zip Code: 98105,Condo/Co-op,470000.0,486000.0,654.0084388185654,19.0,28.0,23.0,0.9756732265267384,0.1052631578947368
2017-08-01,2017-10-31,Zip Code: 98146,All Residential,435000.0,449900.0,269.98782467532465,146.0,118.0,38.0,1.0207880479368912,0.5136986301369862
2012-07-01,2012-09-30,Zip Code: 98115,Condo/Co-op,159925.0,199000.0,184.70487777701587,30.0,31.0,25.0,0.9754087723848218,0.0666666666666666
2012-06-01,2012-08-31,Zip Code: 98106,All Residential,217150.0,218280.0,139.4273127753304,87.0,87.0,75.0,0.9908236889108444,0.2758620689655172
2023-05-01,2023-07-31,Zip Code: 98126,Single Family Residential,874000.0,760000.0,484.6403301886793,64.0,75.0,16.0,1.0254483798678975,0.53125
2020-01-01,2020-03-31,Zip Code: 98108,Multi-Family (2-4 Unit),816050.0,,280.4295532646048,1.0,,,0.8201507537688442,0.0
2017-04-01,2017-06-30,Zip Code: 98146,All Residential,424000.0,439950.0,277.65507721508067,126.0,165.0,53.0,1.0614598660771193,0.6507936507936508
2022-08-01,2022-10-31,Zip Code: 98199,All Residential,1137475.0,1100000.0,577.0128981825288,104.0,114.0,61.0,0.9853845914619784,0.2211538461538461
2012-02-01,2012-04-30,Zip Code: 98146,Multi-Family (2-4 Unit),90000.0,,62.5,1.0,,,1.0112359550561798,1.0
2017-10-01,2017-12-31,Zip Code: 98105,Multi-Family (2-4 Unit),929000.0,800000.0,472.22222222222223,3.0,1.0,,1.0296841825902336,0.6666666666666666
2012-12-01,2013-02-28,Zip Code: 98109,Single Family Residential,802500.0,729950.0,306.73316708229424,15.0,18.0,8.0,0.9940031074922834,0.4666666666666666
2016-10-01,2016-12-31,Zip Code: 98146,All Residential,409475.0,409950.0,218.9015901455768,110.0,64.0,28.0,1.005512283785137,0.309090909090909
2015-07-01,2015-09-30,Zip Code: 98125,All Residential,430940.0,429950.0,259.6491456327521,158.0,161.0,44.0,1.0221735133550378,0.5
2017-03-01,2017-05-31,Zip Code: 98199,Condo/Co-op,297500.0,374975.0,440.3148495097204,28.0,26.0,5.0,1.0469783590808477,0.5714285714285714
2019-05-01,2019-07-31,Zip Code: 98126,Multi-Family (2-4 Unit),890000.0,890000.0,385.28138528138527,1.0,1.0,,1.0,0.0
2019-02-01,2019-04-30,Zip Code: 98178,Single Family Residential,480000.0,547250.0,276.22273909563825,52.0,86.0,49.0,1.0003217409746847,0.3269230769230769
2022-08-01,2022-10-31,Zip Code: 98126,Single Family Residential,800000.0,799975.0,445.34710062828304,70.0,78.0,29.0,0.9884118795093224,0.2142857142857142
2012-05-01,2012-07-31,Zip Code: 98125,Townhouse,196975.0,269000.0,166.1084665882387,12.0,13.0,8.0,1.0025251107389055,0.25
2019-07-01,2019-09-30,Zip Code: 98199,All Residential,920000.0,910000.0,443.3155080213904,133.0,120.0,67.0,0.9897069814792115,0.225563909774436
2017-01-01,2017-03-31,Zip Code: 98105,Condo/Co-op,419750.0,425000.0,495.8677685950413,11.0,21.0,8.0,1.0540012747883134,0.4545454545454545
2013-01-01,2013-03-31,Zip Code: 98146,Condo/Co-op,117700.0,100000.0,104.34782608695652,7.0,7.0,6.0,0.9441765307144112,0.0
2022-02-01,2022-04-30,Zip Code: 98116,Townhouse,960000.0,907495.0,590.6040268456376,23.0,24.0,2.0,1.0378074154645136,0.7391304347826086
2017-01-01,2017-03-31,Zip Code: 98146,Condo/Co-op,303150.0,151000.0,309.442248183057,6.0,8.0,3.0,1.0100977667852635,0.5
2017-04-01,2017-06-30,Zip Code: 98125,Single Family Residential,700000.0,639497.5,360.0,99.0,132.0,27.0,1.1039764264393348,0.7777777777777777
2019-05-01,2019-07-31,Zip Code: 98109,Multi-Family (2-4 Unit),1295000.0,1470499.5,525.1591777333091,2.0,2.0,1.0,0.9812914964384332,0.0
2020-01-01,2020-03-31,Zip Code: 98126,Single Family Residential,651000.0,675000.0,398.5144927536232,59.0,87.0,24.0,1.0195936903231648,0.4406779661016949
2021-06-01,2021-08-31,Zip Code: 98126,Multi-Family (2-4 Unit),837600.0,760000.0,431.7525773195876,1.0,3.0,2.0,1.1021052631578947,1.0
2017-11-01,2018-01-31,Zip Code: 98126,Condo/Co-op,443250.0,437500.0,445.86010966925534,12.0,20.0,3.0,1.0325023925120078,0.4166666666666666
2020-10-01,2020-12-31,Zip Code: 98109,All Residential,755000.0,732500.0,572.139303482587,89.0,110.0,80.0,0.9879583805717052,0.1348314606741573
2018-07-01,2018-09-30,Zip Code: 98133,Condo/Co-op,299000.0,299975.0,384.61538461538464,31.0,58.0,28.0,1.0083091016022057,0.4193548387096774
2013-08-01,2013-10-31,Zip Code: 98125,All Residential,350000.0,369975.0,203.3505154639176,143.0,174.0,85.0,1.0067862106381893,0.3986013986013985
2022-12-01,2023-02-28,Zip Code: 98146,Multi-Family (2-4 Unit),717856.5,774713.0,362.8830289721066,2.0,1.0,,0.9895342891855148,0.5
2018-05-01,2018-07-31,Zip Code: 98108,All Residential,650000.0,595000.0,414.6919431279621,89.0,131.0,44.0,1.0404904340350425,0.5168539325842697
2016-01-01,2016-03-31,Zip Code: 98177,Condo/Co-op,364900.0,339950.0,263.5658914728682,5.0,3.0,,1.0535493538427187,0.5999999999999999
2014-09-01,2014-11-30,Zip Code: 98112,Townhouse,540000.0,489000.0,426.7241379310345,5.0,2.0,,1.0192927829330702,0.4
2022-02-01,2022-04-30,Zip Code: 98112,Single Family Residential,1780000.0,1950000.0,761.9258842520662,54.0,68.0,17.0,1.1046735240701666,0.5925925925925924
2013-12-01,2014-02-28,Zip Code: 98119,Multi-Family (2-4 Unit),606500.0,749950.0,251.09747023809524,4.0,5.0,4.0,1.0099125023658349,0.25
2021-07-01,2021-09-30,Zip Code: 98116,Townhouse,775000.0,725000.0,526.0380014074595,39.0,40.0,8.0,1.00956680632891,0.3333333333333333
2015-11-01,2016-01-31,Zip Code: 98146,All Residential,360500.0,355000.0,189.3617021276596,75.0,48.0,34.0,1.0076051633775704,0.3733333333333333
2013-09-01,2013-11-30,Zip Code: 98199,Multi-Family (2-4 Unit),1020000.0,595000.0,230.45639403524623,1.0,3.0,2.0,0.9026548672566372,0.0
2019-06-01,2019-08-31,Zip Code: 98125,Condo/Co-op,342500.0,325000.0,326.33596730023146,22.0,29.0,11.0,0.9900856825489924,0.2272727272727272
2016-06-01,2016-08-31,Zip Code: 98109,Condo/Co-op,427500.0,425000.0,516.6959578207382,84.0,89.0,26.0,1.01444815754251,0.4523809523809523
2021-07-01,2021-09-30,Zip Code: 98144,Townhouse,689000.0,714900.0,518.581676750216,67.0,71.0,25.0,1.0174207445452577,0.3582089552238805
2013-04-01,2013-06-30,Zip Code: 98107,Multi-Family (2-4 Unit),452500.0,659975.0,216.34634127324472,4.0,12.0,6.0,1.0047727359305747,0.5
2015-12-01,2016-02-29,Zip Code: 98126,Single Family Residential,531816.0,459000.0,294.6035242290749,71.0,60.0,16.0,1.0213448270251164,0.4366197183098591
2023-08-01,2023-10-31,Zip Code: 98136,Single Family Residential,990000.0,1150000.0,570.1219512195122,47.0,49.0,21.0,1.019302396213082,0.4468085106382978
2012-05-01,2012-07-31,Zip Code: 98102,Condo/Co-op,252500.0,263500.0,329.7546012269939,68.0,70.0,40.0,0.9941179978054068,0.2352941176470588
2015-11-01,2016-01-31,Zip Code: 98136,All Residential,545000.0,535000.0,298.98648648648646,67.0,47.0,18.0,1.0091100030173743,0.3731343283582089
2022-07-01,2022-09-30,Zip Code: 98125,Townhouse,649990.0,669950.0,473.7244897959184,23.0,21.0,11.0,0.999042964018628,0.217391304347826
2021-01-01,2021-03-31,Zip Code: 98146,All Residential,550000.0,582000.0,348.7179487179488,87.0,96.0,14.0,1.0299614270281117,0.5517241379310344
2018-02-01,2018-04-30,Zip Code: 98116,Single Family Residential,887500.0,899000.0,441.0455587532316,46.0,71.0,18.0,1.0737700759592117,0.5869565217391304
2014-04-01,2014-06-30,Zip Code: 98146,Single Family Residential,295267.5,295000.0,182.3987854251012,98.0,129.0,65.0,0.9939151964555428,0.2857142857142857
2012-04-01,2012-06-30,Zip Code: 98177,All Residential,420000.0,475000.0,186.1471861471861,79.0,109.0,78.0,0.9863127161365708,0.2784810126582278
2018-02-01,2018-04-30,Zip Code: 98115,Single Family Residential,922750.0,799888.0,465.4377880184332,93.0,131.0,27.0,1.1045147052073807,0.7204301075268817
2021-05-01,2021-07-31,Zip Code: 98126,All Residential,688250.0,669500.0,435.862625157668,188.0,187.0,41.0,1.0411179726232815,0.5425531914893617
2021-10-01,2021-12-31,Zip Code: 98177,Multi-Family (2-4 Unit),1202000.0,1202000.0,509.3220338983051,1.0,1.0,,1.0,0.0
2021-11-01,2022-01-31,Zip Code: 98177,All Residential,1050000.0,867500.0,482.4561403508772,63.0,29.0,1.0,1.0516616108950632,0.5079365079365079
2018-06-01,2018-08-31,Zip Code: 98133,Multi-Family (2-4 Unit),725000.0,925000.0,324.8822302347106,4.0,8.0,4.0,0.9983794136767968,0.25
2012-01-01,2012-03-31,Zip Code: 98116,Townhouse,312000.0,269475.0,250.3382949932341,6.0,10.0,3.0,0.9895937022627832,0.3333333333333333
2023-06-01,2023-08-31,Zip Code: 98178,Single Family Residential,749950.0,734475.0,406.6265060240964,51.0,62.0,28.0,1.00093320268283,0.3725490196078431
2012-03-01,2012-05-31,Zip Code: 98177,Townhouse,185000.0,290000.0,136.17021276595744,3.0,3.0,2.0,0.9897273198002507,0.0
2012-03-01,2012-05-31,Zip Code: 98109,All Residential,394000.0,440000.0,291.9698006034324,106.0,133.0,75.0,0.987665815103806,0.2075471698113207
2022-12-01,2023-02-28,Zip Code: 98109,Single Family Residential,1275000.0,1305000.0,577.0833333333334,15.0,13.0,9.0,0.9655746016174124,0.0666666666666666
2013-03-01,2013-05-31,Zip Code: 98146,Condo/Co-op,115000.0,106950.0,102.34782608695652,7.0,10.0,9.0,0.9638049771206806,0.1428571428571428
2015-04-01,2015-06-30,Zip Code: 98106,Condo/Co-op,220000.0,182000.0,245.72823433685923,7.0,6.0,2.0,1.0598410819093074,0.5714285714285714
2012-04-01,2012-06-30,Zip Code: 98199,Condo/Co-op,226000.0,205000.0,211.21495327102804,11.0,12.0,9.0,0.9724565823063888,0.1818181818181818
2019-06-01,2019-08-31,Zip Code: 98109,Condo/Co-op,503750.0,499995.0,628.3310043137493,58.0,65.0,44.0,0.9813840752044016,0.1034482758620689
2021-02-01,2021-04-30,Zip Code: 98146,All Residential,591500.0,619950.0,379.37856772184745,98.0,119.0,17.0,1.0615299521466357,0.6530612244897958
2016-10-01,2016-12-31,Zip Code: 98116,All Residential,638750.0,649000.0,384.77591444377686,128.0,65.0,34.0,1.003033689660394,0.3359375
2022-02-01,2022-04-30,Zip Code: 98125,Townhouse,759950.0,665000.0,486.86131386861314,41.0,25.0,5.0,1.0360676875929586,0.3414634146341463
2013-12-01,2014-02-28,Zip Code: 98125,All Residential,363000.0,375000.0,209.3023255813953,87.0,87.0,44.0,1.0078047711685307,0.3333333333333333
2023-09-01,2023-11-30,Zip Code: 98106,Townhouse,607499.5,604999.0,416.6663194444444,10.0,12.0,8.0,1.0085705908701896,0.2
2018-06-01,2018-08-31,Zip Code: 98109,Condo/Co-op,485439.0,549000.0,664.1479099678456,55.0,75.0,28.0,1.0191419840182347,0.4727272727272727
2013-11-01,2014-01-31,Zip Code: 98109,Single Family Residential,745000.0,717500.0,336.96190004948045,20.0,12.0,8.0,1.0109621918188911,0.55
2017-02-01,2017-04-30,Zip Code: 98126,All Residential,525000.0,515000.0,344.15584415584414,97.0,145.0,23.0,1.0574015258830525,0.6391752577319587
2014-10-01,2014-12-31,Zip Code: 98104,Condo/Co-op,339000.0,264900.0,353.0006743088334,19.0,15.0,11.0,0.9852431650708798,0.1052631578947368
2020-12-01,2021-02-28,Zip Code: 98146,Townhouse,339444.0,335000.0,297.3920394148514,2.0,1.0,,0.9938131755018011,0.5
2017-03-01,2017-05-31,Zip Code: 98146,Single Family Residential,452500.0,442475.0,282.5897260050292,98.0,126.0,34.0,1.0667561458391244,0.693877551020408
2012-03-01,2012-05-31,Zip Code: 98126,Single Family Residential,307050.0,327000.0,196.15801415557587,72.0,90.0,65.0,0.9853331156900584,0.3611111111111111
2014-07-01,2014-09-30,Zip Code: 98194,Condo/Co-op,677000.0,622500.0,500.0,1.0,2.0,,1.0415384615384615,1.0
2015-03-01,2015-05-31,Zip Code: 98107,Townhouse,566000.0,508975.0,391.35011990407673,42.0,42.0,6.0,1.0516202025577688,0.6428571428571429
2020-10-01,2020-12-31,Zip Code: 98126,Single Family Residential,660000.0,665000.0,422.2972972972973,131.0,93.0,11.0,1.012019765267801,0.4122137404580152
2015-07-01,2015-09-30,Zip Code: 98136,All Residential,498000.0,475000.0,293.05555555555554,93.0,98.0,30.0,1.033822032449324,0.5161290322580645
2018-01-01,2018-03-31,Zip Code: 98109,Single Family Residential,1211000.0,1295000.0,483.5766423357665,11.0,17.0,7.0,1.0106311418175404,0.3636363636363636
2021-08-01,2021-10-31,Zip Code: 98146,Multi-Family (2-4 Unit),380000.0,600000.0,197.91666666666663,1.0,3.0,,1.0,0.0
2014-01-01,2014-03-31,Zip Code: 98125,Townhouse,270000.0,275000.0,204.76842948717947,9.0,7.0,3.0,0.9834041548856012,0.3333333333333333
2020-10-01,2020-12-31,Zip Code: 98109,Townhouse,834950.0,817500.0,676.6380655226209,18.0,24.0,19.0,0.99292214738102,0.0
2015-03-01,2015-05-31,Zip Code: 98115,All Residential,580000.0,549000.0,317.52941176470586,207.0,248.0,37.0,1.0634484325368267,0.6473429951690821
2013-03-01,2013-05-31,Zip Code: 98125,Multi-Family (2-4 Unit),350000.0,492400.0,201.1494252873563,1.0,2.0,3.0,1.0000285722449214,1.0
2015-11-01,2016-01-31,Zip Code: 98146,Condo/Co-op,163000.0,154900.0,164.34782608695653,7.0,1.0,5.0,1.0112437893706123,0.2857142857142857
2016-10-01,2016-12-31,Zip Code: 98126,Townhouse,465000.0,469900.0,315.5339805825243,19.0,9.0,,1.0065160442179928,0.3684210526315789
2023-12-01,2024-02-29,Zip Code: 98146,Condo/Co-op,373975.0,330000.0,314.79166666666663,4.0,1.0,,0.9922170630797166,0.25
2015-08-01,2015-10-31,Zip Code: 98105,Condo/Co-op,335000.0,374000.0,373.2558139534884,17.0,14.0,2.0,1.0136811695165977,0.4117647058823529
2016-06-01,2016-08-31,Zip Code: 98109,Single Family Residential,1192950.0,999950.0,463.0703308316323,38.0,29.0,11.0,1.0110133322321893,0.4736842105263157
2012-12-01,2013-02-28,Zip Code: 98177,All Residential,461500.0,499475.0,210.11991279069767,44.0,44.0,41.0,0.999786667490246,0.25
2019-09-01,2019-11-30,Zip Code: 98133,Single Family Residential,587000.0,599475.0,345.9189189189189,101.0,94.0,38.0,0.9899565045064004,0.2376237623762376
2012-05-01,2012-07-31,Zip Code: 98115,All Residential,461100.0,452500.0,232.95454545454547,182.0,214.0,97.0,0.996410815569558,0.3736263736263736
2012-09-01,2012-11-30,Zip Code: 98125,Townhouse,229800.0,314450.0,190.06622516556288,7.0,4.0,3.0,1.0544406041345245,0.4285714285714285
2023-07-01,2023-09-30,Zip Code: 98177,All Residential,1187500.0,1060000.0,501.2886597938144,70.0,71.0,25.0,1.0215644236755734,0.4714285714285714
2012-08-01,2012-10-31,Zip Code: 98199,Multi-Family (2-4 Unit),644300.0,439000.0,171.81333333333333,1.0,1.0,2.0,0.92049432102293,0.0
2021-04-01,2021-06-30,Zip Code: 98199,Townhouse,745000.0,789950.0,598.149109290947,24.0,35.0,9.0,1.0415783152026752,0.6666666666666666
2019-06-01,2019-08-31,Zip Code: 98104,Condo/Co-op,610000.0,495000.0,600.0,21.0,23.0,42.0,0.9897811233264416,0.1904761904761904
2016-11-01,2017-01-31,Zip Code: 98116,All Residential,629995.0,649475.0,387.0613236187006,94.0,74.0,35.0,1.0034477560686392,0.3404255319148936
2012-04-01,2012-06-30,Zip Code: 98199,Multi-Family (2-4 Unit),478800.0,689000.0,181.3636363636364,3.0,3.0,2.0,0.9963159720476776,0.3333333333333333
2014-05-01,2014-07-31,Zip Code: 98133,Townhouse,296500.0,319950.0,224.50146267390187,18.0,35.0,18.0,0.9983096305656864,0.3333333333333333
2016-05-01,2016-07-31,Zip Code: 98109,Condo/Co-op,425000.0,425000.0,500.86355785837645,79.0,91.0,27.0,1.0241565626343454,0.4936708860759493
2017-01-01,2017-03-31,Zip Code: 98107,Condo/Co-op,433750.0,392500.0,574.1935483870968,25.0,31.0,5.0,1.0494409981220278,0.76
2023-02-01,2023-04-30,Zip Code: 98106,Single Family Residential,680000.0,680000.0,441.2593965333597,52.0,57.0,22.0,1.006314186348804,0.3846153846153846
2021-01-01,2021-03-31,Zip Code: 98108,Single Family Residential,694750.0,621500.0,361.314259511529,52.0,62.0,16.0,1.0372625442201584,0.5384615384615384
2023-11-01,2024-01-31,Zip Code: 98133,All Residential,681990.0,660000.0,464.28571428571433,121.0,99.0,48.0,0.9926462269532756,0.1652892561983471
2017-01-01,2017-03-31,Zip Code: 98108,Single Family Residential,476000.0,494444.0,260.8910891089109,43.0,50.0,11.0,1.0875383107631769,0.627906976744186
2016-01-01,2016-03-31,Zip Code: 98117,All Residential,649950.0,644950.0,357.4561403508772,95.0,143.0,32.0,1.049870369101538,0.5578947368421052
2021-01-01,2021-03-31,Zip Code: 98144,Multi-Family (2-4 Unit),1208824.5,658000.0,406.7804188516875,2.0,1.0,2.0,0.9947972479277966,0.5
2023-11-01,2024-01-31,Zip Code: 98126,Single Family Residential,922500.0,825000.0,479.5563158466384,28.0,19.0,6.0,0.9903776380985146,0.25
2019-11-01,2020-01-31,Zip Code: 98112,All Residential,1287500.0,1200000.0,570.2497329797307,76.0,49.0,35.0,0.988999872611958,0.1710526315789473
2021-04-01,2021-06-30,Zip Code: 98108,All Residential,650000.0,650000.0,420.27346055479046,119.0,137.0,40.0,1.061344977428482,0.680672268907563
2017-10-01,2017-12-31,Zip Code: 98109,Single Family Residential,995000.0,1075000.0,477.24358974358967,21.0,12.0,4.0,1.0305531766874363,0.4761904761904761
2015-06-01,2015-08-31,Zip Code: 98116,Multi-Family (2-4 Unit),715000.0,690000.0,247.3958333333333,5.0,5.0,3.0,0.9709880733573028,0.2
2021-01-01,2021-03-31,Zip Code: 98177,Condo/Co-op,453437.5,299950.0,335.565858931021,4.0,3.0,1.0,0.9884362389706192,0.25
2012-03-01,2012-05-31,Zip Code: 98125,All Residential,275000.0,329000.0,172.39311783107405,100.0,117.0,65.0,0.9823231232154416,0.32
2016-04-01,2016-06-30,Zip Code: 98146,Condo/Co-op,190000.0,169950.0,214.2051860202932,5.0,11.0,7.0,1.0041658687012365,0.4
2015-06-01,2015-08-31,Zip Code: 98146,Condo/Co-op,109000.0,204850.0,178.12852311161217,7.0,12.0,5.0,1.0192549759525869,0.4285714285714285
2012-11-01,2013-01-31,Zip Code: 98107,Townhouse,422800.0,402450.0,307.5420673076923,16.0,8.0,1.0,0.993601302468041,0.3125
2012-03-01,2012-05-31,Zip Code: 98177,Condo/Co-op,95000.0,175000.0,88.04448563484708,3.0,4.0,6.0,0.9632584712371948,0.6666666666666666
2019-07-01,2019-09-30,Zip Code: 98105,Condo/Co-op,492000.0,472250.0,485.9571322985957,13.0,18.0,15.0,0.982529030982298,0.2307692307692307
2022-03-01,2022-05-31,Zip Code: 98199,Townhouse,950000.0,879000.0,632.9497639161018,18.0,23.0,6.0,1.0880966300359596,0.7777777777777777
2017-09-01,2017-11-30,Zip Code: 98146,Single Family Residential,490000.0,489000.0,272.72727272727275,89.0,83.0,20.0,1.0260709698591637,0.5955056179775281
2021-07-01,2021-09-30,Zip Code: 98146,Townhouse,627500.0,435000.0,333.2681774282266,2.0,3.0,1.0,1.0,0.0
2016-03-01,2016-05-31,Zip Code: 98125,Townhouse,406250.0,375000.0,327.01502201502205,12.0,25.0,4.0,1.1033611380576602,0.8333333333333333
2014-12-01,2015-02-28,Zip Code: 98146,Multi-Family (2-4 Unit),405000.0,539000.0,123.10030395136778,2.0,1.0,,0.9310344827586206,0.0
2022-12-01,2023-02-28,Zip Code: 98126,All Residential,662500.0,650000.0,461.7117117117117,70.0,61.0,20.0,0.9835315957576344,0.2285714285714285
2022-05-01,2022-07-31,Zip Code: 98146,All Residential,722500.0,689950.0,461.9212390838688,118.0,129.0,36.0,1.0607546950543656,0.6271186440677966
2023-11-01,2024-01-31,Zip Code: 98118,Townhouse,779000.0,728900.0,496.1832061068702,13.0,33.0,25.0,0.9992501454885112,0.2307692307692307
2014-12-01,2015-02-28,Zip Code: 98106,Single Family Residential,329000.0,330000.0,195.16049102804948,54.0,57.0,30.0,0.9938247423450756,0.3148148148148148
2012-02-01,2012-04-30,Zip Code: 98102,All Residential,420000.0,414950.0,311.7647058823529,61.0,95.0,69.0,0.962685006156138,0.1639344262295081
2013-10-01,2013-12-31,Zip Code: 98126,All Residential,319990.0,359950.0,218.75,99.0,94.0,66.0,0.9934951852571052,0.303030303030303
2018-02-01,2018-04-30,Zip Code: 98199,Townhouse,761127.0,851500.0,576.3559322033898,11.0,14.0,1.0,1.0595038621418622,0.5454545454545454
2018-04-01,2018-06-30,Zip Code: 98112,All Residential,1225000.0,1099500.0,640.2457330404857,110.0,150.0,50.0,1.0526777620593903,0.5636363636363636
2021-11-01,2022-01-31,Zip Code: 98146,Multi-Family (2-4 Unit),630000.0,675000.0,309.6330275229358,3.0,1.0,,0.9994252873563216,0.3333333333333333
2015-04-01,2015-06-30,Zip Code: 98105,Townhouse,542000.0,545000.0,373.79310344827593,5.0,7.0,1.0,1.0742288086292628,1.0
2016-06-01,2016-08-31,Zip Code: 98122,All Residential,606000.0,606500.0,467.1641791044776,176.0,174.0,43.0,1.0374508790373722,0.5397727272727272
2023-08-01,2023-10-31,Zip Code: 98108,Single Family Residential,700000.0,698800.0,367.62408088235287,43.0,43.0,24.0,0.9955511380776236,0.3023255813953488
2022-02-01,2022-04-30,Zip Code: 98109,Condo/Co-op,475050.0,530000.0,645.9676207782172,68.0,77.0,27.0,1.018678247866024,0.4558823529411764
2021-12-01,2022-02-28,Zip Code: 98144,Single Family Residential,925700.0,949988.0,559.4405594405595,45.0,37.0,8.0,1.0642878917987255,0.5777777777777777
2021-07-01,2021-09-30,Zip Code: 98109,Multi-Family (2-4 Unit),1687500.0,1299900.0,536.9560326541107,4.0,5.0,3.0,0.9238207053073209,0.0
2023-04-01,2023-06-30,Zip Code: 98146,Single Family Residential,720000.0,659950.0,412.5412541254125,75.0,83.0,13.0,1.0482050357261263,0.64
2020-04-01,2020-06-30,Zip Code: 98116,Townhouse,685000.0,699749.5,461.0778443113773,17.0,30.0,14.0,0.9940586001836504,0.2941176470588235
2018-07-01,2018-09-30,Zip Code: 98126,Single Family Residential,675000.0,634950.0,370.253164556962,93.0,117.0,78.0,1.013385189559802,0.3225806451612903
2018-10-01,2018-12-31,Zip Code: 98177,Single Family Residential,812000.0,789500.0,356.6333539391442,60.0,40.0,28.0,0.9781245366259168,0.2666666666666666
2014-11-01,2015-01-31,Zip Code: 98133,Townhouse,300000.0,319950.0,233.7975013014056,14.0,11.0,4.0,0.99424448682003,0.3571428571428571
2021-02-01,2021-04-30,Zip Code: 98146,Multi-Family (2-4 Unit),564500.0,550000.0,266.2735849056604,1.0,1.0,,1.0263636363636364,1.0
2020-08-01,2020-10-31,Zip Code: 98146,Condo/Co-op,220000.0,242500.0,251.71821305841925,9.0,10.0,8.0,1.0023162656146178,0.4444444444444444
2013-03-01,2013-05-31,Zip Code: 98116,Condo/Co-op,320000.0,379950.0,341.6435826408125,23.0,43.0,35.0,0.983168942651335,0.1304347826086956
2020-12-01,2021-02-28,Zip Code: 98177,Condo/Co-op,281875.0,262450.0,322.35939643347047,3.0,2.0,,0.9845816519608256,0.3333333333333333
2020-10-01,2020-12-31,Zip Code: 98177,Multi-Family (2-4 Unit),1300000.0,,424.8366013071896,1.0,,1.0,1.0000384630178083,1.0
2021-01-01,2021-03-31,Zip Code: 98115,Townhouse,755000.0,779950.0,545.8362491252624,19.0,37.0,13.0,0.9972283158318774,0.3157894736842105
2012-09-01,2012-11-30,Zip Code: 98107,Condo/Co-op,245000.0,250000.0,326.0326086956522,35.0,27.0,17.0,0.9893719286701392,0.2285714285714285
2018-12-01,2019-02-28,Zip Code: 98106,All Residential,501500.0,525000.0,329.31002589715126,88.0,97.0,64.0,0.9803981060713792,0.2045454545454545
2012-07-01,2012-09-30,Zip Code: 98107,Single Family Residential,469500.0,450000.0,232.92759688339967,36.0,37.0,18.0,1.0030633536095803,0.3611111111111111
2017-01-01,2017-03-31,Zip Code: 98106,Single Family Residential,473100.0,499850.0,284.4122426868906,78.0,71.0,11.0,1.0453657893967772,0.5512820512820513
2017-10-01,2017-12-31,Zip Code: 98146,Single Family Residential,487000.0,490000.0,274.1898148148148,80.0,61.0,14.0,1.0224910259608393,0.525
2013-10-01,2013-12-31,Zip Code: 98126,Condo/Co-op,217500.0,165000.0,231.1397586294202,10.0,9.0,14.0,0.980019222183747,0.2
2020-02-01,2020-04-30,Zip Code: 98146,Townhouse,385000.0,320000.0,198.24120603015075,3.0,3.0,,1.0144599422839082,0.6666666666666666
2016-06-01,2016-08-31,Zip Code: 98112,Multi-Family (2-4 Unit),1027500.0,,426.7370004987615,2.0,,,0.979591836734694,0.0
2018-02-01,2018-04-30,Zip Code: 98105,Single Family Residential,1019800.0,1009900.0,509.7345132743362,59.0,64.0,16.0,1.0568661906855743,0.5254237288135593
2015-10-01,2015-12-31,Zip Code: 98119,Condo/Co-op,335000.0,312500.0,404.3389890420643,38.0,28.0,5.0,1.0283204531485346,0.5526315789473684
2018-09-01,2018-11-30,Zip Code: 98126,Townhouse,584950.0,550000.0,350.2923976608187,19.0,15.0,6.0,0.9898005084888069,0.0526315789473684
2017-02-01,2017-04-30,Zip Code: 98118,Condo/Co-op,286000.0,290000.0,396.61268176995566,10.0,8.0,,1.0164726232793928,0.2999999999999999
2013-10-01,2013-12-31,Zip Code: 98112,Single Family Residential,875000.0,712000.0,330.04231311706627,71.0,42.0,25.0,0.993967295175143,0.2816901408450704
2018-02-01,2018-04-30,Zip Code: 98126,Condo/Co-op,359950.0,534305.5,490.4306220095693,19.0,52.0,9.0,1.0668474460617985,0.6842105263157894
2023-10-01,2023-12-31,Zip Code: 98125,All Residential,710000.0,737499.5,443.1486880466472,61.0,50.0,21.0,0.9938624206858028,0.3278688524590163
2016-07-01,2016-09-30,Zip Code: 98177,Townhouse,375000.0,315000.0,256.38766519823787,3.0,3.0,1.0,1.093584733086606,1.0
2017-11-01,2018-01-31,Zip Code: 98125,Condo/Co-op,285500.0,325000.0,289.32447097124253,22.0,14.0,4.0,1.02786490671722,0.5
2014-12-01,2015-02-28,Zip Code: 98177,All Residential,552975.0,632500.0,229.18267383787932,44.0,44.0,35.0,1.0006716011907466,0.4090909090909091
2012-12-01,2013-02-28,Zip Code: 98199,All Residential,520000.0,554000.0,260.7407407407408,67.0,62.0,50.0,0.9848504090061434,0.2238805970149253
2019-01-01,2019-03-31,Zip Code: 98146,Condo/Co-op,236375.0,240995.0,250.46903839055005,8.0,10.0,5.0,0.9992730081046178,0.375
2018-02-01,2018-04-30,Zip Code: 98119,All Residential,899000.0,945000.0,582.7338129496403,77.0,107.0,28.0,1.059259981433278,0.6233766233766233
2017-04-01,2017-06-30,Zip Code: 98109,Condo/Co-op,494500.0,460000.0,607.6646020165172,74.0,81.0,12.0,1.085938136163052,0.7297297297297297
2016-02-01,2016-04-30,Zip Code: 98109,Condo/Co-op,434000.0,400000.0,492.1569520340012,68.0,97.0,22.0,1.0431597283343037,0.676470588235294
2022-06-01,2022-08-31,Zip Code: 98177,All Residential,1075000.0,1062450.0,512.2448979591836,93.0,112.0,25.0,1.0391884469151187,0.4516129032258064
2016-05-01,2016-07-31,Zip Code: 98133,Townhouse,432225.0,427450.0,308.42391304347825,42.0,42.0,6.0,1.0220013545827444,0.4761904761904761
2014-09-01,2014-11-30,Zip Code: 98146,All Residential,308000.0,294950.0,165.41666666666666,83.0,67.0,69.0,0.9880967224533338,0.2771084337349397
2018-02-01,2018-04-30,Zip Code: 98125,Single Family Residential,760000.0,677250.0,414.54545454545456,87.0,94.0,16.0,1.0862500097514385,0.6666666666666666
2019-06-01,2019-08-31,Zip Code: 98116,Townhouse,737500.0,732500.0,478.4675169390196,18.0,21.0,11.0,0.9905875233878448,0.1666666666666666
2023-12-01,2024-02-29,Zip Code: 98133,Multi-Family (2-4 Unit),1625000.0,1773500.0,367.31464737793846,1.0,2.0,1.0,0.9558823529411764,0.0
2017-12-01,2018-02-28,Zip Code: 98133,All Residential,575000.0,550000.0,367.6092544987146,145.0,103.0,19.0,1.0400758792579143,0.5379310344827585
2015-01-01,2015-03-31,Zip Code: 98102,All Residential,437500.0,454975.0,422.75574112734864,52.0,70.0,27.0,1.0208501132740575,0.4038461538461538
2021-06-01,2021-08-31,Zip Code: 98199,Multi-Family (2-4 Unit),795500.0,862000.0,512.0678478824547,4.0,4.0,2.0,1.0295476101067498,0.5
2018-02-01,2018-04-30,Zip Code: 98126,Multi-Family (2-4 Unit),1255000.0,1072500.0,366.5303738317757,1.0,2.0,,1.0913043478260869,1.0
2018-12-01,2019-02-28,Zip Code: 98126,Condo/Co-op,479495.0,399950.0,379.99297767327874,20.0,13.0,13.0,0.9901289511230968,0.05
2018-02-01,2018-04-30,Zip Code: 98125,Townhouse,625000.0,545944.0,431.1827956989248,13.0,16.0,2.0,1.1297148529215597,0.9230769230769232
2015-02-01,2015-04-30,Zip Code: 98125,Single Family Residential,463375.0,451000.0,272.39924622039484,86.0,106.0,24.0,1.0317054393297511,0.4883720930232557
2017-08-01,2017-10-31,Zip Code: 98177,Condo/Co-op,323750.0,390000.0,293.8989949748744,10.0,18.0,4.0,1.0082837342372633,0.4
2013-07-01,2013-09-30,Zip Code: 98136,Multi-Family (2-4 Unit),415000.0,365000.0,136.51315789473685,1.0,1.0,1.0,0.8982683982683982,0.0
2014-06-01,2014-08-31,Zip Code: 98126,Townhouse,294990.0,320000.0,211.5538867799967,26.0,15.0,3.0,0.9994997758840752,0.2692307692307692
2020-02-01,2020-04-30,Zip Code: 98177,Townhouse,390000.0,375000.0,319.1489361702128,7.0,3.0,,1.0095628654666635,0.5714285714285714
2022-10-01,2022-12-31,Zip Code: 98146,All Residential,630000.0,625000.0,362.48561565017263,69.0,51.0,27.0,0.9905449425238164,0.2028985507246376
2015-02-01,2015-04-30,Zip Code: 98199,Multi-Family (2-4 Unit),510000.0,662475.0,272.22222222222223,3.0,6.0,1.0,0.9601536137814743,0.0
2020-06-01,2020-08-31,Zip Code: 98118,All Residential,649100.0,674990.0,384.0017420283269,176.0,241.0,87.0,1.0165608874328855,0.4375
2021-08-01,2021-10-31,Zip Code: 98194,All Residential,650000.0,,524.1935483870968,1.0,,,0.9629629629629628,0.0
2020-08-01,2020-10-31,Zip Code: 98199,Single Family Residential,1182500.0,1249000.0,512.4156440194176,114.0,141.0,41.0,1.020461186816496,0.4122807017543859
2012-11-01,2013-01-31,Zip Code: 98177,Single Family Residential,485000.0,449475.0,210.40497963574887,56.0,34.0,35.0,0.9861294982998612,0.2142857142857142
2022-04-01,2022-06-30,Zip Code: 98119,Condo/Co-op,525000.0,525000.0,651.4657980456026,65.0,70.0,24.0,1.0237586834458547,0.5538461538461538
2014-07-01,2014-09-30,Zip Code: 98146,Single Family Residential,299990.0,317000.0,190.5424528301887,99.0,103.0,75.0,0.9953951297905989,0.3434343434343434
2023-07-01,2023-09-30,Zip Code: 98108,Condo/Co-op,660000.0,679999.0,512.8205128205128,3.0,3.0,1.0,0.9746621852526884,0.0
2014-09-01,2014-11-30,Zip Code: 98109,Townhouse,656000.0,674950.0,455.76407506702407,5.0,3.0,1.0,0.993114602552188,0.5999999999999999
2022-05-01,2022-07-31,Zip Code: 98133,Condo/Co-op,380000.0,369725.0,473.83309759547376,45.0,44.0,12.0,1.0382616341231146,0.5333333333333333
2015-05-01,2015-07-31,Zip Code: 98146,Single Family Residential,344000.0,359975.0,213.68053010249105,106.0,126.0,57.0,1.0284730328408294,0.5660377358490565
2015-08-01,2015-10-31,Zip Code: 98133,All Residential,392500.0,384950.0,250.43757292882145,206.0,194.0,39.0,1.020149970704625,0.4563106796116505
2019-06-01,2019-08-31,Zip Code: 98146,Townhouse,380000.0,417500.0,190.2852049910873,6.0,6.0,3.0,0.9737025315110024,0.0
2014-06-01,2014-08-31,Zip Code: 98125,Multi-Family (2-4 Unit),478750.0,459475.0,188.92227564102564,2.0,4.0,4.0,0.9820334094505528,0.0
2022-08-01,2022-10-31,Zip Code: 98199,Condo/Co-op,519000.0,450000.0,524.3071161048689,17.0,19.0,12.0,0.9909374044553227,0.1764705882352941
2022-03-01,2022-05-31,Zip Code: 98112,Townhouse,1150000.0,1040000.0,728.0701754385966,23.0,14.0,,1.0553578370023096,0.608695652173913
2017-12-01,2018-02-28,Zip Code: 98146,Townhouse,264975.0,330000.0,225.4251155954533,6.0,6.0,3.0,1.0537690161371671,0.6666666666666666
2022-01-01,2022-03-31,Zip Code: 98146,All Residential,727500.0,680000.0,423.9004629629629,56.0,84.0,16.0,1.0793549133759843,0.6785714285714286
2018-06-01,2018-08-31,Zip Code: 98107,Condo/Co-op,521500.0,519000.0,670.1030927835052,35.0,47.0,12.0,1.028307703070629,0.4571428571428571
2015-09-01,2015-11-30,Zip Code: 98146,Single Family Residential,347800.0,385000.0,196.36654727016173,88.0,81.0,37.0,1.0025436656034556,0.3977272727272727
2013-05-01,2013-07-31,Zip Code: 98116,All Residential,487825.0,474950.0,275.0,134.0,177.0,97.0,1.003605245765426,0.3134328358208955
2020-01-01,2020-03-31,Zip Code: 98146,All Residential,522000.0,549975.0,303.030303030303,67.0,80.0,30.0,1.0187768187124608,0.4477611940298507
2020-03-01,2020-05-31,Zip Code: 98177,Multi-Family (2-4 Unit),865000.0,865000.0,259.91586538461536,1.0,1.0,,1.0,0.0
2018-01-01,2018-03-31,Zip Code: 98146,All Residential,455500.0,450000.0,294.9733395454781,78.0,99.0,21.0,1.0391859012393994,0.5384615384615384
2019-02-01,2019-04-30,Zip Code: 98104,All Residential,679950.0,682890.0,655.4878048780488,17.0,52.0,35.0,0.9964405709736124,0.1764705882352941
2022-12-01,2023-02-28,Zip Code: 98118,Single Family Residential,700000.0,720000.0,422.96683023317735,34.0,57.0,30.0,0.9911079450066536,0.2647058823529411
2015-12-01,2016-02-29,Zip Code: 98144,Townhouse,479000.0,512474.5,350.2304147465438,17.0,22.0,8.0,1.0293340907312871,0.7058823529411765
2018-01-01,2018-03-31,Zip Code: 98107,Condo/Co-op,525000.0,504974.5,709.9697885196375,25.0,32.0,4.0,1.0628215043407587,0.7199999999999999
2017-11-01,2018-01-31,Zip Code: 98105,Single Family Residential,1010000.0,979000.0,462.2641509433962,53.0,45.0,20.0,1.0240326281426333,0.490566037735849
2017-08-01,2017-10-31,Zip Code: 98112,Townhouse,720584.0,720584.0,534.6591757955139,23.0,21.0,,1.0177304601172146,0.3478260869565217
2022-10-01,2022-12-31,Zip Code: 98177,Townhouse,601975.0,698000.0,545.2884958584106,6.0,7.0,4.0,0.99364923053158,0.0
2012-04-01,2012-06-30,Zip Code: 98125,Single Family Residential,347500.0,360000.0,193.36909203980096,84.0,107.0,44.0,0.9901345853090072,0.3571428571428571
2014-07-01,2014-09-30,Zip Code: 98177,All Residential,500000.0,529950.0,240.25974025974023,105.0,97.0,60.0,0.9977457636053924,0.3142857142857142
2017-01-01,2017-03-31,Zip Code: 98112,Condo/Co-op,480000.0,462500.0,654.4554455445544,13.0,14.0,4.0,1.025883641047358,0.4615384615384615
2015-06-01,2015-08-31,Zip Code: 98116,Single Family Residential,649000.0,649975.0,316.7647058823529,92.0,96.0,31.0,1.0417530313812176,0.5869565217391304
2020-05-01,2020-07-31,Zip Code: 98106,Multi-Family (2-4 Unit),730000.0,847499.5,296.2085308056872,3.0,4.0,4.0,0.9985032629856074,0.3333333333333333
2013-06-01,2013-08-31,Zip Code: 98177,Townhouse,304975.0,279950.0,202.2055555555556,4.0,6.0,4.0,0.9858160262824504,0.0
2014-06-01,2014-08-31,Zip Code: 98146,Single Family Residential,281250.0,325000.0,185.25695190356845,100.0,115.0,79.0,0.9955273151800196,0.32
2021-03-01,2021-05-31,Zip Code: 98109,Single Family Residential,1681750.0,1550000.0,615.9859740877214,42.0,53.0,10.0,1.0251513769384497,0.5238095238095238
2023-04-01,2023-06-30,Zip Code: 98199,Single Family Residential,1332900.0,1425000.0,639.2223320623264,66.0,85.0,27.0,1.0169306148123425,0.4242424242424242
2013-04-01,2013-06-30,Zip Code: 98108,Townhouse,300000.0,289000.0,196.8944099378882,9.0,10.0,4.0,1.0000461423918328,0.2222222222222222
2017-12-01,2018-02-28,Zip Code: 98177,All Residential,710000.0,758000.0,365.85040650406506,67.0,47.0,15.0,1.0156604216759697,0.4328358208955223
2017-04-01,2017-06-30,Zip Code: 98108,All Residential,535000.0,525000.0,318.875,91.0,104.0,24.0,1.0812868166531586,0.7032967032967034
2012-11-01,2013-01-31,Zip Code: 98146,Townhouse,140000.0,,132.20018885741266,1.0,,,1.0071942446043165,1.0
2015-08-01,2015-10-31,Zip Code: 98146,Townhouse,230000.0,239950.0,115.4039136979428,1.0,3.0,2.0,0.8918185343156261,0.0
2021-11-01,2022-01-31,Zip Code: 98199,Townhouse,824999.5,869875.0,558.6380490065741,16.0,6.0,2.0,0.9984683613348287,0.3125
2014-06-01,2014-08-31,Zip Code: 98125,Townhouse,333000.0,295000.0,231.3280541469491,8.0,15.0,7.0,1.0112055013178556,0.625
2023-10-01,2023-12-31,Zip Code: 98109,Multi-Family (2-4 Unit),1530000.0,1350000.0,421.4876033057851,1.0,1.0,1.0,1.1123227917121048,1.0
2018-03-01,2018-05-31,Zip Code: 98107,All Residential,822500.0,779000.0,598.7482614742697,142.0,163.0,26.0,1.0631603333005644,0.6056338028169013
2015-11-01,2016-01-31,Zip Code: 98105,Condo/Co-op,439000.0,372500.0,429.6235679214402,9.0,6.0,1.0,1.0399482810295673,0.5555555555555555
2023-02-01,2023-04-30,Zip Code: 98177,Single Family Residential,1020000.0,1174975.0,579.2682926829268,47.0,60.0,18.0,1.0326045682544651,0.4468085106382978
2021-03-01,2021-05-31,Zip Code: 98105,Condo/Co-op,387500.0,391450.0,551.6487118103055,16.0,20.0,6.0,1.0057758217317976,0.4375
2016-07-01,2016-09-30,Zip Code: 98146,Townhouse,219750.0,219750.0,192.95727636849128,2.0,4.0,2.0,1.0384615384615383,0.5
2014-11-01,2015-01-31,Zip Code: 98105,Multi-Family (2-4 Unit),1125050.0,,260.29697044621173,2.0,,1.0,1.0859361473813305,0.5
2014-11-01,2015-01-31,Zip Code: 98177,Townhouse,260000.0,249000.0,203.76175548589345,1.0,1.0,2.0,1.04,1.0
2012-04-01,2012-06-30,Zip Code: 98109,Condo/Co-op,250625.0,259000.0,312.40631063293,74.0,67.0,42.0,0.9849135029982796,0.1891891891891892
2014-07-01,2014-09-30,Zip Code: 98146,Townhouse,135500.0,189525.0,111.247947454844,1.0,3.0,5.0,1.0037037037037038,1.0
2017-09-01,2017-11-30,Zip Code: 98146,Multi-Family (2-4 Unit),955750.0,,193.27603640040445,1.0,,,1.0620034446358133,1.0
2018-07-01,2018-09-30,Zip Code: 98177,Multi-Family (2-4 Unit),685000.0,1199500.0,344.2211055276382,1.0,1.0,3.0,0.9448927512242224,0.0
2013-01-01,2013-03-31,Zip Code: 98126,Single Family Residential,366436.0,360000.0,207.2255182273052,70.0,91.0,40.0,1.0010940649029925,0.3714285714285714
2019-01-01,2019-03-31,Zip Code: 98125,Townhouse,587000.0,545000.0,362.0689655172413,3.0,7.0,4.0,0.9866337349468778,0.3333333333333333
2015-08-01,2015-10-31,Zip Code: 98199,All Residential,624000.0,667500.0,343.9620879120879,111.0,130.0,36.0,1.0269413943737171,0.5405405405405405
2023-04-01,2023-06-30,Zip Code: 98146,All Residential,690000.0,645000.0,411.57488123610426,80.0,93.0,17.0,1.045475163335674,0.625
2018-04-01,2018-06-30,Zip Code: 98177,Single Family Residential,923000.0,849725.0,389.6103896103896,79.0,102.0,30.0,1.04696417113058,0.5822784810126582
2012-12-01,2013-02-28,Zip Code: 98146,Townhouse,140000.0,,132.20018885741266,1.0,,,1.0071942446043165,1.0
2018-11-01,2019-01-31,Zip Code: 98126,Condo/Co-op,502495.0,399000.0,406.0114176997548,20.0,11.0,13.0,0.988337642712716,0.05
2014-05-01,2014-07-31,Zip Code: 98194,Condo/Co-op,539000.0,,386.93467336683415,1.0,,,0.9808917197452228,0.0
2012-06-01,2012-08-31,Zip Code: 98126,Townhouse,244666.0,256000.0,176.140439272455,10.0,5.0,8.0,0.9964635520223052,0.4
2015-12-01,2016-02-29,Zip Code: 98146,Townhouse,147900.0,199900.0,138.74296435272046,1.0,5.0,3.0,1.0,0.0
2012-11-01,2013-01-31,Zip Code: 98108,All Residential,277500.0,265000.0,156.07734806629836,60.0,41.0,37.0,0.9894732690735356,0.2333333333333333
2014-05-01,2014-07-31,Zip Code: 98199,Townhouse,469495.0,467250.0,294.76850047934795,14.0,18.0,8.0,1.0081213478105715,0.2142857142857142
2018-04-01,2018-06-30,Zip Code: 98107,Condo/Co-op,535000.0,495000.0,738.3966244725738,31.0,45.0,11.0,1.0622765067320958,0.6451612903225806
2022-07-01,2022-09-30,Zip Code: 98108,All Residential,700000.0,700000.0,410.25641025641033,63.0,85.0,45.0,0.9849110334053164,0.3015873015873015
2015-12-01,2016-02-29,Zip Code: 98108,Single Family Residential,426000.0,475000.0,225.29313232830825,37.0,39.0,21.0,1.0135472288656917,0.3513513513513513
2022-10-01,2022-12-31,Zip Code: 98199,All Residential,1165000.0,1015000.0,556.1497326203208,70.0,51.0,33.0,0.9787197914374824,0.1714285714285714
2017-05-01,2017-07-31,Zip Code: 98146,Townhouse,312500.0,249950.0,204.7514408062076,4.0,7.0,2.0,1.028420632471703,0.5
2023-02-01,2023-04-30,Zip Code: 98112,Condo/Co-op,512500.0,560000.0,669.9346405228758,9.0,21.0,8.0,0.99887466993248,0.2222222222222222
2022-06-01,2022-08-31,Zip Code: 98105,Townhouse,1600000.0,862450.0,556.9143490778758,4.0,8.0,7.0,0.9711580251708418,0.0
2021-02-01,2021-04-30,Zip Code: 98199,Multi-Family (2-4 Unit),1862500.0,1575000.0,687.8306878306878,2.0,5.0,2.0,0.9771589486858574,0.0
2016-01-01,2016-03-31,Zip Code: 98199,Townhouse,703000.0,622475.0,434.4155844155844,13.0,18.0,2.0,1.0365739991220726,0.7692307692307692
2017-08-01,2017-10-31,Zip Code: 98107,Condo/Co-op,471000.0,467000.0,602.2863315655233,46.0,44.0,5.0,1.068074049515363,0.8043478260869565
2023-11-01,2024-01-31,Zip Code: 98109,All Residential,895000.0,750000.0,635.1351351351351,39.0,39.0,26.0,0.9750199520988416,0.1282051282051281
2020-08-01,2020-10-31,Zip Code: 98199,All Residential,948675.0,970000.0,508.34833817893485,156.0,203.0,72.0,1.0142799483421177,0.3653846153846153
2022-07-01,2022-09-30,Zip Code: 98109,Townhouse,950000.0,1047500.0,737.7049180327868,13.0,22.0,14.0,0.9867319092959582,0.2307692307692307
2020-02-01,2020-04-30,Zip Code: 98136,All Residential,720000.0,725000.0,429.5774647887324,83.0,87.0,25.0,1.0208159413541056,0.4698795180722891
2018-01-01,2018-03-31,Zip Code: 98104,Condo/Co-op,568400.0,700900.0,877.9312865497077,56.0,42.0,11.0,1.0146412762486374,0.2678571428571428
2016-02-01,2016-04-30,Zip Code: 98125,All Residential,452500.0,450000.0,307.99958281184814,110.0,148.0,32.0,1.083479915389716,0.6999999999999998
2018-10-01,2018-12-31,Zip Code: 98146,Townhouse,210000.0,362475.0,264.9784839457134,2.0,2.0,2.0,0.9727272727272726,0.0
2018-09-01,2018-11-30,Zip Code: 98199,Townhouse,789000.0,779000.0,444.20753375977256,13.0,18.0,9.0,0.9884966290881014,0.1538461538461538
2019-01-01,2019-03-31,Zip Code: 98106,Townhouse,507500.0,549900.0,344.82758620689657,33.0,53.0,29.0,0.9920145420441188,0.1212121212121212
2012-01-01,2012-03-31,Zip Code: 98109,All Residential,340000.0,440000.0,276.11712442430684,53.0,107.0,77.0,0.975587812223152,0.1886792452830188
2017-11-01,2018-01-31,Zip Code: 98199,All Residential,842000.0,776975.0,462.23175965665234,75.0,54.0,21.0,1.0381341616095616,0.4266666666666666
2017-03-01,2017-05-31,Zip Code: 98126,Condo/Co-op,331250.0,297975.0,406.96798663748143,18.0,22.0,3.0,1.0814268100733029,0.8888888888888888
2015-12-01,2016-02-29,Zip Code: 98109,All Residential,485000.0,475000.0,448.77429730986216,66.0,77.0,29.0,1.0211905023329244,0.5303030303030302
2012-08-01,2012-10-31,Zip Code: 98146,Townhouse,93450.0,,97.9705794451672,2.0,,,0.9627659574468084,0.0
2016-05-01,2016-07-31,Zip Code: 98112,Single Family Residential,1275000.0,1195000.0,482.2674418604651,91.0,92.0,30.0,1.0406007425302564,0.5164835164835165
2019-01-01,2019-03-31,Zip Code: 98109,Single Family Residential,1315000.0,1325000.0,530.8394160583941,13.0,23.0,10.0,0.9899891525676278,0.3076923076923077
2022-02-01,2022-04-30,Zip Code: 98126,All Residential,780000.0,749000.0,507.3939071728729,122.0,156.0,23.0,1.117615982689382,0.7540983606557377
2022-05-01,2022-07-31,Zip Code: 98125,Townhouse,649990.0,600000.0,452.6079683698297,20.0,23.0,10.0,1.0198787230962345,0.45
2018-01-01,2018-03-31,Zip Code: 98146,Multi-Family (2-4 Unit),557500.0,500000.0,339.9390243902439,1.0,1.0,,1.115,1.0
2020-05-01,2020-07-31,Zip Code: 98199,Multi-Family (2-4 Unit),1033750.0,1327000.0,284.1828292284162,2.0,2.0,2.0,1.021080347727682,0.5
2021-08-01,2021-10-31,Zip Code: 98199,Condo/Co-op,415000.0,385000.0,496.5034798360187,22.0,15.0,7.0,1.010841674044365,0.2727272727272727
2021-11-01,2022-01-31,Zip Code: 98108,Single Family Residential,665000.0,720000.0,400.56818181818176,53.0,31.0,4.0,1.014320761647891,0.4150943396226415
2023-08-01,2023-10-31,Zip Code: 98146,All Residential,626250.0,675000.0,434.77234082750806,60.0,73.0,25.0,0.9985793955038124,0.2833333333333333
2016-12-01,2017-02-28,Zip Code: 98115,Townhouse,752450.0,739950.0,529.8115978560616,22.0,35.0,10.0,1.0224133042549226,0.3636363636363636
2012-03-01,2012-05-31,Zip Code: 98177,All Residential,447500.0,460000.0,186.26243218806516,66.0,113.0,82.0,0.9776173826772576,0.2272727272727272
2013-11-01,2014-01-31,Zip Code: 98136,Condo/Co-op,207450.0,235000.0,257.55794290261616,6.0,9.0,6.0,0.990020523668648,0.0
2016-08-01,2016-10-31,Zip Code: 98146,Single Family Residential,381000.0,399975.0,250.771264874394,109.0,118.0,47.0,1.0230336229975707,0.4954128440366972
2014-09-01,2014-11-30,Zip Code: 98126,Single Family Residential,379950.0,415000.0,246.46263947320284,84.0,88.0,41.0,0.9925993365406424,0.2738095238095238
2016-03-01,2016-05-31,Zip Code: 98125,Single Family Residential,553612.5,529950.0,319.46056609793527,96.0,131.0,24.0,1.094408290599132,0.71875
2014-07-01,2014-09-30,Zip Code: 98133,Single Family Residential,369000.0,366975.0,234.8,129.0,156.0,68.0,1.0103897216685307,0.441860465116279
2023-01-01,2023-03-31,Zip Code: 98144,Townhouse,609350.0,704945.0,533.6553668654393,26.0,60.0,36.0,0.992680342685015,0.1538461538461538
2021-05-01,2021-07-31,Zip Code: 98109,Condo/Co-op,525000.0,500000.0,613.5770234986945,89.0,109.0,46.0,1.003760477049261,0.3146067415730337
2023-01-01,2023-03-31,Zip Code: 98125,Single Family Residential,785000.0,819925.0,485.2941176470589,45.0,76.0,31.0,1.004988944984055,0.3333333333333333
2013-02-01,2013-04-30,Zip Code: 98146,Single Family Residential,275000.0,272100.0,161.71428571428572,65.0,101.0,51.0,1.0054543056052625,0.3692307692307692
2022-02-01,2022-04-30,Zip Code: 98177,Single Family Residential,1209000.0,1212475.0,601.7564043564964,56.0,82.0,15.0,1.1258657478567955,0.7857142857142857
2019-12-01,2020-02-29,Zip Code: 98146,All Residential,506000.0,497250.0,306.7434210526316,73.0,62.0,23.0,0.9983015233499318,0.3013698630136986
2014-05-01,2014-07-31,Zip Code: 98146,All Residential,285000.0,289975.0,182.8254847645429,117.0,140.0,99.0,0.9941918812363488,0.3076923076923077
2021-08-01,2021-10-31,Zip Code: 98125,Townhouse,607000.0,595000.0,436.8456898816672,26.0,22.0,7.0,1.0112968110492242,0.3846153846153846
2018-04-01,2018-06-30,Zip Code: 98105,Multi-Family (2-4 Unit),1400000.0,935000.0,471.38047138047136,1.0,4.0,2.0,0.9824561403508772,0.0
2016-03-01,2016-05-31,Zip Code: 98118,All Residential,422500.0,449000.0,282.1499013806706,184.0,216.0,56.0,1.052608867520222,0.5489130434782608
2013-12-01,2014-02-28,Zip Code: 98133,Multi-Family (2-4 Unit),295000.0,438700.0,186.49839743589743,2.0,4.0,3.0,0.9916512059369202,0.0
2020-04-01,2020-06-30,Zip Code: 98104,All Residential,654975.0,600000.0,658.695652173913,10.0,20.0,35.0,1.0101712460116086,0.2999999999999999
2016-09-01,2016-11-30,Zip Code: 98178,Single Family Residential,395000.0,419958.5,223.4553089382124,81.0,82.0,42.0,1.0152553853947572,0.3580246913580246
2019-08-01,2019-10-31,Zip Code: 98177,Single Family Residential,769000.0,839925.0,350.12135922330094,78.0,72.0,42.0,1.0010644193024605,0.2692307692307692
2019-08-01,2019-10-31,Zip Code: 98118,Townhouse,470000.0,459950.0,384.594017094017,24.0,24.0,12.0,0.9794680768122432,0.0416666666666666
2015-04-01,2015-06-30,Zip Code: 98115,All Residential,579950.0,530000.0,319.5364238410596,233.0,273.0,52.0,1.0630823189775307,0.6394849785407725
2021-03-01,2021-05-31,Zip Code: 98177,Single Family Residential,1094250.0,996250.0,477.56974114099023,76.0,92.0,9.0,1.1089399682329844,0.7763157894736841
2020-10-01,2020-12-31,Zip Code: 98106,Multi-Family (2-4 Unit),794000.0,590000.0,267.18610821567324,4.0,1.0,,0.9844218771021244,0.25
2015-08-01,2015-10-31,Zip Code: 98115,Condo/Co-op,233750.0,262475.0,265.1068667974406,34.0,36.0,6.0,1.0194585572102683,0.4705882352941176
2016-09-01,2016-11-30,Zip Code: 98146,All Residential,383000.0,420000.0,230.4947560419517,114.0,103.0,39.0,1.0159023392290465,0.4035087719298245
2021-12-01,2022-02-28,Zip Code: 98146,Single Family Residential,650000.0,694500.0,413.77777777777777,47.0,50.0,14.0,1.0355468258653553,0.5957446808510638
2019-04-01,2019-06-30,Zip Code: 98104,All Residential,637000.0,566425.0,652.6711575311679,24.0,44.0,47.0,0.9967430592107164,0.2083333333333333
2018-03-01,2018-05-31,Zip Code: 98133,Multi-Family (2-4 Unit),1027500.0,860000.0,329.52638551556635,2.0,6.0,3.0,0.9760078019893992,0.0
2014-11-01,2015-01-31,Zip Code: 98107,Townhouse,502750.0,539950.0,344.66962626471195,28.0,19.0,4.0,0.9995466455385864,0.3214285714285714
2016-12-01,2017-02-28,Zip Code: 98105,All Residential,774500.0,700000.0,426.5927719821162,68.0,59.0,19.0,1.028261046010616,0.4705882352941176
2021-09-01,2021-11-30,Zip Code: 98136,Condo/Co-op,415000.0,389975.0,510.51051051051047,11.0,8.0,4.0,1.011547283728734,0.3636363636363636
2013-04-01,2013-06-30,Zip Code: 98199,Single Family Residential,700000.0,675000.0,285.10638297872333,93.0,117.0,48.0,1.0195763309701462,0.5268817204301075
2023-11-01,2024-01-31,Zip Code: 98136,All Residential,945000.0,919975.5,515.1037037037037,24.0,32.0,15.0,1.0042098001043074,0.3333333333333333
2020-11-01,2021-01-31,Zip Code: 98146,Condo/Co-op,223100.0,275000.0,275.30109714851375,8.0,7.0,1.0,0.9776515461565451,0.125
2015-07-01,2015-09-30,Zip Code: 98146,Townhouse,230000.0,242425.0,115.4039136979428,1.0,4.0,3.0,0.8918185343156261,0.0
2018-01-01,2018-03-31,Zip Code: 98177,Single Family Residential,837500.0,825000.0,386.62894580107206,54.0,61.0,15.0,1.0470266204358183,0.5555555555555555
2014-08-01,2014-10-31,Zip Code: 98118,Townhouse,289000.0,279700.0,169.99460334592553,9.0,6.0,3.0,0.9736470894324846,0.4444444444444444
2015-03-01,2015-05-31,Zip Code: 98116,Multi-Family (2-4 Unit),655000.0,722500.0,265.2472527472528,4.0,8.0,2.0,1.1005229429901455,0.5
2020-03-01,2020-05-31,Zip Code: 98119,All Residential,987500.0,965000.0,532.9762162635635,66.0,115.0,65.0,1.0080632858210754,0.3333333333333333
2020-08-01,2020-10-31,Zip Code: 98108,Condo/Co-op,468720.0,487260.0,312.48,1.0,4.0,6.0,1.0,0.0
2012-07-01,2012-09-30,Zip Code: 98126,Condo/Co-op,200000.0,216950.0,200.8032128514056,13.0,15.0,12.0,0.9904566585473832,0.1538461538461538
2023-08-01,2023-10-31,Zip Code: 98199,Single Family Residential,1324500.0,1300000.0,621.9059405940594,58.0,67.0,33.0,0.99046284197474,0.2241379310344827
2019-10-01,2019-12-31,Zip Code: 98199,Condo/Co-op,462500.0,504500.0,446.9200524246396,15.0,6.0,7.0,0.9776696097980636,0.2
2021-06-01,2021-08-31,Zip Code: 98112,Single Family Residential,1695000.0,1650000.0,642.8571428571429,105.0,93.0,19.0,1.0321617588565053,0.4095238095238095
2018-04-01,2018-06-30,Zip Code: 98115,Condo/Co-op,450000.0,407475.0,475.3878204297452,42.0,46.0,14.0,1.0703882730282386,0.6904761904761904
2021-05-01,2021-07-31,Zip Code: 98126,Multi-Family (2-4 Unit),837600.0,995000.0,431.7525773195876,1.0,3.0,1.0,1.1021052631578947,1.0
2021-04-01,2021-06-30,Zip Code: 98117,Multi-Family (2-4 Unit),867000.0,948000.0,378.19548872180445,7.0,9.0,4.0,1.0023846234653868,0.4285714285714285
2012-04-01,2012-06-30,Zip Code: 98102,Single Family Residential,742817.5,937000.0,257.6923726611227,18.0,26.0,19.0,0.9980349354109712,0.2777777777777777
2016-03-01,2016-05-31,Zip Code: 98199,Multi-Family (2-4 Unit),725000.0,922500.0,285.71428571428567,3.0,6.0,1.0,1.0394689654782308,0.6666666666666666
2018-09-01,2018-11-30,Zip Code: 98199,All Residential,994750.0,899450.0,426.4392324093817,114.0,122.0,55.0,0.98090162885447,0.1842105263157894
2022-03-01,2022-05-31,Zip Code: 98125,Single Family Residential,989000.0,949750.0,557.8453453453453,104.0,132.0,15.0,1.1296338139031388,0.75
2012-12-01,2013-02-28,Zip Code: 98199,Single Family Residential,613500.0,699500.0,261.78451772174213,52.0,46.0,34.0,0.9879412744809564,0.25
2021-01-01,2021-03-31,Zip Code: 98107,Condo/Co-op,442500.0,475000.0,579.6673646535739,34.0,53.0,19.0,0.9893498618491656,0.2058823529411764
2017-03-01,2017-05-31,Zip Code: 98105,Multi-Family (2-4 Unit),1025000.0,895000.0,299.7076023391813,1.0,5.0,2.0,1.1452513966480449,1.0
2019-12-01,2020-02-29,Zip Code: 98133,Condo/Co-op,307000.0,290000.0,365.4761904761905,25.0,22.0,7.0,0.9832038172371316,0.2
2020-07-01,2020-09-30,Zip Code: 98144,Multi-Family (2-4 Unit),1150000.0,1795000.0,479.1666666666666,1.0,1.0,2.0,0.9745762711864406,0.0
2020-10-01,2020-12-31,Zip Code: 98109,Condo/Co-op,512500.0,475000.0,572.3188720959733,42.0,59.0,49.0,0.9843512821821284,0.1428571428571428
2013-02-01,2013-04-30,Zip Code: 98199,Single Family Residential,649500.0,667250.0,273.7864077669903,67.0,106.0,45.0,1.0187239069664793,0.4925373134328358
2014-02-01,2014-04-30,Zip Code: 98106,Multi-Family (2-4 Unit),316600.0,339500.0,153.1614450348492,2.0,1.0,,0.9590497030321976,0.0
2023-06-01,2023-08-31,Zip Code: 98105,Townhouse,1077500.0,865000.0,575.2651347768449,4.0,7.0,4.0,0.9650114697905836,0.0
2015-08-01,2015-10-31,Zip Code: 98199,Condo/Co-op,269000.0,289975.0,315.55555555555554,23.0,22.0,5.0,1.0337070284398544,0.608695652173913
2020-06-01,2020-08-31,Zip Code: 98107,Townhouse,730500.0,749975.0,546.0361540321078,66.0,66.0,17.0,1.009378216171988,0.4848484848484848
2017-10-01,2017-12-31,Zip Code: 98105,Condo/Co-op,399950.0,387475.0,640.7579273008507,13.0,12.0,2.0,1.0384485100736254,0.6923076923076922
2020-12-01,2021-02-28,Zip Code: 98126,Condo/Co-op,308000.0,425000.0,463.2867132867133,11.0,11.0,6.0,0.9880472710609642,0.1818181818181818
2015-05-01,2015-07-31,Zip Code: 98199,Single Family Residential,800000.0,775000.0,348.1012658227848,97.0,89.0,19.0,1.0382954447404626,0.4845360824742268
2015-10-01,2015-12-31,Zip Code: 98125,Single Family Residential,501250.0,498888.0,279.42371406109606,104.0,67.0,15.0,1.0205805420043923,0.423076923076923
2013-12-01,2014-02-28,Zip Code: 98109,Townhouse,499500.0,495000.0,315.9461613931812,8.0,7.0,1.0,0.9794267501184324,0.125
2017-02-01,2017-04-30,Zip Code: 98115,Townhouse,660000.0,659475.0,483.1670673076923,43.0,48.0,7.0,1.0228096314911703,0.3255813953488372
2020-06-01,2020-08-31,Zip Code: 98107,Condo/Co-op,450000.0,449000.0,585.6423173803527,35.0,59.0,29.0,0.9916323393439564,0.1428571428571428
2019-08-01,2019-10-31,Zip Code: 98122,Multi-Family (2-4 Unit),906500.0,2195000.0,320.31802120141344,1.0,3.0,3.0,1.0083426028921023,1.0
2022-04-01,2022-06-30,Zip Code: 98106,All Residential,715000.0,719000.0,471.0144927536232,169.0,171.0,34.0,1.054587526195315,0.57396449704142
2019-02-01,2019-04-30,Zip Code: 98117,Townhouse,700000.0,649975.0,445.17123287671234,17.0,38.0,15.0,0.9886343745585968,0.1176470588235294
2017-08-01,2017-10-31,Zip Code: 98102,Condo/Co-op,521000.0,499000.0,651.9296531509526,78.0,79.0,11.0,1.0727077676729306,0.7051282051282051
2017-01-01,2017-03-31,Zip Code: 98102,Condo/Co-op,498750.0,450000.0,574.460601065552,48.0,51.0,12.0,1.0564407103294613,0.6875
2019-06-01,2019-08-31,Zip Code: 98133,Multi-Family (2-4 Unit),912500.0,649000.0,260.71428571428567,1.0,3.0,3.0,1.0429763401531604,1.0
2014-01-01,2014-03-31,Zip Code: 98109,Single Family Residential,753000.0,800000.0,318.2447701446281,18.0,23.0,10.0,1.0233915700561254,0.611111111111111
2018-07-01,2018-09-30,Zip Code: 98108,All Residential,582500.0,550000.0,405.5451303343558,100.0,116.0,66.0,1.005438756172392,0.32
2017-11-01,2018-01-31,Zip Code: 98125,All Residential,579900.0,570000.0,343.2003432003432,107.0,74.0,19.0,1.0239769928513942,0.4766355140186915
2015-09-01,2015-11-30,Zip Code: 98146,All Residential,344250.0,350000.0,194.1268191268192,98.0,93.0,45.0,1.0038157765224618,0.3775510204081632
2013-11-01,2014-01-31,Zip Code: 98199,Condo/Co-op,219000.0,359000.0,267.7261613691932,13.0,3.0,1.0,0.9703877517573096,0.0769230769230769
2021-06-01,2021-08-31,Zip Code: 98115,All Residential,925000.0,877450.0,555.9322033898305,309.0,316.0,49.0,1.060358665259688,0.5501618122977346
2023-11-01,2024-01-31,Zip Code: 98116,Condo/Co-op,554750.0,640000.0,585.6457725799405,16.0,13.0,10.0,1.0006322995816423,0.375
2023-03-01,2023-05-31,Zip Code: 98125,Townhouse,649975.0,684950.0,470.46141071637567,10.0,8.0,6.0,0.9946339024741924,0.1
2021-07-01,2021-09-30,Zip Code: 98106,Single Family Residential,699500.0,649000.0,452.580996131528,102.0,105.0,29.0,1.0538871351269024,0.6078431372549019
2017-08-01,2017-10-31,Zip Code: 98146,Multi-Family (2-4 Unit),955750.0,899950.0,193.27603640040445,1.0,1.0,,1.0620034446358133,1.0
2020-08-01,2020-10-31,Zip Code: 98109,Condo/Co-op,523750.0,504500.0,585.2501256913022,68.0,106.0,79.0,0.9894600436965604,0.1029411764705882
2023-11-01,2024-01-31,Zip Code: 98126,Townhouse,684000.0,669900.0,453.83700464758135,8.0,11.0,10.0,1.000477618070786,0.375
2020-08-01,2020-10-31,Zip Code: 98136,Condo/Co-op,412125.0,392500.0,433.63702623906704,12.0,16.0,10.0,1.0009796591588034,0.25
2023-10-01,2023-12-31,Zip Code: 98118,Condo/Co-op,335000.0,388475.0,300.4484304932735,1.0,4.0,6.0,1.0307692307692309,1.0
2022-11-01,2023-01-31,Zip Code: 98108,All Residential,641247.5,587000.0,453.6922379945636,34.0,42.0,32.0,0.9718111838877606,0.1176470588235294
2012-01-01,2012-03-31,Zip Code: 98105,All Residential,556000.0,539950.0,270.17543859649123,47.0,75.0,41.0,0.9756415885082184,0.1489361702127659
2016-11-01,2017-01-31,Zip Code: 98115,Townhouse,740000.0,754950.0,516.0522788203754,19.0,23.0,4.0,1.004427709052209,0.3157894736842105
2015-01-01,2015-03-31,Zip Code: 98105,Condo/Co-op,333500.0,329500.0,394.90065392354126,8.0,6.0,1.0,0.9800188751621624,0.25
2023-10-01,2023-12-31,Zip Code: 98109,All Residential,905000.0,799950.0,617.6993823845328,46.0,47.0,35.0,0.9916756371168012,0.2608695652173913
2016-12-01,2017-02-28,Zip Code: 98105,Multi-Family (2-4 Unit),875000.0,,322.992700729927,3.0,,,0.9674179857195224,0.3333333333333333
2018-11-01,2019-01-31,Zip Code: 98146,Single Family Residential,460000.0,486725.0,286.71418128654966,62.0,52.0,34.0,0.985933232034704,0.1290322580645161
2016-11-01,2017-01-31,Zip Code: 98177,Single Family Residential,655300.0,749900.0,312.93041148368764,76.0,35.0,18.0,0.9992668217426808,0.3421052631578947
2015-07-01,2015-09-30,Zip Code: 98109,Single Family Residential,830000.0,999950.0,445.73991031390136,13.0,25.0,13.0,1.045075574386643,0.5384615384615384
2017-11-01,2018-01-31,Zip Code: 98105,All Residential,897500.0,825000.0,486.4610872438863,74.0,61.0,22.0,1.0256305344962615,0.5135135135135134
2016-04-01,2016-06-30,Zip Code: 98133,All Residential,449000.0,425000.0,286.2920969245107,230.0,254.0,39.0,1.0519590433592074,0.5869565217391304
2012-02-01,2012-04-30,Zip Code: 98116,All Residential,424000.0,439250.0,241.8367346938776,77.0,108.0,71.0,0.9760945147883742,0.1558441558441558
2023-09-01,2023-11-30,Zip Code: 98199,All Residential,1060000.0,1127500.0,586.0494018952928,72.0,82.0,41.0,1.002644303917486,0.2638888888888889
2023-05-01,2023-07-31,Zip Code: 98177,Condo/Co-op,494250.0,385000.0,424.0867579908676,4.0,5.0,,1.051907333394682,1.0
2021-11-01,2022-01-31,Zip Code: 98146,Single Family Residential,634450.0,675000.0,409.5741565135895,78.0,47.0,8.0,1.0388135466888953,0.6282051282051281
2014-07-01,2014-09-30,Zip Code: 98144,Townhouse,391750.0,375000.0,294.3685807656396,22.0,18.0,5.0,0.9957950012105944,0.1818181818181818
2013-01-01,2013-03-31,Zip Code: 98125,Condo/Co-op,113000.0,124888.0,141.05513709697468,12.0,21.0,9.0,1.0076450388844955,0.5
2019-11-01,2020-01-31,Zip Code: 98177,All Residential,828500.0,747000.0,363.1012658227848,82.0,38.0,8.0,0.989839907268868,0.2560975609756097
2013-05-01,2013-07-31,Zip Code: 98146,All Residential,261000.0,278550.0,151.67279193835213,107.0,133.0,87.0,1.0007596617669618,0.4579439252336448
2023-05-01,2023-07-31,Zip Code: 98146,All Residential,655700.0,654975.0,421.64179104477614,83.0,86.0,22.0,1.0286855857085206,0.5180722891566265
2019-07-01,2019-09-30,Zip Code: 98115,Townhouse,689880.0,718380.0,479.4425087108015,25.0,34.0,22.0,0.9931582919322312,0.04
2022-03-01,2022-05-31,Zip Code: 98109,All Residential,647000.0,799000.0,682.9983249581239,101.0,139.0,54.0,1.0354845787481837,0.4752475247524752
2014-03-01,2014-05-31,Zip Code: 98177,Condo/Co-op,370000.0,360000.0,219.61789976669056,2.0,9.0,3.0,1.0208333333333337,0.5
2013-03-01,2013-05-31,Zip Code: 98125,Condo/Co-op,121450.0,169900.0,144.47910326638265,18.0,21.0,12.0,1.005626798801302,0.4444444444444444
2019-06-01,2019-08-31,Zip Code: 98109,Multi-Family (2-4 Unit),1410000.0,,502.8153955808981,2.0,,1.0,0.9634704650936406,0.0
2018-10-01,2018-12-31,Zip Code: 98133,Condo/Co-op,290000.0,278950.0,327.8655737704918,29.0,24.0,13.0,0.9941636295122412,0.2413793103448276
2023-11-01,2024-01-31,Zip Code: 98146,Single Family Residential,647500.0,750000.0,370.2215136767914,30.0,37.0,12.0,1.0011594878421624,0.2
2017-04-01,2017-06-30,Zip Code: 98107,Single Family Residential,785000.0,738500.0,481.7544910971187,70.0,80.0,5.0,1.065727632559554,0.5428571428571428
2019-08-01,2019-10-31,Zip Code: 98126,All Residential,617500.0,572450.0,379.5168012308703,112.0,142.0,74.0,0.9983704969264152,0.3035714285714285
2022-07-01,2022-09-30,Zip Code: 98146,Single Family Residential,693000.0,675000.0,419.0495796134177,64.0,85.0,44.0,1.0099815556411187,0.375
2017-10-01,2017-12-31,Zip Code: 98146,Condo/Co-op,173250.0,175500.0,225.19146640395013,6.0,4.0,1.0,0.989294435262444,0.3333333333333333
2015-04-01,2015-06-30,Zip Code: 98109,Multi-Family (2-4 Unit),885000.0,649000.0,368.75,3.0,3.0,,1.083021483021483,0.3333333333333333
2012-07-01,2012-09-30,Zip Code: 98177,Condo/Co-op,175000.0,335000.0,148.93617021276594,5.0,3.0,5.0,0.9705193837575408,0.0
2015-06-01,2015-08-31,Zip Code: 98146,All Residential,327000.0,350000.0,211.03896103896105,107.0,115.0,61.0,1.0260688598380547,0.542056074766355
2016-10-01,2016-12-31,Zip Code: 98109,All Residential,600000.0,629900.0,497.3749638212366,106.0,71.0,11.0,1.0136354220649058,0.3773584905660377
2020-05-01,2020-07-31,Zip Code: 98177,All Residential,872722.0,875000.0,406.46058867005786,80.0,105.0,31.0,1.01451925189612,0.45
2016-01-01,2016-03-31,Zip Code: 98108,Townhouse,383000.0,419950.0,292.0152091254753,16.0,18.0,5.0,1.022006723862683,0.6875
2020-10-01,2020-12-31,Zip Code: 98126,All Residential,649950.0,644925.0,416.92708333333337,162.0,122.0,23.0,1.0091982316358228,0.3641975308641975
2019-10-01,2019-12-31,Zip Code: 98177,All Residential,799975.0,795000.0,366.1326860841424,94.0,63.0,21.0,0.9941336406631088,0.2340425531914893
2020-11-01,2021-01-31,Zip Code: 98125,All Residential,682500.0,675000.0,405.4987608426271,130.0,81.0,26.0,1.0178659245500132,0.4076923076923076
2022-12-01,2023-02-28,Zip Code: 98199,Townhouse,799950.0,897777.0,566.9593852908891,9.0,11.0,6.0,0.9751371215701022,0.1111111111111111
2016-03-01,2016-05-31,Zip Code: 98177,All Residential,677000.0,649950.0,285.71428571428567,81.0,116.0,31.0,1.0540085438263875,0.5432098765432098
2021-05-01,2021-07-31,Zip Code: 98109,Single Family Residential,1525000.0,1295000.0,582.1972443799855,40.0,39.0,13.0,1.0534392865149502,0.5749999999999998
2018-08-01,2018-10-31,Zip Code: 98146,All Residential,440000.0,465000.0,297.6923076923077,73.0,102.0,66.0,0.9911283499724644,0.3424657534246575
2012-01-01,2012-03-31,Zip Code: 98146,All Residential,209574.5,189900.0,132.1592480824846,60.0,90.0,96.0,0.9607408649519096,0.1499999999999999
2018-11-01,2019-01-31,Zip Code: 98115,Multi-Family (2-4 Unit),1530000.0,,796.875,1.0,,,1.0166112956810631,1.0
2023-08-01,2023-10-31,Zip Code: 98109,Townhouse,1150000.0,1224975.0,644.0588853838066,15.0,14.0,8.0,0.9938786526639788,0.2
2020-03-01,2020-05-31,Zip Code: 98125,Single Family Residential,715000.0,699950.0,401.9574066743878,76.0,97.0,27.0,1.0250059967155247,0.4736842105263157
2013-11-01,2014-01-31,Zip Code: 98199,Townhouse,420000.0,459500.0,292.0723226703755,7.0,8.0,3.0,0.9823338273995964,0.0
2021-06-01,2021-08-31,Zip Code: 98107,All Residential,817250.0,765000.0,597.3915989159891,190.0,185.0,30.0,1.0367991192867587,0.4842105263157894
2022-05-01,2022-07-31,Zip Code: 98146,Townhouse,480000.0,467450.0,324.16473595175046,2.0,2.0,,1.0325821517550846,1.0
2018-04-01,2018-06-30,Zip Code: 98126,Townhouse,607000.0,588500.0,396.7676767676768,24.0,36.0,11.0,1.028648122719283,0.5
2019-10-01,2019-12-31,Zip Code: 98104,Condo/Co-op,483000.0,524610.0,536.6492146596859,17.0,19.0,32.0,0.9691239570343828,0.0588235294117647
2019-03-01,2019-05-31,Zip Code: 98115,Multi-Family (2-4 Unit),848000.0,1061500.0,347.5409836065574,1.0,2.0,1.0,1.0241545893719808,1.0
2022-09-01,2022-11-30,Zip Code: 98126,Single Family Residential,805000.0,775000.0,428.57142857142856,65.0,63.0,22.0,0.989978844801092,0.2615384615384615
2014-10-01,2014-12-31,Zip Code: 98146,All Residential,285325.0,256987.5,158.0609554470226,76.0,60.0,58.0,0.9824037456703648,0.1842105263157894
2023-10-01,2023-12-31,Zip Code: 98133,Single Family Residential,760000.0,725000.0,461.0778443113773,71.0,47.0,17.0,0.9994150845404258,0.3098591549295774
2012-01-01,2012-03-31,Zip Code: 98125,All Residential,249950.0,295000.0,177.04160246533127,75.0,87.0,80.0,0.9632967954850006,0.1066666666666666
2013-11-01,2014-01-31,Zip Code: 98117,All Residential,447000.0,485000.0,253.43642611683848,115.0,96.0,38.0,0.9987394875185632,0.3304347826086956
2021-07-01,2021-09-30,Zip Code: 98126,Single Family Residential,770000.0,715000.0,443.29896907216494,105.0,111.0,24.0,1.0468435960302025,0.5904761904761904
2015-03-01,2015-05-31,Zip Code: 98125,Townhouse,325000.0,319975.0,250.0,17.0,18.0,,1.0361542951721328,0.6470588235294118
2020-06-01,2020-08-31,Zip Code: 98125,Condo/Co-op,335000.0,325000.0,351.54580532906255,20.0,23.0,6.0,1.0001885100893044,0.2999999999999999
2015-05-01,2015-07-31,Zip Code: 98144,Condo/Co-op,280000.0,279000.0,348.5952133194589,17.0,17.0,4.0,0.9940431270906016,0.4705882352941176
2017-02-01,2017-04-30,Zip Code: 98125,Condo/Co-op,316443.5,282500.0,333.67529401786726,10.0,18.0,2.0,1.1145856386610586,0.8
2013-10-01,2013-12-31,Zip Code: 98109,Single Family Residential,715000.0,645000.0,335.27131782945736,23.0,15.0,9.0,1.0092043144199807,0.4347826086956521
2020-01-01,2020-03-31,Zip Code: 98118,Townhouse,475000.0,515000.0,392.11601307189545,35.0,46.0,21.0,1.004182298826819,0.1714285714285714
2017-02-01,2017-04-30,Zip Code: 98178,Single Family Residential,442500.0,449000.0,237.93995859213248,80.0,91.0,20.0,1.0363110828483597,0.55
2014-07-01,2014-09-30,Zip Code: 98199,Townhouse,453000.0,419950.0,297.6351351351352,9.0,13.0,7.0,1.0130033264920049,0.4444444444444444
2019-02-01,2019-04-30,Zip Code: 98109,Townhouse,1090000.0,999950.0,634.6794557720575,14.0,17.0,6.0,0.9911172506252311,0.0714285714285714
2017-03-01,2017-05-31,Zip Code: 98194,Condo/Co-op,600000.0,,666.6666666666665,1.0,,,0.96,0.0
2017-09-01,2017-11-30,Zip Code: 98106,Condo/Co-op,255000.0,304999.5,323.47140039447726,5.0,4.0,,0.9781181778795384,0.2
2018-02-01,2018-04-30,Zip Code: 98125,All Residential,680000.0,599950.0,408.4967320261438,125.0,143.0,23.0,1.0911759260160057,0.7199999999999999
2017-11-01,2018-01-31,Zip Code: 98105,Multi-Family (2-4 Unit),929000.0,,472.22222222222223,3.0,,,1.0296841825902336,0.6666666666666666
2022-04-01,2022-06-30,Zip Code: 98102,Single Family Residential,1658500.0,1925000.0,633.8371467275325,16.0,26.0,13.0,1.0190250539387495,0.3125
2023-03-01,2023-05-31,Zip Code: 98109,All Residential,872500.0,849950.0,620.4212454212454,90.0,89.0,51.0,0.9924594227823794,0.2
2018-10-01,2018-12-31,Zip Code: 98146,Condo/Co-op,239944.0,239888.0,247.4350769159805,12.0,9.0,4.0,0.9879098568527666,0.25
2013-05-01,2013-07-31,Zip Code: 98146,Condo/Co-op,105000.0,117500.0,101.54738878143134,11.0,16.0,12.0,0.9720164517778368,0.1818181818181818
2020-09-01,2020-11-30,Zip Code: 98199,All Residential,959000.0,940000.0,491.3043478260869,153.0,155.0,61.0,1.0079841741570097,0.3529411764705882
2019-02-01,2019-04-30,Zip Code: 98115,All Residential,755000.0,764950.0,443.6158192090396,151.0,227.0,77.0,1.0030144715600593,0.3178807947019867
2015-02-01,2015-04-30,Zip Code: 98105,Single Family Residential,751900.0,887000.0,371.8901559539492,46.0,80.0,20.0,1.0598717397508737,0.6304347826086956
2015-06-01,2015-08-31,Zip Code: 98175,Single Family Residential,380000.0,375000.0,342.3423423423424,1.0,1.0,,1.0133333333333334,1.0
2014-08-01,2014-10-31,Zip Code: 98146,Multi-Family (2-4 Unit),340000.0,,137.09677419354838,1.0,,2.0,0.6187443130118289,0.0
2021-03-01,2021-05-31,Zip Code: 98117,Townhouse,762100.0,749950.0,557.6171762122176,38.0,67.0,11.0,1.0303313523186215,0.5
2018-10-01,2018-12-31,Zip Code: 98106,Condo/Co-op,290750.0,275000.0,329.14515389296054,6.0,5.0,4.0,0.9820357516251872,0.1666666666666666
2015-03-01,2015-05-31,Zip Code: 98199,Townhouse,550000.0,509000.0,351.42857142857144,19.0,30.0,9.0,1.0391930641323894,0.5263157894736841
2019-06-01,2019-08-31,Zip Code: 98178,All Residential,450000.0,483000.0,275.3048780487805,103.0,104.0,59.0,1.0036910596887698,0.3980582524271844
2022-08-01,2022-10-31,Zip Code: 98112,Multi-Family (2-4 Unit),1170000.0,,288.88888888888886,1.0,,,0.97581317764804,0.0
2016-08-01,2016-10-31,Zip Code: 98126,Townhouse,475000.0,454950.0,308.3076023391813,27.0,25.0,4.0,1.0234851572140513,0.3703703703703703
2017-11-01,2018-01-31,Zip Code: 98105,Townhouse,755000.0,779000.0,550.4777568922307,8.0,3.0,,1.0095657027261924,0.5
2021-08-01,2021-10-31,Zip Code: 98108,All Residential,620000.0,584490.0,457.86516853932585,115.0,136.0,34.0,1.0328034481052413,0.4956521739130435
2016-09-01,2016-11-30,Zip Code: 98108,Townhouse,410000.0,489000.0,312.8125,18.0,12.0,2.0,1.012919412043631,0.5
2017-01-01,2017-03-31,Zip Code: 98115,Multi-Family (2-4 Unit),737000.0,1099500.0,462.9396984924623,1.0,2.0,1.0,1.0543633762517883,1.0
2017-12-01,2018-02-28,Zip Code: 98109,Townhouse,961200.0,997950.0,660.0,7.0,8.0,1.0,1.0339080428367766,0.5714285714285714
2016-11-01,2017-01-31,Zip Code: 98199,Multi-Family (2-4 Unit),745950.0,,223.33832335329345,1.0,,,0.962516129032258,0.0
2013-09-01,2013-11-30,Zip Code: 98146,Townhouse,131650.0,159400.0,117.83020403733448,4.0,2.0,,1.0391708833346682,0.75
2017-11-01,2018-01-31,Zip Code: 98146,Condo/Co-op,132300.0,194975.0,225.19146640395013,6.0,4.0,2.0,0.9850671836560148,0.3333333333333333
2022-09-01,2022-11-30,Zip Code: 98146,All Residential,649000.0,605000.0,371.25748502994014,67.0,80.0,30.0,1.002050383045917,0.2835820895522387
2015-11-01,2016-01-31,Zip Code: 98199,Townhouse,703000.0,759000.0,438.2440476190476,7.0,14.0,2.0,1.0076757079392655,0.5714285714285714
2014-11-01,2015-01-31,Zip Code: 98146,Multi-Family (2-4 Unit),405000.0,539000.0,123.10030395136778,2.0,1.0,1.0,0.9310344827586206,0.0
2023-07-01,2023-09-30,Zip Code: 98108,All Residential,660000.0,695000.0,410.23569643223993,56.0,62.0,40.0,0.9968385903292506,0.2142857142857142
2019-10-01,2019-12-31,Zip Code: 98102,All Residential,650000.0,662000.0,616.9665809768637,97.0,88.0,53.0,0.9922318739312808,0.2061855670103092
2018-05-01,2018-07-31,Zip Code: 98199,Condo/Co-op,510000.0,415000.0,485.1351351351352,19.0,25.0,9.0,1.0453663039691656,0.631578947368421
2016-05-01,2016-07-31,Zip Code: 98126,Townhouse,412000.0,432000.0,312.71428571428567,21.0,28.0,,1.0691901045286147,0.6666666666666666
2012-12-01,2013-02-28,Zip Code: 98112,All Residential,805000.0,709250.0,344.82758620689657,59.0,84.0,56.0,0.9692824184517658,0.135593220338983
2016-05-01,2016-07-31,Zip Code: 98126,Single Family Residential,501000.0,499000.0,338.9491487659385,110.0,135.0,31.0,1.0530430592661133,0.6272727272727273
2012-05-01,2012-07-31,Zip Code: 98177,All Residential,419961.0,480000.0,185.8888104648974,82.0,100.0,81.0,0.9908620371690317,0.3048780487804878
2019-12-01,2020-02-29,Zip Code: 98105,Multi-Family (2-4 Unit),1134000.0,1100000.0,492.1875,1.0,3.0,4.0,0.9878048780487804,0.0
2021-07-01,2021-09-30,Zip Code: 98109,All Residential,667500.0,695000.0,624.5665742024966,136.0,139.0,59.0,1.0009701238876092,0.2867647058823529
2015-08-01,2015-10-31,Zip Code: 98146,Condo/Co-op,341500.0,152250.0,364.0256959314775,7.0,12.0,6.0,1.023385356038347,0.4285714285714285
2016-10-01,2016-12-31,Zip Code: 98109,Townhouse,899450.0,912450.0,546.5999087463326,18.0,14.0,3.0,1.014582631505668,0.4444444444444444
2017-06-01,2017-08-31,Zip Code: 98125,Condo/Co-op,317500.0,284944.0,315.6300458380735,18.0,26.0,8.0,1.104856139894919,0.7222222222222222
2018-07-01,2018-09-30,Zip Code: 98199,All Residential,997250.0,892000.0,445.7929274092032,100.0,146.0,85.0,0.9961070700747208,0.2899999999999999
2018-03-01,2018-05-31,Zip Code: 98178,All Residential,518000.0,437000.0,284.394250513347,119.0,155.0,50.0,1.0528686751085217,0.5462184873949579
2018-12-01,2019-02-28,Zip Code: 98116,Condo/Co-op,447500.0,410000.0,511.6812418566775,22.0,23.0,10.0,0.976085217907653,0.0454545454545454
2020-07-01,2020-09-30,Zip Code: 98108,Single Family Residential,660000.0,687000.0,352.63157894736844,61.0,82.0,31.0,1.0158130767217577,0.4262295081967212
2019-04-01,2019-06-30,Zip Code: 98144,Single Family Residential,932500.0,897400.0,455.06972842612976,62.0,102.0,56.0,1.01457778302794,0.3225806451612903
2016-06-01,2016-08-31,Zip Code: 98125,Single Family Residential,567300.0,550000.0,320.7070707070708,113.0,148.0,44.0,1.0540358676876789,0.6460176991150443
2014-12-01,2015-02-28,Zip Code: 98126,Multi-Family (2-4 Unit),577750.0,600000.0,187.58116883116884,1.0,1.0,,0.9710084033613444,0.0
2015-09-01,2015-11-30,Zip Code: 98126,Single Family Residential,465500.0,499000.0,290.3225806451613,81.0,85.0,16.0,1.0229542189261625,0.5432098765432098
2018-10-01,2018-12-31,Zip Code: 98105,Condo/Co-op,517500.0,450000.0,532.29160369945,8.0,9.0,4.0,0.9882359624849222,0.125
2019-03-01,2019-05-31,Zip Code: 98175,Condo/Co-op,340000.0,,320.45240339302546,1.0,,,0.9444444444444444,0.0
2015-07-01,2015-09-30,Zip Code: 98126,Townhouse,425388.5,410000.0,290.5775075987842,24.0,17.0,2.0,1.0130250730939825,0.6666666666666666
2013-10-01,2013-12-31,Zip Code: 98199,Condo/Co-op,219000.0,242475.0,250.37993920972644,20.0,10.0,4.0,0.9805117131279772,0.25
2020-01-01,2020-03-31,Zip Code: 98106,Single Family Residential,603500.0,610000.0,367.06390140615673,60.0,66.0,31.0,1.0144722681473444,0.4333333333333333
2019-02-01,2019-04-30,Zip Code: 98104,Condo/Co-op,679950.0,682890.0,655.4878048780488,17.0,52.0,35.0,0.9964405709736124,0.1764705882352941
2023-10-01,2023-12-31,Zip Code: 98106,Single Family Residential,705000.0,725000.0,440.93951093951085,56.0,50.0,26.0,1.0092870344964249,0.3928571428571428
2017-04-01,2017-06-30,Zip Code: 98118,Multi-Family (2-4 Unit),500000.0,542500.0,178.57142857142858,1.0,2.0,1.0,0.980392156862745,0.0
2018-02-01,2018-04-30,Zip Code: 98126,Single Family Residential,676388.5,649500.0,434.0430057624628,66.0,121.0,28.0,1.0730792231189086,0.7272727272727272
2012-07-01,2012-09-30,Zip Code: 98133,Condo/Co-op,95150.0,124000.0,120.83682870472576,26.0,23.0,20.0,0.9724601997663048,0.1153846153846153
2023-06-01,2023-08-31,Zip Code: 98126,Single Family Residential,752500.0,775000.0,494.71982758620686,66.0,67.0,20.0,1.0186622338088047,0.5454545454545454
2022-12-01,2023-02-28,Zip Code: 98199,Multi-Family (2-4 Unit),1770000.0,1732500.0,,1.0,2.0,1.0,1.0,0.0
2016-08-01,2016-10-31,Zip Code: 98133,Multi-Family (2-4 Unit),737475.0,664975.0,362.7864196096654,2.0,4.0,1.0,1.0166666666666666,0.5
2015-05-01,2015-07-31,Zip Code: 98146,Condo/Co-op,91000.0,269900.0,124.98698323440593,8.0,9.0,5.0,1.009925449476506,0.25
2023-10-01,2023-12-31,Zip Code: 98115,Townhouse,825000.0,824975.0,608.2249426166794,11.0,10.0,4.0,0.9862632085657228,0.0909090909090909
2019-08-01,2019-10-31,Zip Code: 98122,All Residential,770000.0,775000.0,572.8476821192053,121.0,148.0,81.0,0.995293211204621,0.1983471074380165
2016-12-01,2017-02-28,Zip Code: 98109,Single Family Residential,1000000.0,1150000.0,462.31884057971007,17.0,9.0,5.0,0.9898183041765676,0.1764705882352941
2013-02-01,2013-04-30,Zip Code: 98126,Townhouse,271658.0,306990.0,191.02790905836017,10.0,15.0,6.0,1.0069944351455211,0.4
2023-06-01,2023-08-31,Zip Code: 98177,Townhouse,622475.0,609950.0,538.7693648537052,8.0,4.0,1.0,0.9902458334337592,0.125
2015-11-01,2016-01-31,Zip Code: 98125,Condo/Co-op,203500.0,219350.0,225.83323131541897,22.0,11.0,5.0,1.0057156146302388,0.3636363636363636
2014-10-01,2014-12-31,Zip Code: 98118,All Residential,341500.0,354900.0,213.21523418638336,126.0,127.0,73.0,0.996753744831146,0.3095238095238095
2016-10-01,2016-12-31,Zip Code: 98126,All Residential,455000.0,469950.0,323.30827067669173,137.0,88.0,19.0,1.0097913465984825,0.4087591240875912
2018-10-01,2018-12-31,Zip Code: 98125,Multi-Family (2-4 Unit),797500.0,797500.0,297.1932666572757,2.0,2.0,1.0,1.0,0.0
2012-06-01,2012-08-31,Zip Code: 98199,Condo/Co-op,197000.0,165000.0,233.48420058866,20.0,15.0,11.0,0.9825949194464876,0.2
2013-09-01,2013-11-30,Zip Code: 98199,Condo/Co-op,209500.0,274450.0,233.48081014255888,22.0,18.0,7.0,0.9925976191377696,0.3181818181818181
2018-12-01,2019-02-28,Zip Code: 98146,Single Family Residential,471250.0,515000.0,285.89181286549706,60.0,39.0,32.0,0.9782520916060308,0.1499999999999999
2015-07-01,2015-09-30,Zip Code: 98118,Multi-Family (2-4 Unit),400000.0,434500.0,171.51162790697674,3.0,8.0,4.0,1.0600416718756511,0.6666666666666666
2023-07-01,2023-09-30,Zip Code: 98125,Condo/Co-op,365000.0,354925.0,447.7598277579237,14.0,18.0,7.0,0.995422920983582,0.2857142857142857
2018-12-01,2019-02-28,Zip Code: 98146,All Residential,442500.0,449999.0,266.43978680495536,70.0,49.0,40.0,0.9815549108979524,0.1857142857142857
2020-12-01,2021-02-28,Zip Code: 98108,Multi-Family (2-4 Unit),609950.0,725000.0,306.5075376884422,1.0,3.0,1.0,1.016668055671306,1.0
2018-01-01,2018-03-31,Zip Code: 98122,All Residential,779475.0,767500.0,570.1754385964912,94.0,114.0,18.0,1.0750819597934045,0.6063829787234043
2017-05-01,2017-07-31,Zip Code: 98109,Multi-Family (2-4 Unit),1292500.0,1195000.0,528.7525100401606,2.0,3.0,1.0,1.0354166666666669,0.5
2019-11-01,2020-01-31,Zip Code: 98109,Single Family Residential,1512550.0,1274500.0,578.9473684210526,15.0,10.0,6.0,0.9671115101330332,0.2
2019-12-01,2020-02-29,Zip Code: 98146,Townhouse,321000.0,380000.0,217.2453351990181,2.0,3.0,1.0,0.9930689813246169,0.5
2015-02-01,2015-04-30,Zip Code: 98177,Multi-Family (2-4 Unit),499000.0,,245.8128078817734,1.0,,,0.9596153846153846,0.0
2017-05-01,2017-07-31,Zip Code: 98115,Single Family Residential,857000.0,799250.0,410.0854700854701,175.0,198.0,28.0,1.097613963228147,0.7142857142857143
2012-03-01,2012-05-31,Zip Code: 98199,Single Family Residential,547500.0,609950.0,259.28779813712293,72.0,104.0,56.0,0.9842721226813828,0.2777777777777777
2013-02-01,2013-04-30,Zip Code: 98125,Condo/Co-op,110000.0,152425.0,143.62845938735495,18.0,18.0,12.0,1.0119123095145763,0.5
2012-06-01,2012-08-31,Zip Code: 98109,Multi-Family (2-4 Unit),484700.0,750000.0,269.27777777777777,3.0,1.0,1.0,0.9933965132667328,0.3333333333333333
2023-07-01,2023-09-30,Zip Code: 98109,Condo/Co-op,537500.0,572499.5,632.3773128123228,44.0,46.0,34.0,0.9779559309312396,0.0909090909090909
2014-10-01,2014-12-31,Zip Code: 98125,Single Family Residential,445000.0,420000.0,243.5884831460674,108.0,82.0,20.0,1.0001587278868538,0.3611111111111111
2021-08-01,2021-10-31,Zip Code: 98108,Single Family Residential,675000.0,657499.5,446.875,75.0,76.0,26.0,1.046365609292029,0.5733333333333333
2022-04-01,2022-06-30,Zip Code: 98125,Multi-Family (2-4 Unit),847500.0,1299950.0,512.5085832699806,2.0,1.0,1.0,1.0393541202672605,0.5
2023-02-01,2023-04-30,Zip Code: 98116,Multi-Family (2-4 Unit),827500.0,,325.78740157480314,1.0,,,0.9910179640718562,0.0
2012-09-01,2012-11-30,Zip Code: 98178,Single Family Residential,198975.0,231950.0,116.26016260162602,52.0,87.0,79.0,0.9752383530173104,0.25
2012-05-01,2012-07-31,Zip Code: 98146,Single Family Residential,216000.0,254500.0,133.56164383561645,79.0,84.0,68.0,0.9964969118093192,0.2658227848101265
2019-09-01,2019-11-30,Zip Code: 98136,All Residential,645865.0,665000.0,406.25,73.0,84.0,34.0,0.9960014734621851,0.3835616438356164
2012-05-01,2012-07-31,Zip Code: 98109,Multi-Family (2-4 Unit),484700.0,519999.0,269.27777777777777,3.0,1.0,1.0,0.9933965132667328,0.3333333333333333
2018-07-01,2018-09-30,Zip Code: 98118,Townhouse,529950.0,570000.0,393.6567164179105,17.0,23.0,18.0,1.0046958018880277,0.3529411764705882
2013-10-01,2013-12-31,Zip Code: 98125,Multi-Family (2-4 Unit),420000.0,,198.0050839964633,2.0,,1.0,0.950450200087506,0.0
2020-10-01,2020-12-31,Zip Code: 98108,All Residential,638750.0,625000.0,378.6185769011826,94.0,83.0,41.0,1.0130971675514515,0.3936170212765957
2019-10-01,2019-12-31,Zip Code: 98126,All Residential,574975.0,590000.0,374.3348367697594,124.0,95.0,37.0,0.9929871224568012,0.2096774193548387
2020-12-01,2021-02-28,Zip Code: 98199,Townhouse,791000.0,690000.0,535.2112676056338,21.0,19.0,5.0,0.9973290724215376,0.0952380952380952
2015-03-01,2015-05-31,Zip Code: 98146,Townhouse,224750.0,257875.0,132.4745109887968,4.0,2.0,1.0,1.0032228777959098,0.25
2015-04-01,2015-06-30,Zip Code: 98199,Multi-Family (2-4 Unit),654975.0,662475.0,299.49226305609284,6.0,4.0,1.0,1.015552384219237,0.3333333333333333
2020-08-01,2020-10-31,Zip Code: 98146,Townhouse,282900.0,323975.0,301.31826741996235,3.0,4.0,2.0,1.0199414890196687,0.3333333333333333
2021-06-01,2021-08-31,Zip Code: 98126,Condo/Co-op,388247.5,385000.0,447.7967379385965,16.0,13.0,3.0,0.9946488469139178,0.1875
2015-05-01,2015-07-31,Zip Code: 98125,Multi-Family (2-4 Unit),510000.0,562500.0,159.375,1.0,2.0,1.0,0.9532710280373832,0.0
2012-07-01,2012-09-30,Zip Code: 98118,Condo/Co-op,140950.0,182450.0,194.3763919821826,4.0,4.0,5.0,0.9870548957768688,0.0
2018-05-01,2018-07-31,Zip Code: 98109,Multi-Family (2-4 Unit),947500.0,1695000.0,539.5785876993166,1.0,3.0,2.0,0.9717948717948716,0.0
2017-02-01,2017-04-30,Zip Code: 98146,Townhouse,251000.0,319950.0,194.20858822241385,4.0,7.0,1.0,1.062437467773974,0.75
2012-06-01,2012-08-31,Zip Code: 98133,Townhouse,249950.0,249950.0,183.20045454545453,18.0,19.0,11.0,1.0006505385097713,0.3888888888888889
2012-07-01,2012-09-30,Zip Code: 98105,All Residential,560000.0,549895.0,258.62068965517244,86.0,106.0,49.0,0.9982760742623868,0.3488372093023255
2020-01-01,2020-03-31,Zip Code: 98126,Townhouse,589975.0,562500.0,430.63063063063066,30.0,32.0,6.0,1.0106337528474054,0.4666666666666666
2017-11-01,2018-01-31,Zip Code: 98177,Townhouse,435500.0,399975.0,321.3241273036398,4.0,2.0,,1.0461629824195866,0.75
2023-12-01,2024-02-29,Zip Code: 98116,Single Family Residential,975000.0,1225000.0,542.8747686613201,37.0,38.0,14.0,1.0092063422351196,0.4054054054054054
2016-04-01,2016-06-30,Zip Code: 98146,Townhouse,268000.0,231250.0,175.43859649122808,3.0,2.0,2.0,1.0547468507630704,0.6666666666666666
2017-09-01,2017-11-30,Zip Code: 98108,Single Family Residential,541000.0,554500.0,297.07792207792204,62.0,70.0,24.0,1.0212039518910312,0.4677419354838709
2019-06-01,2019-08-31,Zip Code: 98146,Single Family Residential,513450.0,524950.0,319.02091311188286,94.0,104.0,52.0,1.0073392642632173,0.3191489361702127
2013-01-01,2013-03-31,Zip Code: 98125,Single Family Residential,350000.0,350000.0,206.25,63.0,97.0,31.0,0.9913419060606092,0.3333333333333333
2022-04-01,2022-06-30,Zip Code: 98146,Townhouse,562500.0,467450.0,433.0839184483584,4.0,2.0,,1.0710757648727576,1.0
2021-03-01,2021-05-31,Zip Code: 98177,Condo/Co-op,277475.0,294975.0,342.43150684931504,4.0,6.0,,1.0092694020431976,0.5
2022-08-01,2022-10-31,Zip Code: 98125,Single Family Residential,824950.0,832500.0,482.0309686712279,77.0,84.0,28.0,1.0007339518947729,0.3116883116883116
2020-08-01,2020-10-31,Zip Code: 98117,Multi-Family (2-4 Unit),922500.0,875000.0,313.25843274372687,4.0,5.0,4.0,0.9548446840358212,0.25
2014-12-01,2015-02-28,Zip Code: 98109,All Residential,440000.0,452500.0,378.1852941176471,60.0,60.0,31.0,1.00411060864076,0.3666666666666666
2012-10-01,2012-12-31,Zip Code: 98116,All Residential,447500.0,453725.0,256.16052798946697,106.0,56.0,48.0,0.9778420010149188,0.1886792452830188
2019-09-01,2019-11-30,Zip Code: 98199,Multi-Family (2-4 Unit),1200000.0,1222500.0,402.6845637583893,3.0,2.0,,0.9489559537007236,0.3333333333333333
2013-07-01,2013-09-30,Zip Code: 98115,Townhouse,401000.0,399950.0,306.0061208875287,13.0,21.0,2.0,1.0010207906017123,0.2307692307692307
2021-05-01,2021-07-31,Zip Code: 98105,All Residential,983750.0,948500.0,570.9276694066168,154.0,157.0,46.0,1.0469242291769,0.5064935064935064
2022-02-01,2022-04-30,Zip Code: 98112,All Residential,1337500.0,1272500.0,735.5957964217475,100.0,120.0,28.0,1.0832271705895489,0.57
2017-06-01,2017-08-31,Zip Code: 98146,All Residential,453750.0,435000.0,270.3287197231834,153.0,167.0,34.0,1.03790300642239,0.5490196078431373
2012-04-01,2012-06-30,Zip Code: 98116,All Residential,446500.0,457500.0,241.8367346938776,102.0,150.0,91.0,0.9877052113226968,0.2745098039215686
2018-11-01,2019-01-31,Zip Code: 98105,Single Family Residential,969000.0,864975.0,515.1420543240712,41.0,30.0,14.0,0.9821596703681228,0.1707317073170731
2023-04-01,2023-06-30,Zip Code: 98146,Condo/Co-op,350000.0,385000.0,371.8759299642406,4.0,9.0,3.0,0.9993768115942028,0.25
2020-02-01,2020-04-30,Zip Code: 98146,All Residential,496000.0,534950.0,305.3516457494672,68.0,93.0,41.0,1.0211644379766034,0.4558823529411764
2021-10-01,2021-12-31,Zip Code: 98199,All Residential,1094999.5,1087500.0,548.2888072478243,106.0,68.0,10.0,1.0235029524102837,0.4150943396226415
2012-01-01,2012-03-31,Zip Code: 98177,Single Family Residential,457000.0,462500.0,191.76296941540843,44.0,68.0,56.0,0.9807832530443954,0.1136363636363636
2020-12-01,2021-02-28,Zip Code: 98118,Condo/Co-op,277500.0,333500.0,402.1939558789173,4.0,6.0,6.0,0.9940505244110048,0.0
2013-01-01,2013-03-31,Zip Code: 98177,Townhouse,237500.0,285000.0,184.1085271317829,2.0,3.0,1.0,0.9851398601398602,0.5
2022-05-01,2022-07-31,Zip Code: 98109,Multi-Family (2-4 Unit),1350000.0,1947475.0,594.059405940594,3.0,4.0,3.0,1.0122393595533443,0.6666666666666666
2013-12-01,2014-02-28,Zip Code: 98125,Single Family Residential,410000.0,439950.0,226.85185185185185,67.0,65.0,28.0,1.0124632554467483,0.3283582089552238
2015-02-01,2015-04-30,Zip Code: 98136,All Residential,512500.0,487499.5,294.11394176931685,82.0,110.0,29.0,1.015109362013891,0.4390243902439024
2019-07-01,2019-09-30,Zip Code: 98136,All Residential,675000.0,669475.0,406.25,97.0,92.0,46.0,1.001752690642483,0.2989690721649484
2021-08-01,2021-10-31,Zip Code: 98115,Condo/Co-op,436250.0,420000.0,500.7418397626113,47.0,43.0,9.0,1.006995003552786,0.3191489361702127
2015-04-01,2015-06-30,Zip Code: 98199,Condo/Co-op,242500.0,257000.0,299.15642765450207,24.0,28.0,6.0,1.0273622558471625,0.625
2016-02-01,2016-04-30,Zip Code: 98108,Multi-Family (2-4 Unit),405900.0,329750.0,140.9375,1.0,2.0,,0.99,0.0
2020-05-01,2020-07-31,Zip Code: 98125,Townhouse,498000.0,599950.0,390.5882352941176,11.0,21.0,19.0,0.990878438271702,0.2727272727272727
2021-08-01,2021-10-31,Zip Code: 98199,Single Family Residential,1350000.0,1369000.0,550.0,93.0,78.0,11.0,1.0272245785542191,0.4516129032258064
2015-04-01,2015-06-30,Zip Code: 98199,All Residential,693725.0,659475.0,342.82500619146765,150.0,162.0,36.0,1.0379614728273228,0.56
2021-06-01,2021-08-31,Zip Code: 98146,Townhouse,591500.0,486500.0,385.7405577609056,2.0,4.0,1.0,1.076190476190476,0.5
2017-08-01,2017-10-31,Zip Code: 98125,Single Family Residential,649500.0,610000.0,375.9422110552764,122.0,133.0,26.0,1.045357107360846,0.5983606557377049
2014-09-01,2014-11-30,Zip Code: 98119,Townhouse,625000.0,615000.0,405.5944055944056,15.0,15.0,8.0,0.9879999305619412,0.0666666666666666
2015-09-01,2015-11-30,Zip Code: 98199,Townhouse,525000.0,545000.0,346.42857142857144,17.0,11.0,3.0,1.022172521097199,0.4117647058823529
2022-11-01,2023-01-31,Zip Code: 98116,Single Family Residential,945500.0,979750.0,571.6758241758241,36.0,22.0,9.0,0.9971731941781068,0.2777777777777777
2015-07-01,2015-09-30,Zip Code: 98109,Condo/Co-op,383000.0,374975.0,452.42390233488265,74.0,76.0,24.0,1.0245228405989644,0.5
2021-11-01,2022-01-31,Zip Code: 98109,Single Family Residential,1500000.0,1200000.0,586.1955085865258,15.0,12.0,2.0,1.0230138897333885,0.4
2018-02-01,2018-04-30,Zip Code: 98199,Single Family Residential,1134000.0,1100000.0,488.7586628618018,68.0,88.0,26.0,1.0725745748382909,0.6617647058823529
2013-03-01,2013-05-31,Zip Code: 98136,Single Family Residential,477700.0,515000.0,249.7531056707729,60.0,83.0,32.0,1.002743622699016,0.3833333333333333
2012-02-01,2012-04-30,Zip Code: 98175,All Residential,250000.0,209000.0,180.50541516245488,3.0,1.0,,0.9869281045751634,0.0
2016-11-01,2017-01-31,Zip Code: 98118,Condo/Co-op,300000.0,254500.0,326.6888150609081,5.0,7.0,1.0,1.0479210251046025,0.4
2014-08-01,2014-10-31,Zip Code: 98109,Condo/Co-op,327475.0,365000.0,413.6229022704837,64.0,69.0,34.0,0.99897435167262,0.234375
2017-08-01,2017-10-31,Zip Code: 98109,Single Family Residential,1167000.0,1038500.0,502.8925619834711,23.0,29.0,15.0,1.0516680650189094,0.6521739130434782
2016-10-01,2016-12-31,Zip Code: 98108,Multi-Family (2-4 Unit),499500.0,485000.0,209.48858747877,2.0,1.0,,0.9642268041237112,0.0
2021-10-01,2021-12-31,Zip Code: 98177,Condo/Co-op,525965.0,609975.0,401.5,7.0,4.0,,1.0379722646360552,0.4285714285714285
2022-04-01,2022-06-30,Zip Code: 98126,Single Family Residential,871750.0,799000.0,517.8571428571429,86.0,107.0,16.0,1.0913083542143454,0.6627906976744184
2020-05-01,2020-07-31,Zip Code: 98109,Townhouse,983000.0,899950.0,635.4916067146283,13.0,25.0,11.0,0.9974218021217428,0.2307692307692307
2022-11-01,2023-01-31,Zip Code: 98146,All Residential,640000.0,599000.0,362.48561565017263,57.0,45.0,24.0,0.9861337396678684,0.1578947368421052
2016-05-01,2016-07-31,Zip Code: 98199,All Residential,768050.0,749250.0,404.5806139714769,126.0,140.0,48.0,1.0420691844508227,0.5476190476190476
2015-12-01,2016-02-29,Zip Code: 98199,Condo/Co-op,315000.0,299950.0,341.20449374288967,14.0,13.0,7.0,0.986629926837514,0.2857142857142857
2019-02-01,2019-04-30,Zip Code: 98199,Condo/Co-op,477500.0,406750.0,402.09841916132245,12.0,24.0,11.0,0.9746614423094294,0.1666666666666666
2013-06-01,2013-08-31,Zip Code: 98125,All Residential,350000.0,350000.0,203.3505154639176,157.0,197.0,95.0,1.0201843344894048,0.4713375796178344
2013-06-01,2013-08-31,Zip Code: 98199,Condo/Co-op,298000.0,249000.0,255.57011795543903,19.0,23.0,10.0,0.9746272454268196,0.1052631578947368
2020-07-01,2020-09-30,Zip Code: 98177,Townhouse,504250.0,544500.0,353.42448766479566,2.0,6.0,3.0,0.9934929577464788,0.0
2015-05-01,2015-07-31,Zip Code: 98177,Condo/Co-op,368000.0,374900.0,243.117626027887,8.0,7.0,2.0,1.002765674599772,0.375
2012-06-01,2012-08-31,Zip Code: 98109,Single Family Residential,716000.0,724975.0,281.7919075144509,33.0,30.0,17.0,0.9719371158513456,0.303030303030303
2022-12-01,2023-02-28,Zip Code: 98146,Condo/Co-op,288750.0,360000.0,323.92011197243755,4.0,5.0,4.0,0.9829532558178864,0.0
2019-12-01,2020-02-29,Zip Code: 98105,Townhouse,739975.0,750000.0,511.9142195686609,10.0,7.0,6.0,0.998883242342309,0.1
2020-11-01,2021-01-31,Zip Code: 98115,Multi-Family (2-4 Unit),1000000.0,1162500.0,299.4011976047904,1.0,4.0,4.0,1.0,0.0
2013-02-01,2013-04-30,Zip Code: 98133,All Residential,330000.0,309500.0,194.44444444444449,105.0,183.0,92.0,0.999471753524906,0.4285714285714285
2018-10-01,2018-12-31,Zip Code: 98116,Condo/Co-op,485000.0,489000.0,492.1739313021751,22.0,21.0,8.0,0.9890802368833376,0.0454545454545454
2017-10-01,2017-12-31,Zip Code: 98146,All Residential,485000.0,459900.0,269.8863636363636,91.0,73.0,18.0,1.021677258271412,0.5384615384615384
2022-04-01,2022-06-30,Zip Code: 98115,All Residential,985000.0,948500.0,613.2075471698113,291.0,344.0,72.0,1.0834336971215317,0.6048109965635738
2014-12-01,2015-02-28,Zip Code: 98177,Townhouse,260000.0,274475.0,203.76175548589345,1.0,2.0,1.0,1.04,1.0
2019-08-01,2019-10-31,Zip Code: 98115,Townhouse,689880.0,749900.0,479.4425087108015,21.0,37.0,21.0,0.9966984302537438,0.0476190476190476
2017-12-01,2018-02-28,Zip Code: 98146,Single Family Residential,466000.0,450000.0,290.650406504065,73.0,60.0,14.0,1.0258821917774377,0.4931506849315068
2017-03-01,2017-05-31,Zip Code: 98199,All Residential,810250.0,849000.0,440.79098114341525,152.0,164.0,34.0,1.0539653898231325,0.5921052631578946
2015-10-01,2015-12-31,Zip Code: 98108,All Residential,355000.0,375000.0,224.1158333837132,63.0,42.0,20.0,1.0038135555601193,0.3968253968253968
2014-12-01,2015-02-28,Zip Code: 98117,Multi-Family (2-4 Unit),850000.0,,262.34567901234567,3.0,,,0.9888653353814644,0.0
2013-03-01,2013-05-31,Zip Code: 98126,All Residential,335000.0,337750.0,219.04796163069545,105.0,132.0,66.0,1.0030234267055536,0.4476190476190476
2022-06-01,2022-08-31,Zip Code: 98117,Single Family Residential,1100000.0,995000.0,563.9204545454545,153.0,175.0,44.0,1.0401895490355668,0.4705882352941176
2012-11-01,2013-01-31,Zip Code: 98108,Single Family Residential,265500.0,253900.0,141.80608365019012,46.0,38.0,34.0,0.9909848353555286,0.2608695652173913
2023-11-01,2024-01-31,Zip Code: 98105,All Residential,917000.0,980000.0,552.8846153846154,39.0,48.0,39.0,0.9849431637685616,0.282051282051282
2022-08-01,2022-10-31,Zip Code: 98109,Townhouse,950000.0,1052500.0,729.8850574712643,13.0,22.0,12.0,0.9901177984621496,0.2307692307692307
2020-02-01,2020-04-30,Zip Code: 98115,Single Family Residential,900000.0,865000.0,472.22222222222223,127.0,161.0,31.0,1.047509921565963,0.6220472440944881
2013-03-01,2013-05-31,Zip Code: 98109,Condo/Co-op,324500.0,325000.0,341.34615384615387,67.0,71.0,31.0,0.9926760002494788,0.2388059701492537
2022-08-01,2022-10-31,Zip Code: 98125,Condo/Co-op,397500.0,449000.0,412.9593810444874,17.0,19.0,14.0,0.9883452594572864,0.1764705882352941
2017-03-01,2017-05-31,Zip Code: 98115,Condo/Co-op,263000.0,292745.0,362.75773195876286,27.0,34.0,8.0,1.1182411468392557,0.6666666666666666
2017-03-01,2017-05-31,Zip Code: 98133,All Residential,540000.0,489000.0,342.10526315789474,193.0,217.0,23.0,1.0815536701212909,0.7046632124352331
2016-12-01,2017-02-28,Zip Code: 98146,Single Family Residential,450000.0,399000.0,226.61214953271028,67.0,49.0,18.0,1.007753210862938,0.3582089552238805
2013-02-01,2013-04-30,Zip Code: 98102,All Residential,365000.0,448500.0,355.3499768482791,87.0,117.0,54.0,1.0043075987413634,0.3563218390804597
2021-11-01,2022-01-31,Zip Code: 98104,Condo/Co-op,395975.0,482450.0,673.7361170841846,28.0,32.0,32.0,0.989547417174015,0.1071428571428571
2015-07-01,2015-09-30,Zip Code: 98109,All Residential,450000.0,507475.0,449.17257683215126,99.0,122.0,44.0,1.0288251951650158,0.5252525252525253
2019-07-01,2019-09-30,Zip Code: 98126,Single Family Residential,652944.0,625000.0,378.8576250229745,86.0,90.0,45.0,1.0006555126928838,0.3604651162790697
2016-07-01,2016-09-30,Zip Code: 98109,Single Family Residential,1192950.0,1067000.0,460.34006950661967,26.0,29.0,14.0,1.0006829085746245,0.423076923076923
2021-01-01,2021-03-31,Zip Code: 98115,Single Family Residential,959000.0,895000.0,507.3486573804354,138.0,163.0,21.0,1.080065015824334,0.6376811594202898
2021-06-01,2021-08-31,Zip Code: 98109,All Residential,748950.0,695000.0,599.6313122089307,150.0,157.0,59.0,1.0095954630087258,0.34
2015-09-01,2015-11-30,Zip Code: 98116,Townhouse,573500.0,575000.0,358.74439461883406,15.0,15.0,7.0,1.0098201671505485,0.3333333333333333
2015-11-01,2016-01-31,Zip Code: 98102,Condo/Co-op,376000.0,415000.0,502.48138957816377,45.0,31.0,10.0,1.017077437553763,0.4444444444444444
2020-09-01,2020-11-30,Zip Code: 98177,Single Family Residential,931000.0,912500.0,409.3567251461988,103.0,92.0,9.0,1.0262675373374834,0.4757281553398058
2015-04-01,2015-06-30,Zip Code: 98116,Townhouse,580000.0,569950.0,375.4672897196261,23.0,19.0,4.0,1.0157714441009844,0.4347826086956521
2016-05-01,2016-07-31,Zip Code: 98146,Single Family Residential,425000.0,402500.0,245.6493055555556,120.0,150.0,55.0,1.0369372734826152,0.6166666666666667
2015-08-01,2015-10-31,Zip Code: 98133,Single Family Residential,427000.0,429894.0,253.9539917446894,136.0,134.0,26.0,1.0276046502685932,0.5147058823529411
2018-05-01,2018-07-31,Zip Code: 98177,Single Family Residential,900000.0,788491.0,389.6103896103896,89.0,98.0,31.0,1.0353680496168791,0.4943820224719101
2021-08-01,2021-10-31,Zip Code: 98105,Townhouse,786750.0,789225.0,574.863215803951,16.0,22.0,7.0,1.0012127580358896,0.1875
2012-03-01,2012-05-31,Zip Code: 98106,Condo/Co-op,70990.0,126500.0,94.52729693741678,3.0,6.0,6.0,0.9512782124615956,0.3333333333333333
2023-11-01,2024-01-31,Zip Code: 98109,Single Family Residential,1565000.0,1935000.0,618.6224489795918,13.0,8.0,5.0,0.9848424066393012,0.1538461538461538
2015-10-01,2015-12-31,Zip Code: 98117,Condo/Co-op,340000.0,377000.0,354.93228088336787,6.0,4.0,1.0,0.9755157339029636,0.1666666666666666
2016-06-01,2016-08-31,Zip Code: 98125,All Residential,487000.0,471975.0,303.08634906092533,172.0,210.0,58.0,1.05267033066071,0.6162790697674418
2017-06-01,2017-08-31,Zip Code: 98177,Multi-Family (2-4 Unit),803600.0,,382.6666666666666,1.0,,,1.1496423462088698,1.0
2016-07-01,2016-09-30,Zip Code: 98126,Condo/Co-op,279250.0,264500.0,370.5614190793734,22.0,24.0,11.0,1.0205634465894764,0.5
2021-07-01,2021-09-30,Zip Code: 98109,Townhouse,1029000.0,932500.0,694.0774467487806,14.0,12.0,8.0,0.9978874700864794,0.3571428571428571
2013-10-01,2013-12-31,Zip Code: 98125,Condo/Co-op,148750.0,144900.0,143.62726839901148,14.0,11.0,10.0,0.9815853757108092,0.2857142857142857
2014-08-01,2014-10-31,Zip Code: 98146,All Residential,290000.0,309997.5,173.389805393658,98.0,84.0,79.0,0.9933954714999148,0.2857142857142857
2019-12-01,2020-02-29,Zip Code: 98107,Townhouse,737475.0,765000.0,505.7171147686743,44.0,43.0,10.0,1.0019484803937129,0.3409090909090908
2014-12-01,2015-02-28,Zip Code: 98144,Condo/Co-op,232500.0,225000.0,309.35432028738893,12.0,13.0,9.0,0.9953023092894148,0.25
2019-01-01,2019-03-31,Zip Code: 98109,All Residential,735000.0,653000.0,591.4489311163895,59.0,109.0,70.0,0.9806986832569516,0.2033898305084745
2013-06-01,2013-08-31,Zip Code: 98146,Single Family Residential,271000.0,306085.0,161.34584551542017,88.0,133.0,86.0,1.0090703306122355,0.4545454545454545
2022-07-01,2022-09-30,Zip Code: 98105,Townhouse,895000.0,882475.0,560.6523955147809,5.0,12.0,8.0,0.9847527153677464,0.2
2023-10-01,2023-12-31,Zip Code: 98146,Multi-Family (2-4 Unit),648100.0,,247.3664122137405,1.0,,,0.997076923076923,0.0
2020-09-01,2020-11-30,Zip Code: 98178,Condo/Co-op,222500.0,179950.0,251.36508835701585,8.0,3.0,,1.0127306374621292,0.375
2017-10-01,2017-12-31,Zip Code: 98177,Townhouse,435500.0,399975.0,321.3241273036398,4.0,4.0,1.0,1.0461629824195866,0.75
2021-06-01,2021-08-31,Zip Code: 98125,Townhouse,639950.0,612475.0,469.3878954607978,44.0,34.0,4.0,1.019042760514806,0.4090909090909091
2016-07-01,2016-09-30,Zip Code: 98146,All Residential,380000.0,389950.0,231.57894736842104,127.0,153.0,55.0,1.0304600675248756,0.5748031496062991
2017-03-01,2017-05-31,Zip Code: 98125,Multi-Family (2-4 Unit),1150000.0,,293.2177460479347,1.0,,,1.2105263157894737,1.0
2013-02-01,2013-04-30,Zip Code: 98109,Condo/Co-op,320500.0,310000.0,344.6601941747573,56.0,81.0,32.0,0.9915291663173206,0.25
2023-03-01,2023-05-31,Zip Code: 98108,Townhouse,571250.0,625000.0,464.7335251903392,12.0,19.0,13.0,0.999230201560742,0.4166666666666666
2017-08-01,2017-10-31,Zip Code: 98109,Condo/Co-op,515502.5,499970.0,623.4001192568677,60.0,68.0,16.0,1.0601368983839587,0.5999999999999999
2020-07-01,2020-09-30,Zip Code: 98102,All Residential,662000.0,762500.0,631.5211422295441,103.0,172.0,120.0,0.9939455165640436,0.2135922330097087
2017-08-01,2017-10-31,Zip Code: 98126,Condo/Co-op,333000.0,390250.0,440.9005628517824,19.0,14.0,1.0,1.0620240020041416,0.4736842105263157
2018-09-01,2018-11-30,Zip Code: 98116,Multi-Family (2-4 Unit),873935.0,850000.0,382.50674010455566,2.0,3.0,2.0,1.0655987051424345,0.5
2013-08-01,2013-10-31,Zip Code: 98125,Condo/Co-op,147500.0,147000.0,156.5801240481968,24.0,18.0,9.0,1.0097969908799984,0.4166666666666666
2015-07-01,2015-09-30,Zip Code: 98117,Townhouse,525000.0,435000.0,335.87786259541986,9.0,11.0,1.0,1.059792029334566,0.6666666666666666
2017-04-01,2017-06-30,Zip Code: 98199,All Residential,825000.0,849878.5,446.8085106382978,159.0,186.0,47.0,1.0473361983926472,0.5283018867924528
2015-12-01,2016-02-29,Zip Code: 98177,Condo/Co-op,382425.0,369950.0,277.7313803589019,4.0,4.0,1.0,1.0142254525034513,0.5
2019-01-01,2019-03-31,Zip Code: 98118,Townhouse,590000.0,515000.0,379.2396396396396,18.0,19.0,14.0,0.9853391292397892,0.0555555555555555
2017-01-01,2017-03-31,Zip Code: 98122,Multi-Family (2-4 Unit),965000.0,875000.0,282.1637426900585,5.0,7.0,2.0,1.06212415734014,0.4
2019-06-01,2019-08-31,Zip Code: 98177,All Residential,831250.0,760000.0,352.7075661198527,102.0,99.0,54.0,1.0061902443548374,0.3529411764705882
2016-01-01,2016-03-31,Zip Code: 98146,Townhouse,196000.0,199900.0,155.30903328050712,3.0,3.0,2.0,1.0018813066529846,0.3333333333333333
2018-04-01,2018-06-30,Zip Code: 98105,All Residential,944975.0,947475.0,496.85534591194966,100.0,126.0,37.0,1.0410722382653232,0.51
2015-07-01,2015-09-30,Zip Code: 98115,Single Family Residential,626250.0,617000.0,327.3532752745172,184.0,194.0,43.0,1.0585295186227075,0.6358695652173914
2021-11-01,2022-01-31,Zip Code: 98109,Multi-Family (2-4 Unit),1177500.0,725000.0,508.05263157894734,6.0,1.0,,1.0345279840052255,0.3333333333333333
2023-02-01,2023-04-30,Zip Code: 98177,Condo/Co-op,650000.0,696225.0,485.0746268656716,5.0,4.0,,0.9961278782607224,0.4
2018-10-01,2018-12-31,Zip Code: 98144,Single Family Residential,793000.0,797000.0,438.193710359408,60.0,52.0,25.0,0.9823926202792734,0.2
2017-02-01,2017-04-30,Zip Code: 98177,All Residential,700000.0,722450.0,333.33333333333326,63.0,88.0,24.0,1.0424488855288911,0.492063492063492
2019-08-01,2019-10-31,Zip Code: 98146,Condo/Co-op,247500.0,243625.0,266.260162601626,9.0,6.0,3.0,0.996208418456948,0.1111111111111111
2013-05-01,2013-07-31,Zip Code: 98126,Condo/Co-op,147000.0,185000.0,224.6256239600665,13.0,19.0,14.0,1.0012760207641604,0.3076923076923077
2013-12-01,2014-02-28,Zip Code: 98133,Condo/Co-op,144395.0,139500.0,173.92146834867597,16.0,26.0,21.0,0.9948331680173272,0.25
2013-03-01,2013-05-31,Zip Code: 98199,Multi-Family (2-4 Unit),559500.0,472250.0,239.1025641025641,1.0,4.0,2.0,1.1668404588112615,1.0
2019-07-01,2019-09-30,Zip Code: 98133,Multi-Family (2-4 Unit),1120000.0,997500.0,608.695652173913,1.0,2.0,3.0,1.0,0.0
2021-04-01,2021-06-30,Zip Code: 98109,Condo/Co-op,525000.0,499999.5,616.7943233366353,74.0,100.0,38.0,1.0021876034020305,0.3108108108108108
2020-03-01,2020-05-31,Zip Code: 98146,Condo/Co-op,257825.0,227700.0,285.5204872646733,7.0,8.0,6.0,0.9917809615383713,0.4285714285714285
2015-08-01,2015-10-31,Zip Code: 98117,All Residential,589000.0,565000.0,324.2647058823529,163.0,170.0,38.0,1.047196263360774,0.6012269938650306
2012-11-01,2013-01-31,Zip Code: 98105,Condo/Co-op,280000.0,299000.0,271.60493827160496,9.0,9.0,7.0,0.970757789576407,0.1111111111111111
2018-05-01,2018-07-31,Zip Code: 98126,All Residential,609305.0,600000.0,392.0587834151664,184.0,210.0,80.0,1.0295199573397902,0.4945652173913043
2022-01-01,2022-03-31,Zip Code: 98125,Condo/Co-op,350000.0,354500.0,430.0403225806452,25.0,26.0,4.0,1.044888288130715,0.52
2020-12-01,2021-02-28,Zip Code: 98194,Condo/Co-op,687000.0,699000.0,540.5192761605035,1.0,3.0,3.0,0.982832618025751,0.0
2020-02-01,2020-04-30,Zip Code: 98107,Townhouse,768975.0,759950.0,542.4206029572522,44.0,53.0,15.0,1.015271026249984,0.4318181818181818
2021-11-01,2022-01-31,Zip Code: 98109,All Residential,700000.0,582000.0,602.5236593059936,80.0,58.0,15.0,1.004771135254626,0.2999999999999999
2023-10-01,2023-12-31,Zip Code: 98125,Condo/Co-op,348000.0,430000.0,385.5140186915888,11.0,8.0,3.0,0.9943013994893096,0.1818181818181818
2012-06-01,2012-08-31,Zip Code: 98133,Condo/Co-op,95250.0,102250.0,128.53033142829003,24.0,16.0,10.0,0.9782534309449088,0.125
2023-07-01,2023-09-30,Zip Code: 98117,Townhouse,859950.0,825000.0,556.8401937046004,29.0,49.0,43.0,0.9990030669438432,0.2068965517241379
2016-03-01,2016-05-31,Zip Code: 98109,All Residential,518250.0,549975.0,510.989010989011,113.0,150.0,47.0,1.0419058320035128,0.584070796460177
2016-02-01,2016-04-30,Zip Code: 98146,Townhouse,200000.0,233950.0,155.30903328050712,5.0,2.0,2.0,1.033976894449633,0.5999999999999999
2019-08-01,2019-10-31,Zip Code: 98199,Multi-Family (2-4 Unit),1168000.0,1222500.0,358.56540084388183,3.0,2.0,,0.926693140038716,0.0
2012-03-01,2012-05-31,Zip Code: 98146,All Residential,221500.0,237750.0,131.74273858921163,63.0,96.0,88.0,0.9856051856470894,0.238095238095238
2015-03-01,2015-05-31,Zip Code: 98105,Single Family Residential,910000.0,837000.0,360.563751317176,68.0,102.0,25.0,1.0536264876239896,0.588235294117647
2018-12-01,2019-02-28,Zip Code: 98107,Multi-Family (2-4 Unit),1150000.0,1172500.0,378.0573025856045,3.0,4.0,2.0,0.9917587939698492,0.3333333333333333
2017-12-01,2018-02-28,Zip Code: 98109,Condo/Co-op,552500.0,499475.0,661.0359606241211,58.0,50.0,8.0,1.0644184968610793,0.6724137931034482
2020-11-01,2021-01-31,Zip Code: 98199,Townhouse,773000.0,815000.0,521.1791008701257,22.0,15.0,5.0,0.998356237042728,0.1363636363636363
2021-12-01,2022-02-28,Zip Code: 98199,Condo/Co-op,460000.0,430000.0,523.1560891938251,17.0,26.0,4.0,1.0175471784739982,0.3529411764705882
2019-04-01,2019-06-30,Zip Code: 98146,All Residential,510000.0,499950.0,312.49483599107657,106.0,135.0,60.0,1.0008613612596715,0.3773584905660377
2013-10-01,2013-12-31,Zip Code: 98133,All Residential,330000.0,324900.0,196.6292134831461,149.0,130.0,58.0,0.9925623934703804,0.2684563758389261
2021-12-01,2022-02-28,Zip Code: 98126,Multi-Family (2-4 Unit),995000.0,990000.0,319.935691318328,1.0,3.0,1.0,1.0474235486078214,1.0
2020-11-01,2021-01-31,Zip Code: 98125,Townhouse,520000.0,592475.0,382.1337579617834,15.0,20.0,9.0,0.999680806781682,0.0666666666666666
2012-08-01,2012-10-31,Zip Code: 98126,All Residential,310000.0,348888.0,201.1415525114155,95.0,103.0,55.0,0.9879782178034524,0.2526315789473684
2017-08-01,2017-10-31,Zip Code: 98108,Townhouse,600000.0,585250.0,417.2461752433936,17.0,26.0,8.0,1.0242853200249125,0.588235294117647
2015-12-01,2016-02-29,Zip Code: 98116,Multi-Family (2-4 Unit),641500.0,649500.0,295.20459215581167,2.0,3.0,3.0,0.984967320261438,0.5
2019-04-01,2019-06-30,Zip Code: 98105,Single Family Residential,1035000.0,1225000.0,472.9990356798457,72.0,95.0,33.0,1.0120359665880958,0.3611111111111111
2020-11-01,2021-01-31,Zip Code: 98194,All Residential,687000.0,699000.0,540.5192761605035,1.0,3.0,3.0,0.982832618025751,0.0
2012-01-01,2012-03-31,Zip Code: 98199,Single Family Residential,530000.0,594500.0,250.0,45.0,68.0,58.0,0.9830987178504684,0.2
2019-01-01,2019-03-31,Zip Code: 98102,Townhouse,1050000.0,990000.0,651.7241379310345,21.0,21.0,7.0,0.9813542213084254,0.0476190476190476
2021-09-01,2021-11-30,Zip Code: 98108,Single Family Residential,665000.0,726725.0,431.81818181818176,69.0,58.0,7.0,1.0371609637731825,0.5507246376811594
2017-01-01,2017-03-31,Zip Code: 98146,All Residential,450000.0,392500.0,265.3061224489796,73.0,90.0,27.0,1.0334114257187506,0.547945205479452
2012-01-01,2012-03-31,Zip Code: 98116,All Residential,383000.0,407450.0,221.13027452753096,60.0,94.0,70.0,0.9723066896059676,0.1333333333333333
2014-06-01,2014-08-31,Zip Code: 98116,All Residential,547500.0,549000.0,303.004884110745,148.0,147.0,59.0,1.002153216795712,0.3378378378378378
2020-12-01,2021-02-28,Zip Code: 98133,All Residential,639110.0,650000.0,402.9374065370647,184.0,161.0,37.0,1.0239801988448034,0.4402173913043478
2013-08-01,2013-10-31,Zip Code: 98125,Single Family Residential,397500.0,400000.0,217.29559748427675,98.0,127.0,54.0,1.0093118435575776,0.3979591836734693
2019-10-01,2019-12-31,Zip Code: 98115,All Residential,760000.0,799950.0,439.77591036414566,195.0,115.0,36.0,0.9956848464808956,0.2153846153846154
2022-07-01,2022-09-30,Zip Code: 98108,Condo/Co-op,225000.0,249000.0,401.78571428571433,1.0,1.0,1.0,0.9001800360072014,0.0
2019-04-01,2019-06-30,Zip Code: 98177,All Residential,775000.0,789000.0,379.2134831460674,95.0,145.0,69.0,1.0110788920881275,0.4105263157894736
2018-10-01,2018-12-31,Zip Code: 98177,All Residential,740500.0,750000.0,350.9478672985782,71.0,47.0,34.0,0.9767475250441257,0.2253521126760563
2016-03-01,2016-05-31,Zip Code: 98144,All Residential,565000.0,549950.0,364.9748073503261,116.0,176.0,48.0,1.056642617434236,0.5431034482758621
2015-07-01,2015-09-30,Zip Code: 98105,All Residential,647000.0,642475.0,370.59230975192366,90.0,102.0,25.0,1.0300327531428053,0.511111111111111
2013-03-01,2013-05-31,Zip Code: 98115,Condo/Co-op,180000.0,193200.0,184.4724220623501,37.0,36.0,17.0,1.004924116990249,0.4324324324324324
2018-02-01,2018-04-30,Zip Code: 98199,Multi-Family (2-4 Unit),1000000.0,1124999.5,396.8253968253968,1.0,2.0,,1.000001000001,1.0
2014-12-01,2015-02-28,Zip Code: 98116,All Residential,495000.0,525000.0,318.6274509803921,85.0,106.0,52.0,0.9968975159923346,0.2470588235294117
2016-05-01,2016-07-31,Zip Code: 98199,Single Family Residential,849000.0,837500.0,410.8108108108109,97.0,106.0,36.0,1.045216566400278,0.5360824742268041
2015-02-01,2015-04-30,Zip Code: 98109,Townhouse,657600.0,600000.0,408.8428626993388,4.0,5.0,,1.0101953359585527,0.5
2018-11-01,2019-01-31,Zip Code: 98108,All Residential,500000.0,550000.0,325.82781456953643,61.0,43.0,36.0,0.9767097042063654,0.2131147540983606
2021-12-01,2022-02-28,Zip Code: 98105,Multi-Family (2-4 Unit),1682500.0,1799950.0,479.6954314720812,7.0,5.0,4.0,1.0015816662256325,0.2857142857142857
2012-05-01,2012-07-31,Zip Code: 98125,Condo/Co-op,160000.0,133950.0,119.7411003236246,21.0,21.0,14.0,0.9830253544768172,0.3333333333333333
2022-08-01,2022-10-31,Zip Code: 98109,Single Family Residential,1498000.0,1470000.0,678.6941580756014,17.0,31.0,14.0,1.0272511908318147,0.588235294117647
2019-11-01,2020-01-31,Zip Code: 98146,Townhouse,257000.0,322500.0,241.3145539906104,1.0,2.0,1.0,0.9809160305343512,0.0
2017-12-01,2018-02-28,Zip Code: 98177,Single Family Residential,710000.0,760000.0,378.03850283037286,56.0,42.0,11.0,1.0129038269479518,0.4107142857142857
2016-12-01,2017-02-28,Zip Code: 98178,All Residential,403500.0,419949.5,209.44444444444449,69.0,64.0,28.0,0.9831278720505514,0.2608695652173913
2019-01-01,2019-03-31,Zip Code: 98146,Single Family Residential,462000.0,527450.0,306.7563459492324,46.0,66.0,41.0,0.9718893749095308,0.1739130434782608
2022-09-01,2022-11-30,Zip Code: 98119,All Residential,900000.0,995000.0,592.4764890282132,81.0,95.0,39.0,0.9872037204260596,0.2469135802469135
2012-06-01,2012-08-31,Zip Code: 98109,All Residential,389500.0,435000.0,306.59820647099247,102.0,91.0,66.0,0.9850745482085344,0.2941176470588235
2014-02-01,2014-04-30,Zip Code: 98115,Multi-Family (2-4 Unit),598250.0,440000.0,179.35317977690858,4.0,1.0,,0.974738146230524,0.25
2021-06-01,2021-08-31,Zip Code: 98133,All Residential,667500.0,685000.0,428.5857104772061,264.0,305.0,72.0,1.04225285647709,0.5454545454545454
2022-01-01,2022-03-31,Zip Code: 98105,Single Family Residential,1332500.0,1380000.0,651.8549570320688,40.0,55.0,6.0,1.1280763973483754,0.65
2020-02-01,2020-04-30,Zip Code: 98178,Townhouse,480990.0,529990.0,287.4191616766467,9.0,9.0,7.0,0.9987132316033324,0.0
2017-03-01,2017-05-31,Zip Code: 98199,Single Family Residential,970000.0,925000.0,430.0,97.0,112.0,24.0,1.0595819326049696,0.6288659793814432
2013-02-01,2013-04-30,Zip Code: 98105,Condo/Co-op,250000.0,284450.0,284.4141069397042,17.0,8.0,3.0,0.9821368831788182,0.0588235294117647
2013-06-01,2013-08-31,Zip Code: 98146,All Residential,261000.0,299998.0,160.15625,97.0,148.0,100.0,1.0048932779000064,0.422680412371134
2013-11-01,2014-01-31,Zip Code: 98112,Townhouse,549000.0,594000.0,375.0355113636364,6.0,4.0,4.0,0.9991874142317654,0.1666666666666666
2014-07-01,2014-09-30,Zip Code: 98194,All Residential,677000.0,622500.0,500.0,1.0,2.0,,1.0415384615384615,1.0
2016-09-01,2016-11-30,Zip Code: 98109,All Residential,550000.0,699000.0,495.6268221574344,105.0,101.0,21.0,1.0181004179590505,0.438095238095238
2014-03-01,2014-05-31,Zip Code: 98106,Multi-Family (2-4 Unit),316600.0,,153.1614450348492,2.0,,,0.9590497030321976,0.0
2015-09-01,2015-11-30,Zip Code: 98122,Multi-Family (2-4 Unit),869000.0,1082500.0,306.09170009495574,6.0,4.0,2.0,0.9948346264951798,0.5
2017-01-01,2017-03-31,Zip Code: 98115,Townhouse,660000.0,654475.0,491.9571045576408,37.0,46.0,5.0,1.0245117281150262,0.3513513513513513
2018-01-01,2018-03-31,Zip Code: 98144,Single Family Residential,794975.0,790000.0,439.5029615116096,66.0,79.0,20.0,1.0309259395522858,0.4242424242424242
2012-11-01,2013-01-31,Zip Code: 98116,Single Family Residential,514500.0,495000.0,228.05764299451528,52.0,41.0,28.0,0.9796576511351304,0.25
2016-06-01,2016-08-31,Zip Code: 98146,Single Family Residential,410000.0,388900.0,236.16071428571428,119.0,141.0,44.0,1.0275219795896984,0.588235294117647
2019-06-01,2019-08-31,Zip Code: 98126,All Residential,625000.0,582000.0,380.55555555555554,139.0,148.0,78.0,1.0073599759819265,0.3453237410071942
2013-08-01,2013-10-31,Zip Code: 98115,Townhouse,394500.0,402475.0,284.67153284671525,19.0,18.0,4.0,0.9838143208756528,0.0526315789473684
2012-04-01,2012-06-30,Zip Code: 98125,Condo/Co-op,157000.0,155500.0,121.90812720848056,21.0,20.0,13.0,0.9796413146613044,0.3333333333333333
2013-03-01,2013-05-31,Zip Code: 98109,Townhouse,512000.0,499950.0,311.377245508982,9.0,15.0,5.0,0.9982137375597688,0.3333333333333333
2023-06-01,2023-08-31,Zip Code: 98199,Multi-Family (2-4 Unit),1624200.0,1609000.0,510.7547169811321,1.0,2.0,2.0,0.9048467966573815,0.0
2021-06-01,2021-08-31,Zip Code: 98109,Single Family Residential,1400000.0,1276000.0,578.4844384303112,37.0,28.0,10.0,1.0496949292728084,0.5135135135135134
2013-02-01,2013-04-30,Zip Code: 98109,Single Family Residential,712500.0,699500.0,315.8783783783784,23.0,36.0,11.0,1.026398341777197,0.5652173913043477
2012-03-01,2012-05-31,Zip Code: 98136,Condo/Co-op,160575.0,164950.0,184.5974495622383,6.0,4.0,3.0,0.9785814750715564,0.1666666666666666
2023-12-01,2024-02-29,Zip Code: 98108,Single Family Residential,728750.0,839990.0,454.15984706541406,24.0,31.0,14.0,1.0012748861553589,0.4166666666666666
2017-06-01,2017-08-31,Zip Code: 98199,Single Family Residential,948500.0,895000.0,439.52095808383234,111.0,119.0,27.0,1.0376189801511584,0.4774774774774774
2016-09-01,2016-11-30,Zip Code: 98115,All Residential,650250.0,649975.0,365.1918823909296,222.0,222.0,36.0,1.028822726130726,0.518018018018018
2013-11-01,2014-01-31,Zip Code: 98118,Single Family Residential,320000.0,349900.0,186.2735129639044,96.0,83.0,69.0,0.9922538721776856,0.28125
2012-02-01,2012-04-30,Zip Code: 98136,Townhouse,302500.0,250000.0,226.1059136059136,8.0,9.0,3.0,1.0044306516940409,0.5
2017-04-01,2017-06-30,Zip Code: 98125,All Residential,602500.0,569722.0,351.73175650898423,144.0,183.0,31.0,1.1102724515241007,0.8125
2020-07-01,2020-09-30,Zip Code: 98126,All Residential,656125.0,649900.0,398.5515797831069,174.0,230.0,80.0,1.0073522719140091,0.3505747126436781
2023-12-01,2024-02-29,Zip Code: 98122,Multi-Family (2-4 Unit),1415000.0,1040000.0,412.536443148688,1.0,3.0,1.0,0.9134925758553905,0.0
2012-04-01,2012-06-30,Zip Code: 98126,Townhouse,233990.0,245990.0,175.93233082706766,15.0,10.0,8.0,0.9878747579129612,0.2
2015-08-01,2015-10-31,Zip Code: 98136,Townhouse,438500.0,419950.0,319.7088116874213,12.0,9.0,1.0,1.018437130951677,0.75
2021-02-01,2021-04-30,Zip Code: 98177,Townhouse,619950.0,619950.0,376.6666666666666,5.0,3.0,1.0,1.0052451177566062,0.2
2014-03-01,2014-05-31,Zip Code: 98177,Single Family Residential,500750.0,567000.0,240.41347381864625,64.0,106.0,54.0,1.0074419487552189,0.484375
2021-03-01,2021-05-31,Zip Code: 98107,Condo/Co-op,470000.0,474000.0,579.0190735694823,67.0,52.0,9.0,0.9954295160454342,0.1492537313432835
2018-10-01,2018-12-31,Zip Code: 98112,Multi-Family (2-4 Unit),1900000.0,1900000.0,702.7027027027027,3.0,1.0,,0.9336002669336004,0.0
2013-06-01,2013-08-31,Zip Code: 98109,Single Family Residential,775000.0,753750.0,336.0826359832636,30.0,36.0,13.0,1.0305461973523944,0.5999999999999999
2022-10-01,2022-12-31,Zip Code: 98146,Multi-Family (2-4 Unit),685000.0,600000.0,320.4719387755102,3.0,2.0,2.0,0.925475687103594,0.0
2017-12-01,2018-02-28,Zip Code: 98126,Multi-Family (2-4 Unit),1180000.0,1165000.0,655.9199555308504,1.0,2.0,,1.0,0.0
2014-01-01,2014-03-31,Zip Code: 98126,Townhouse,320495.0,319000.0,217.56309563718213,20.0,27.0,11.0,1.0030170385805637,0.25
2016-06-01,2016-08-31,Zip Code: 98125,Multi-Family (2-4 Unit),679000.0,799980.0,191.80790960451972,1.0,1.0,,0.9713876967095852,0.0
2020-07-01,2020-09-30,Zip Code: 98106,Single Family Residential,587500.0,585000.0,384.0254837187353,102.0,121.0,43.0,1.0089610728810845,0.4313725490196078
2020-03-01,2020-05-31,Zip Code: 98112,Townhouse,864725.0,875000.0,590.3603326147213,12.0,17.0,7.0,0.9988965012867717,0.25
2020-08-01,2020-10-31,Zip Code: 98177,Condo/Co-op,612988.0,582000.0,368.3914510686165,7.0,6.0,1.0,0.990307310794525,0.1428571428571428
2021-05-01,2021-07-31,Zip Code: 98105,Single Family Residential,1211007.0,1150000.0,560.2678571428571,97.0,97.0,18.0,1.068676600469016,0.5670103092783505
2017-04-01,2017-06-30,Zip Code: 98146,Townhouse,251000.0,244925.0,208.9009483823901,6.0,8.0,5.0,1.029097678512086,0.5
2016-04-01,2016-06-30,Zip Code: 98105,Townhouse,584900.0,629000.0,473.2200647249191,9.0,7.0,2.0,1.03095619443498,0.2222222222222222
2019-04-01,2019-06-30,Zip Code: 98199,Townhouse,719000.0,707425.0,503.3783783783784,17.0,20.0,9.0,1.0029720240553377,0.2352941176470588
2012-09-01,2012-11-30,Zip Code: 98146,Single Family Residential,247000.0,285000.0,145.83333333333334,75.0,75.0,66.0,0.9815618434740888,0.2266666666666666
2023-03-01,2023-05-31,Zip Code: 98146,Townhouse,452500.0,599900.0,627.3854961832061,2.0,3.0,1.0,1.0076135754593087,0.5
2017-09-01,2017-11-30,Zip Code: 98105,All Residential,894950.0,875000.0,510.204081632653,103.0,99.0,16.0,1.040027381207923,0.5145631067961165
2012-07-01,2012-09-30,Zip Code: 98146,Townhouse,93450.0,,97.9705794451672,2.0,,,0.9627659574468084,0.0
2019-10-01,2019-12-31,Zip Code: 98107,Single Family Residential,912000.0,864475.0,488.8429752066116,51.0,22.0,2.0,0.996552225071684,0.2549019607843137
2023-03-01,2023-05-31,Zip Code: 98109,Townhouse,1349000.0,1272000.0,669.4055099081681,23.0,12.0,7.0,0.9894244124473924,0.0869565217391304
2022-11-01,2023-01-31,Zip Code: 98109,All Residential,890000.0,899950.0,620.12987012987,63.0,59.0,44.0,0.967185057568192,0.0952380952380952
2021-12-01,2022-02-28,Zip Code: 98133,Townhouse,600000.0,744995.0,485.30227398779806,35.0,46.0,17.0,1.0194351313395282,0.3142857142857142
2019-12-01,2020-02-29,Zip Code: 98108,Townhouse,543750.0,541500.0,438.266981007905,8.0,16.0,8.0,0.9908736798070628,0.0
2016-03-01,2016-05-31,Zip Code: 98146,Condo/Co-op,178000.0,167500.0,154.7826086956522,5.0,6.0,5.0,1.0070338123817657,0.4
2022-03-01,2022-05-31,Zip Code: 98112,Condo/Co-op,715500.0,659999.0,790.3780068728522,21.0,25.0,4.0,1.0334078354859078,0.5714285714285714
2015-07-01,2015-09-30,Zip Code: 98146,Condo/Co-op,249000.0,261500.0,271.07710952154486,6.0,10.0,2.0,1.0269676885890215,0.6666666666666666
2023-04-01,2023-06-30,Zip Code: 98109,Condo/Co-op,505000.0,581975.0,594.3333333333334,39.0,54.0,38.0,0.987369373272649,0.1282051282051281
